pct_total,game_mode,win_value_underdog,blind_combo_0,blind_combo_1,level_0,level_1,lognormal,pct_high_mean,high_low_ratio_mean,high_low_ratio_variance,mean_variance_ratio,pct_high_sigma,0,1,2,3,4,5,6,7,8,9,10,11,12,13,14,15,16,17,18,19,20,21,22,23,24,25,26,27,28,29,30,31,32,33,34,35,36,37,38,39,40,41,42,43,44,45,46,47,48,49,50,51,52,53,54,55,56,57,58,59,60,61,62,63,64,65,66,67,68,69,70,71,72,73,74,75,76,77,78,79,80,81,82,83,84,85,86,87,88,89,90,91,92,93,94,95,96,97,98,99,100,101,102,103,104,105,106,107,108,109,110,111,112,113,114,115,116,117,118,119,120,121,122,123,124,125,126,127,128,129,130,131,132,133,134,135,136,137,138,139,140,141,142,143,144,145,146,147,148,149,150,151,152,153,154,155,156,157,158,159,160,161,162,163,164,165,166,167,168,169,170,171,172,173,174,175,176,177,178,179,180,181,182,183,184,185,186,187,188,189,190,191,192,193,194,195,196,197,198,199,200,mean,std
1.01,top_k,0.05,False,False,100,100,normal,0.3,2.0,1.6,0.5,0.1,0.0630362189530028,0.07177549457394275,0.08051477019488269,0.08925404581582264,0.09799332143676258,0.10673259705770252,0.11547187267864246,0.12421114829958241,0.13295042392052236,0.1416896995414623,0.15042897516240222,0.15916825078334218,0.16790752640428214,0.17664680202522207,0.185386077646162,0.19412535326710195,0.2028646288880419,0.21160390450898187,0.22034318012992177,0.22908245575086172,0.23782173137180168,0.24656100699274164,0.25530028261368154,0.2640395582346215,0.27277883385556145,0.2815181094765014,0.2902573850974413,0.29899666071838127,0.3077359363393212,0.3164752119602612,0.3252144875812011,0.33395376320214104,0.342693038823081,0.35143231444402095,0.3601715900649609,0.3689108656859008,0.37765014130684077,0.3863894169277807,0.39512869254872063,0.4038679681696606,0.41260724379060054,0.4213465194115405,0.43008579503248046,0.43882507065342036,0.4475643462743603,0.45630362189530027,0.4650428975162402,0.47378217313718013,0.4825214487581201,0.49126072437906004,0.5,0.5087392756209399,0.5174785512418798,0.5262178268628198,0.5349571024837597,0.5436963781046996,0.5524356537256396,0.5611749293465795,0.5699142049675195,0.5786534805884594,0.5873927562093993,0.5961320318303394,0.6048713074512793,0.6136105830722193,0.6223498586931592,0.6310891343140991,0.6398284099350391,0.648567685555979,0.657306961176919,0.6660462367978589,0.6747855124187988,0.6835247880397388,0.6922640636606787,0.7010033392816186,0.7097426149025586,0.7184818905234985,0.7272211661444384,0.7359604417653784,0.7446997173863183,0.7534389930072584,0.7621782686281983,0.7709175442491382,0.7796568198700782,0.7883960954910181,0.7971353711119581,0.805874646732898,0.8146139223538379,0.8233531979747779,0.8320924735957178,0.8408317492166577,0.8495710248375977,0.8583103004585376,0.8670495760794775,0.8757888517004175,0.8845281273213574,0.8932674029422975,0.9020066785632374,0.9107459541841773,0.9194852298051173,0.9282245054260572,0.9369637810469972,0.011442595969898545,0.0,0.0,0.0,0.0,0.0,0.0,0.0,0.011442595969898564,0.0,0.0,0.011442595969898526,0.011442595969898564,0.022885191939797128,0.011442595969898526,0.03432778790969558,0.0,0.034327787909695796,0.05721297984949264,0.045770383879594104,0.11442595969898528,0.114425959698986,0.11442595969898528,0.19452413148827497,0.27462230327756465,0.3661630710367552,0.38904826297654993,0.5835723944648249,0.8009817178928968,0.7780965259531049,1.018391041320969,1.0756040211704616,1.4303244962373158,1.498980072056707,1.544750455936311,1.8880283350332572,1.8079301632439675,2.6089118811368808,2.540256305317473,2.7233378408358493,2.975074952173617,2.8377638005348347,3.375565811120087,3.089500911872602,3.5815325385782386,3.5929751345481606,3.8675974378257023,3.879040033795601,3.7646140740966154,4.130777145133369,4.130777145133394,3.7646140740966394,3.8790400337955764,3.8675974378257267,3.5929751345481606,3.5815325385782164,3.089500911872622,3.3755658111200444,2.8377638005348524,2.975074952173636,2.7233378408358324,2.540256305317489,2.6089118811368475,1.8079301632439786,1.8880283350332692,1.5447504559362912,1.4989800720567166,1.4303244962373067,1.0756040211704683,1.0183910413209754,0.7780965259530949,0.800981717892902,0.5835723944648287,0.38904826297654743,0.3661630710367552,0.27462230327756637,0.19452413148827372,0.114425959698986,0.11442595969898454,0.114425959698986,0.0457703838795944,0.05721297984949227,0.034327787909695796,0.0,0.034327787909695796,0.0114425959698986,0.02288519193979691,0.0114425959698986,0.0114425959698986,0.0,0.0,0.0114425959698986,0.0,0.0,0.0,0.0,0.0,0.0,0.0,0.011442595969898455,0.5,0.09746694173167596
1.01,top_k,0.05,False,False,100,100,normal,0.3,2.0,1.6,0.5,0.2,0.17694547402559374,0.18340656454508186,0.18986765506456998,0.1963287455840581,0.20278983610354623,0.20925092662303435,0.21571201714252247,0.22217310766201062,0.22863419818149874,0.23509528870098687,0.241556379220475,0.2480174697399631,0.25447856025945126,0.2609396507789393,0.2674007412984275,0.2738618318179156,0.28032292233740375,0.28678401285689187,0.29324510337638,0.2997061938958681,0.30616728441535623,0.31262837493484436,0.3190894654543325,0.3255505559738206,0.3320116464933087,0.33847273701279684,0.34493382753228496,0.35139491805177314,0.3578560085712612,0.3643170990907494,0.37077818961023745,0.37723928012972563,0.3837003706492137,0.3901614611687019,0.39662255168818994,0.4030836422076781,0.4095447327271662,0.41600582324665436,0.4224669137661425,0.4289280042856306,0.4353890948051187,0.44185018532460685,0.44831127584409497,0.4547723663635831,0.4612334568830712,0.46769454740255934,0.47415563792204746,0.4806167284415356,0.4870778189610237,0.4935389094805118,0.49999999999999994,0.5064610905194881,0.5129221810389761,0.5193832715584643,0.5258443620779525,0.5323054525974407,0.5387665431169287,0.5452276336364168,0.551688724155905,0.5581498146753932,0.5646109051948812,0.5710719957143693,0.5775330862338575,0.5839941767533456,0.5904552672728337,0.5969163577923218,0.60337744831181,0.6098385388312981,0.6162996293507862,0.6227607198702743,0.6292218103897624,0.6356829009092506,0.6421439914287387,0.6486050819482267,0.6550661724677149,0.6615272629872031,0.6679883535066913,0.6744494440261793,0.6809105345456674,0.6873716250651556,0.6938327155846438,0.7002938061041317,0.7067548966236199,0.7132159871431081,0.7196770776625963,0.7261381681820842,0.7325992587015724,0.7390603492210606,0.7455214397405487,0.7519825302600369,0.7584436207795249,0.764904711299013,0.7713658018185012,0.7778268923379894,0.7842879828574774,0.7907490733769655,0.7972101638964537,0.8036712544159419,0.8101323449354298,0.816593435454918,0.8230545259744062,0.015477263427648507,0.0,0.0,0.0,0.0,0.0,0.0,0.015477263427648507,0.030954526855297013,0.04643179028294552,0.015477263427648507,0.0773863171382422,0.06190905371059456,0.030954526855296746,0.030954526855297013,0.06190905371059403,0.15477263427648508,0.09286358056589104,0.21668168798707912,0.1857271611317821,0.17024989770413357,0.30954526855297015,0.47979516625710367,0.4178861125465097,0.4178861125465097,0.6500450639612373,0.6036132736782865,1.114362966790702,1.067931176507738,1.1762720205012966,1.4084309719160022,1.547726342764864,1.5632036061924857,1.9965669821666747,2.290634987291959,2.7394756266938094,2.7859074169767073,3.0644981586744047,3.312134373516781,4.085997544899206,3.4978615346485626,3.9621794374780177,4.256247442603339,4.225292915748042,4.87533797970928,4.751519872288092,4.4884063940180665,5.092019667696358,5.540860307098166,4.45745186716277,4.45745186716277,5.540860307098213,5.092019667696315,4.488406394018028,4.751519872288051,4.875337979709322,4.225292915748079,4.256247442603303,3.9621794374779835,3.4978615346485924,4.085997544899241,3.3121343735167517,3.064498158674378,2.7859074169767553,2.7394756266938094,2.290634987291959,1.99656698216664,1.5632036061925125,1.547726342764864,1.4084309719160022,1.1762720205012764,1.0679311765077562,1.114362966790702,0.6036132736782865,0.6500450639612317,0.41788611254650604,0.41788611254651326,0.47979516625710783,0.3095452685529675,0.1702498977041321,0.18572716113178686,0.21668168798707724,0.09286358056589024,0.15477263427648374,0.061909053710595616,0.030954526855296746,0.030954526855296746,0.06190905371059349,0.07738631713824187,0.015477263427648904,0.04643179028294512,0.030954526855296746,0.015477263427648373,0.0,0.0,0.0,0.0,0.0,0.0,0.015477263427648373,0.5,0.07807288218406522
1.01,top_k,0.05,False,False,100,100,normal,0.3,2.0,1.6,0.5,0.3,0.225523786636632,0.23101331090389937,0.23650283517116671,0.24199235943843408,0.24748188370570143,0.2529714079729688,0.25846093224023614,0.26395045650750354,0.2694399807747709,0.2749295050420382,0.2804190293093056,0.28590855357657297,0.2913980778438403,0.29688760211110765,0.30237712637837505,0.3078666506456424,0.31335617491290974,0.31884569918017713,0.3243352234474445,0.3298247477147118,0.33531427198197916,0.34080379624924656,0.3462933205165139,0.3517828447837813,0.35727236905104864,0.362761893318316,0.36825141758558333,0.37374094185285067,0.37923046612011807,0.3847199903873854,0.3902095146546528,0.39569903892192015,0.4011885631891875,0.40667808745645484,0.4121676117237222,0.4176571359909896,0.4231466602582569,0.4286361845255243,0.43412570879279166,0.439615233060059,0.44510475732732635,0.4505942815945937,0.4560838058618611,0.4615733301291285,0.46706285439639583,0.4725523786636632,0.4780419029309305,0.48353142719819786,0.4890209514654652,0.49451047573273266,0.5,0.5054895242672673,0.5109790485345347,0.516468572801802,0.5219580970690694,0.5274476213363367,0.5329371456036042,0.5384266698708715,0.5439161941381389,0.5494057184054062,0.5548952426726735,0.5603847669399409,0.5658742912072082,0.5713638154744757,0.576853339741743,0.5823428640090104,0.5878323882762777,0.593321912543545,0.5988114368108124,0.6043009610780797,0.6097904853453472,0.6152800096126145,0.6207695338798819,0.6262590581471492,0.6317485824144166,0.6372381066816839,0.6427276309489514,0.6482171552162187,0.653706679483486,0.6591962037507534,0.6646857280180207,0.6701752522852881,0.6756647765525554,0.6811543008198229,0.6866438250870902,0.6921333493543576,0.6976228736216249,0.7031123978888922,0.7086019221561596,0.7140914464234269,0.7195809706906944,0.7250704949579617,0.7305600192252291,0.7360495434924964,0.7415390677597637,0.7470285920270311,0.7525181162942984,0.7580076405615658,0.7634971648288332,0.7689866890961006,0.7744762133633679,0.01821651478913654,0.018216514789136638,0.01821651478913654,0.0,0.03643302957827308,0.018216514789136638,0.0,0.036433029578273275,0.05464954436740991,0.10929908873481871,0.10929908873481982,0.21859817746963964,0.12751560352395644,0.09108257394568225,0.12751560352395644,0.32789726620445947,0.1821651478913645,0.400763325361006,0.47362938451755254,0.49184589930668915,0.56471195846323,0.7286605915654655,0.5282789288849571,0.8926092246676952,1.1112074021373348,1.1112074021373348,1.402671638763521,1.4391046683417796,1.4391046683417943,1.8945175380701909,2.0766826859615763,2.3134973782203527,2.5320955556899922,2.6231781296356758,2.7689102479487406,2.805343277527042,3.206106602888015,3.3700552359902773,3.989416738820923,4.299097490236246,3.8983341648752403,4.46304612333843,4.608778241651522,4.572345212073295,4.991325052223438,4.353747034603655,5.027758081801712,4.699860815597252,5.009541567012473,5.501387466319264,5.501387466319264,5.009541567012574,4.699860815597252,5.027758081801712,4.353747034603655,4.991325052223337,4.572345212073295,4.608778241651568,4.463046123338476,3.8983341648752403,4.299097490236246,3.989416738820923,3.37005523599021,3.206106602888048,2.805343277527042,2.7689102479487686,2.6231781296356758,2.5320955556899922,2.3134973782203527,2.076682685961534,1.8945175380702102,1.4391046683417943,1.4391046683417943,1.402671638763521,1.1112074021373348,1.1112074021373122,0.8926092246676952,0.5282789288849624,0.7286605915654655,0.5647119584632357,0.49184589930668915,0.47362938451755254,0.40076332536099785,0.18216514789136637,0.32789726620445947,0.12751560352395644,0.09108257394568318,0.12751560352395644,0.21859817746963964,0.10929908873481761,0.10929908873481982,0.05464954436740991,0.036433029578273275,0.0,0.018216514789136638,0.036433029578273275,0.0,0.018216514789136266,0.018216514789136638,0.018216514789136638,0.5,0.07683928824246353
1.01,top_k,0.05,False,False,100,100,normal,0.3,2.0,1.6,0.5,0.4,0.15701374739640364,0.16387347244847555,0.1707331975005475,0.1775929225526194,0.18445264760469135,0.19131237265676326,0.1981720977088352,0.20503182276090712,0.21189154781297906,0.21875127286505097,0.2256109979171229,0.23247072296919483,0.23933044802126674,0.24619017307333868,0.2530498981254106,0.25990962317748256,0.26676934822955445,0.2736290732816264,0.28048879833369833,0.2873485233857702,0.29420824843784216,0.3010679734899141,0.307927698541986,0.314787423594058,0.32164714864612987,0.3285068736982018,0.33536659875027375,0.34222632380234563,0.3490860488544176,0.3559457739064895,0.3628054989585614,0.3696652240106334,0.3765249490627053,0.38338467411477717,0.39024439916684917,0.39710412421892105,0.403963849270993,0.41082357432306493,0.4176832993751368,0.4245430244272088,0.4314027494792807,0.4382624745313526,0.4451221995834246,0.45198192463549647,0.45884164968756835,0.46570137473964035,0.47256109979171224,0.47942082484378423,0.4862805498958561,0.493140274947928,0.5,0.5068597250520719,0.5137194501041438,0.5205791751562158,0.5274389002082877,0.5342986252603595,0.5411583503124315,0.5480180753645034,0.5548778004165754,0.5617375254686473,0.5685972505207192,0.5754569755727912,0.5823167006248631,0.589176425676935,0.596036150729007,0.6028958757810788,0.6097556008331507,0.6166153258852227,0.6234750509372946,0.6303347759893666,0.6371945010414385,0.6440542260935104,0.6509139511455824,0.6577736761976543,0.6646334012497261,0.6714931263017981,0.67835285135387,0.6852125764059419,0.6920723014580139,0.6989320265100858,0.7057917515621577,0.7126514766142297,0.7195112016663016,0.7263709267183734,0.7332306517704454,0.7400903768225173,0.7469501018745893,0.7538098269266612,0.7606695519787331,0.7675292770308051,0.774389002082877,0.7812487271349489,0.7881084521870209,0.7949681772390927,0.8018279022911647,0.8086876273432366,0.8155473523953085,0.8224070774473805,0.8292668024994524,0.8361265275515243,0.8429862526035963,0.014577843753343433,0.0,0.0,0.0,0.0,0.0,0.0,0.014577843753343374,0.0,0.0,0.014577843753343433,0.043733531260030295,0.029155687506686748,0.014577843753343374,0.029155687506686748,0.043733531260030475,0.029155687506686748,0.058311375013373495,0.043733531260030475,0.16035628128677712,0.11662275002674699,0.08746706252006095,0.18951196879346233,0.24782334380683937,0.30613471882021087,0.45191315635364465,0.45191315635364826,0.4227574688469578,0.583113750133735,0.8017814064338921,0.8017814064338792,1.2828502502942274,1.3411616253076013,1.9096975316879667,1.7347634066478756,2.0992095004814457,2.3761885317949702,2.7989460006419504,3.1050807194621135,3.192547781982225,3.892284282142713,4.0963740946894545,4.650332157316574,4.285886063482987,4.694065688576529,4.679487844823261,5.073089626163453,5.466691407503809,5.320912969970375,5.933182407610706,5.9331824076108015,5.320912969970375,5.466691407503721,5.073089626163536,4.679487844823261,4.694065688576529,4.285886063482987,4.650332157316499,4.096374094689522,3.892284282142713,3.192547781982173,3.105080719462164,2.7989460006419504,2.3761885317949507,2.099209500481463,1.7347634066478756,1.9096975316879667,1.3411616253076013,1.2828502502942065,0.8017814064338921,0.8017814064338921,0.5831137501337302,0.42275746884696125,0.45191315635364826,0.451913156353641,0.30613471882021337,0.24782334380683937,0.18951196879346233,0.08746706252006095,0.11662275002674793,0.16035628128677581,0.043733531260030475,0.05831137501337397,0.029155687506686512,0.043733531260030475,0.029155687506686512,0.014577843753343492,0.029155687506686984,0.04373353126002977,0.014577843753343492,0.0,0.0,0.014577843753343492,0.0,0.0,0.0,0.0,0.0,0.0,0.014577843753343256,0.5,0.07279944405470135
1.01,top_k,0.05,False,False,100,100,normal,0.3,2.0,1.6,0.75,0.1,0.25654122677507224,0.2614104022395708,0.26627957770406935,0.2711487531685679,0.27601792863306646,0.280887104097565,0.28575627956206356,0.2906254550265621,0.2954946304910607,0.3003638059555592,0.3052329814200578,0.31010215688455633,0.3149713323490549,0.31984050781355344,0.32470968327805205,0.32957885874255055,0.33444803420704916,0.33931720967154766,0.34418638513604627,0.34905556060054477,0.3539247360650434,0.35879391152954193,0.3636630869940405,0.36853226245853904,0.3734014379230376,0.37827061338753615,0.3831397888520347,0.38800896431653326,0.3928781397810318,0.39774731524553036,0.4026164907100289,0.40748566617452747,0.412354841639026,0.4172240171035246,0.42209319256802313,0.4269623680325217,0.43183154349702024,0.4367007189615188,0.44156989442601735,0.4464390698905159,0.45130824535501446,0.45617742081951307,0.46104659628401157,0.4659157717485102,0.4707849472130087,0.4756541226775073,0.4805232981420058,0.4853924736065044,0.4902616490710029,0.4951308245355015,0.5,0.5048691754644986,0.5097383509289972,0.5146075263934957,0.5194767018579942,0.5243458773224928,0.5292150527869914,0.5340842282514899,0.5389534037159884,0.543822579180487,0.5486917546449857,0.5535609301094842,0.5584301055739826,0.5632992810384813,0.5681684565029799,0.5730376319674784,0.5779068074319769,0.5827759828964755,0.5876451583609741,0.5925143338254726,0.5973835092899711,0.6022526847544697,0.6071218602189683,0.6119910356834668,0.6168602111479653,0.6217293866124639,0.6265985620769625,0.631467737541461,0.6363369130059595,0.6412060884704581,0.6460752639349567,0.6509444393994552,0.6558136148639538,0.6606827903284525,0.665551965792951,0.6704211412574494,0.6752903167219481,0.6801594921864467,0.6850286676509452,0.6898978431154437,0.6947670185799423,0.6996361940444409,0.7045053695089394,0.7093745449734379,0.7142437204379365,0.7191128959024351,0.7239820713669336,0.7288512468314321,0.7337204222959307,0.7385895977604293,0.7434587732249278,0.020537358065879103,0.0,0.020537358065879103,0.041074716131758206,0.041074716131758206,0.020537358065879103,0.041074716131758206,0.06161207419763731,0.020537358065879103,0.041074716131758206,0.12322414839527462,0.041074716131758206,0.20537358065879102,0.10268679032939433,0.20537358065879335,0.28752301292230414,0.20537358065879335,0.32859772905406187,0.36967244518582804,0.39020980325169846,0.5750460258446148,0.6777328161740104,0.8625690387669223,0.7804196065034059,1.1911667678209878,1.2938535581503834,1.437615064611537,1.868899583994998,1.6429886452703282,1.992123732390273,2.0948105227196683,2.4850203259713712,2.5260950421031296,2.649319190498404,2.7520059808277995,3.635112377660601,3.2859772905406563,3.5735003034629633,4.312845193834612,4.251233119636974,4.72359235515214,5.278101022930989,5.195951590667353,5.5656240358533,5.524549319721415,5.360250455194507,6.0790579875001445,6.20228213589556,6.284431568158933,6.017445913302645,6.017445913302509,6.284431568158933,6.20228213589556,6.079057987500283,5.360250455194384,5.524549319721415,5.5656240358533,5.195951590667472,5.278101022930869,4.72359235515214,4.251233119637022,4.312845193834661,3.5735003034629225,3.2859772905406186,3.635112377660642,2.752005980827831,2.6493191904983737,2.5260950421031008,2.4850203259713997,2.0948105227196923,1.99212373239025,1.6429886452703093,1.8688995839950195,1.4376150646115535,1.2938535581503685,1.1911667678209743,0.7804196065034147,0.8625690387669321,0.6777328161740026,0.5750460258446083,0.39020980325170734,0.3696724451858196,0.32859772905406187,0.20537358065879335,0.2875230129223107,0.20537358065878866,0.10268679032939433,0.20537358065879335,0.04107471613175867,0.12322414839527321,0.041074716131757734,0.020537358065879335,0.061612074197638006,0.041074716131757734,0.020537358065878867,0.04107471613175867,0.04107471613175867,0.020537358065878867,0.0,0.020537358065879335,0.5,0.06596167914843376
1.01,top_k,0.05,False,False,100,100,normal,0.3,2.0,1.6,0.75,0.2,0.2257974183365237,0.23128146996979324,0.23676552160306275,0.24224957323633228,0.2477336248696018,0.2532176765028713,0.25870172813614084,0.2641857797694104,0.2696698314026799,0.27515388303594945,0.28063793466921894,0.2861219863024885,0.291606037935758,0.29709008956902755,0.3025741412022971,0.30805819283556657,0.3135422444688361,0.31902629610210564,0.3245103477353752,0.3299943993686447,0.3354784510019142,0.34096250263518374,0.3464465542684533,0.3519306059017228,0.35741465753499235,0.36289870916826183,0.3683827608015314,0.3738668124348009,0.37935086406807045,0.38483491570134,0.39031896733460947,0.395803018967879,0.40128707060114854,0.4067711222344181,0.4122551738676876,0.4177392255009571,0.42322327713422664,0.4287073287674962,0.4341913804007657,0.43967543203403525,0.44515948366730473,0.45064353530057427,0.4561275869338438,0.46161163856711335,0.4670956902003829,0.47257974183365237,0.47806379346692196,0.48354784510019144,0.4890318967334609,0.4945159483667305,0.5,0.5054840516332696,0.5109681032665391,0.5164521548998086,0.5219362065330782,0.5274202581663476,0.5329043097996172,0.5383883614328867,0.5438724130661562,0.5493564646994258,0.5548405163326953,0.5603245679659649,0.5658086195992343,0.5712926712325038,0.5767767228657734,0.5822607744990429,0.5877448261323125,0.593228877765582,0.5987129293988515,0.604196981032121,0.6096810326653905,0.6151650842986601,0.6206491359319296,0.6261331875651991,0.6316172391984687,0.6371012908317382,0.6425853424650078,0.6480693940982772,0.6535534457315467,0.6590374973648163,0.6645215489980858,0.6700056006313554,0.6754896522646249,0.6809737038978944,0.686457755531164,0.6919418071644334,0.697425858797703,0.7029099104309725,0.708393962064242,0.7138780136975116,0.7193620653307811,0.7248461169640507,0.7303301685973201,0.7358142202305896,0.7412982718638591,0.7467823234971287,0.7522663751303982,0.7577504267636678,0.7632344783969373,0.7687185300302067,0.7742025816634763,0.018234693377673576,0.0,0.0,0.0,0.0,0.0,0.03646938675534715,0.018234693377673576,0.0,0.03646938675534752,0.0,0.03646938675534715,0.03646938675534715,0.0729387735106943,0.03646938675534752,0.12764285364371503,0.10940816026604146,0.21881632053208291,0.18234693377673578,0.16411224039906386,0.3829285609311451,0.4923367211971866,0.41939794768649225,0.45586733444183936,0.9664387490167093,0.8570305887506582,0.9482040556390261,0.9299693622613524,1.2764285364371504,1.3493673099478583,1.677591790745969,1.7505305642566633,1.951112191411073,2.133459125187809,2.4981529927413053,2.9904897139384667,3.2457754212258965,3.5557652086463474,3.847520302689125,4.285152943753334,4.321622330508638,4.376326410641658,4.558673344418394,5.7439284139671765,5.725693720589561,5.743928413967118,5.360999853036086,5.780397800722582,6.5462549225847475,5.908040654366299,5.908040654366179,6.54625492258488,5.780397800722582,5.3609998530359775,5.743928413967234,5.725693720589445,5.743928413967234,4.55867334441844,4.376326410641615,4.321622330508681,4.285152943753247,3.8475203026891633,3.555765208646384,3.245775421225864,2.990489713938497,2.4981529927412547,2.13345912518783,1.9511121914110925,1.7505305642566455,1.677591790745986,1.349367309947831,1.2764285364371633,0.9299693622613618,0.9482040556390164,0.8570305887506667,0.9664387490166897,0.455867334441844,0.4193979476864965,0.4923367211971816,0.38292856093114896,0.16411224039906053,0.1823469337767376,0.21881632053208513,0.10940816026604035,0.12764285364371633,0.036469386755346785,0.07293877351069504,0.03646938675534752,0.036469386755346785,0.0,0.036469386755346785,0.0,0.01823469337767376,0.03646938675534752,0.0,0.0,0.0,0.0,0.0,0.018234693377673392,0.5,0.06632693507937061
1.01,top_k,0.05,False,False,100,100,normal,0.3,2.0,1.6,0.75,0.3,0.2529542371997562,0.25789515245576106,0.26283606771176593,0.2677769829677708,0.2727178982237757,0.27765881347978055,0.2825997287357854,0.2875406439917903,0.2924815592477952,0.29742247450380005,0.3023633897598049,0.30730430501580985,0.31224522027181467,0.3171861355278196,0.3221270507838245,0.32706796603982935,0.3320088812958342,0.3369497965518391,0.34189071180784397,0.34683162706384885,0.3517725423198537,0.3567134575758586,0.36165437283186347,0.36659528808786834,0.3715362033438732,0.3764771185998781,0.38141803385588297,0.38635894911188784,0.39129986436789277,0.3962407796238976,0.4011816948799025,0.40612261013590734,0.41106352539191227,0.4160044406479171,0.420945355903922,0.42588627115992683,0.43082718641593176,0.4357681016719366,0.4407090169279415,0.4456499321839464,0.45059084743995126,0.45553176269595613,0.460472677951961,0.4654135932079659,0.47035450846397076,0.47529542371997563,0.4802363389759805,0.4851772542319854,0.49011816948799025,0.4950590847439952,0.5,0.5049409152560049,0.5098818305120097,0.5148227457680146,0.5197636610240195,0.5247045762800244,0.5296454915360294,0.5345864067920342,0.539527322048039,0.5444682373040439,0.5494091525600489,0.5543500678160537,0.5592909830720585,0.5642318983280634,0.5691728135840683,0.5741137288400732,0.579054644096078,0.5839955593520829,0.5889364746080878,0.5938773898640927,0.5988183051200975,0.6037592203761024,0.6087001356321073,0.6136410508881122,0.618581966144117,0.6235228814001219,0.6284637966561268,0.6334047119121318,0.6383456271681366,0.6432865424241414,0.6482274576801463,0.6531683729361513,0.6581092881921561,0.6630502034481609,0.6679911187041658,0.6729320339601708,0.6778729492161756,0.6828138644721804,0.6877547797281853,0.6926956949841903,0.6976366102401951,0.7025775254961999,0.7075184407522048,0.7124593560082098,0.7174002712642146,0.7223411865202194,0.7272821017762243,0.7322230170322293,0.7371639322882342,0.742104847544239,0.7470457628002438,0.020239165178651135,0.0,0.0,0.0,0.020239165178651135,0.0,0.0,0.04047833035730227,0.04047833035730227,0.04047833035730227,0.04047833035730181,0.1011958258932568,0.060717495535952716,0.10119582589325567,0.26310914732246476,0.14167415625055793,0.2428699821438136,0.4452616339303249,0.4452616339303249,0.5059791294662783,0.5869357901808828,0.6881316160741385,0.7286099464314407,0.9512407633966034,1.2953065714336727,1.2953065714336727,1.2345890758977192,1.4167415625055635,1.7810465357213197,2.0036773526864398,2.2263081696516496,2.3072648303662033,2.833483125011191,3.1775489330481923,3.3597014196561257,2.995396446440334,3.6228105669785937,4.047833035730181,4.351420513409994,4.331181348231342,4.412138008945947,4.695486321447063,5.4038571026998525,5.505052928593108,4.999073799126831,5.505052928593108,5.586009589307713,5.4038571026998525,6.213423709845828,5.727683745558335,5.727683745558206,6.2134237098459675,5.403857102699913,5.5860095893076505,5.505052928593047,4.999073799126774,5.50505292859317,5.403857102699913,4.69548632144701,4.412138008945897,4.331181348231391,4.3514205134100425,4.047833035730181,3.6228105669785124,2.9953964464404015,3.3597014196561257,3.1775489330481923,2.833483125011127,2.307264830366255,2.2263081696516496,2.0036773526864398,1.7810465357212797,1.4167415625055955,1.234589075897733,1.295306571433658,1.295306571433658,0.9512407633965926,0.7286099464314489,0.6881316160741463,0.5869357901808763,0.5059791294662727,0.4452616339303299,0.4452616339303299,0.24286998214381086,0.14167415625055635,0.2631091473224677,0.1011958258932568,0.060717495535952716,0.10119582589325453,0.04047833035730272,0.04047833035730272,0.04047833035730181,0.04047833035730181,0.0,0.0,0.020239165178650907,0.0,0.0,0.0,0.02023916517865136,0.5,0.06709045674236219
1.01,top_k,0.05,False,False,100,100,normal,0.3,2.0,1.6,0.75,0.4,0.28268538507783886,0.2870316773762821,0.2913779696747253,0.29572426197316853,0.3000705542716117,0.30441684657005497,0.3087631388684982,0.3131094311669414,0.31745572346538464,0.32180201576382783,0.3261483080622711,0.3304946003607143,0.3348408926591575,0.33918718495760075,0.343533477256044,0.3478797695544872,0.3522260618529304,0.3565723541513736,0.36091864644981686,0.36526493874826005,0.3696112310467033,0.37395752334514654,0.3783038156435897,0.38265010794203297,0.3869964002404762,0.3913426925389194,0.39568898483736265,0.4000352771358059,0.4043815694342491,0.40872786173269227,0.41307415403113557,0.41742044632957875,0.42176673862802194,0.4261130309264652,0.43045932322490843,0.4348056155233516,0.43915190782179486,0.4434982001202381,0.4478444924186813,0.45219078471712454,0.4565370770155678,0.46088336931401097,0.46522966161245416,0.4695759539108974,0.47392224620934065,0.47826853850778384,0.4826148308062271,0.4869611231046703,0.4913074154031135,0.49565370770155676,0.5,0.5043462922984432,0.5086925845968864,0.5130388768953297,0.5173851691937729,0.521731461492216,0.5260777537906594,0.5304240460891025,0.5347703383875457,0.5391166306859889,0.5434629229844322,0.5478092152828754,0.5521555075813187,0.5565017998797619,0.5608480921782051,0.5651943844766483,0.5695406767750915,0.5738869690735348,0.578233261371978,0.5825795536704212,0.5869258459688644,0.5912721382673076,0.5956184305657508,0.599964722864194,0.6043110151626373,0.6086573074610806,0.6130035997595238,0.617349892057967,0.6216961843564102,0.6260424766548534,0.6303887689532967,0.6347350612517398,0.6390813535501831,0.6434276458486263,0.6477739381470695,0.6521202304455127,0.6564665227439559,0.6608128150423992,0.6651591073408425,0.6695053996392857,0.6738516919377289,0.6781979842361721,0.6825442765346152,0.6868905688330585,0.6912368611315017,0.695583153429945,0.6999294457283882,0.7042757380268314,0.7086220303252746,0.7129683226237178,0.7173146149221611,0.023008116604540847,0.0,0.023008116604540847,0.04601623320908228,0.04601623320908169,0.023008116604540847,0.04601623320908228,0.023008116604540847,0.09203246641816457,0.11504058302270423,0.06902434981362254,0.04601623320908228,0.1380486996272451,0.20707304944086763,0.29910551585903483,0.16105681623178594,0.48317044869536396,0.6442272649271438,0.667235381531693,0.5752029151135212,0.6212191483226028,0.7592678479498576,0.9433327807861748,0.9203246641816338,1.334470763063386,1.7026006287360225,1.8866655615723495,1.7946330951542089,1.978698027990538,2.3928441268722174,2.5769090597086075,3.0370713917994303,2.99105515859031,3.0600795084039323,3.3361769076584658,4.049428522399189,3.8883717061674035,5.199834352626298,4.739672020535414,5.15381811941715,5.199834352626298,4.2795096884446515,5.613980451507967,5.775037267739752,6.304223949644272,6.189183366621488,6.442272649271437,6.511296999085142,6.051134666994242,6.580321348898682,6.580321348898766,6.05113466699432,6.511296999084976,6.442272649271519,6.189183366621567,6.304223949644111,5.775037267739826,5.613980451508038,4.2795096884446515,5.199834352626165,5.153818119417215,4.7396720205353535,5.199834352626298,3.8883717061674528,4.04942852239924,3.3361769076584658,3.0600795084038936,2.991055158590348,3.037071391799353,2.5769090597086075,2.3928441268722787,1.978698027990538,1.7946330951542089,1.8866655615723251,1.7026006287360007,1.334470763063386,0.9203246641816457,0.9433327807861868,0.7592678479498576,0.621219148322595,0.5752029151135285,0.667235381531676,0.6442272649271519,0.48317044869536396,0.16105681623178797,0.29910551585903483,0.20707304944086496,0.1380486996272433,0.04601623320908228,0.06902434981362342,0.11504058302270571,0.09203246641816457,0.02300811660454055,0.04601623320908228,0.02300811660454055,0.04601623320908228,0.04601623320908228,0.02300811660454114,0.0,0.02300811660454055,0.5,0.06099991132145173
1.01,top_k,0.05,False,False,100,100,normal,0.3,2.0,1.6,1.0,0.1,0.2692044649132679,0.2738203756150025,0.27843628631673717,0.2830521970184718,0.28766810772020646,0.29228401842194107,0.29689992912367574,0.30151583982541036,0.30613175052714503,0.31074766122887965,0.3153635719306143,0.31997948263234893,0.3245953933340836,0.3292113040358182,0.3338272147375529,0.3384431254392875,0.3430590361410222,0.3476749468427568,0.35229085754449146,0.3569067682462261,0.36152267894796075,0.36613858964969537,0.37075450035143004,0.37537041105316465,0.3799863217548993,0.38460223245663394,0.38921814315836856,0.39383405386010323,0.3984499645618379,0.4030658752635725,0.40768178596530713,0.4122976966670418,0.4169136073687765,0.4215295180705111,0.4261454287722457,0.4307613394739804,0.43537725017571505,0.43999316087744966,0.4446090715791843,0.44922498228091895,0.4538408929826536,0.45845680368438824,0.46307271438612285,0.4676886250878575,0.4723045357895922,0.4769204464913268,0.4815363571930614,0.4861522678947961,0.4907681785965307,0.4953840892982654,0.5,0.5046159107017346,0.5092318214034692,0.513847732105204,0.5184636428069386,0.5230795535086732,0.5276954642104079,0.5323113749121425,0.5369272856138771,0.5415431963156119,0.5461591070173464,0.5507750177190811,0.5553909284208157,0.5600068391225503,0.5646227498242851,0.5692386605260196,0.5738545712277543,0.5784704819294889,0.5830863926312235,0.5877023033329583,0.5923182140346929,0.5969341247364275,0.6015500354381622,0.6061659461398967,0.6107818568416314,0.6153977675433661,0.6200136782451007,0.6246295889468354,0.62924549964857,0.6338614103503046,0.6384773210520394,0.6430932317537739,0.6477091424555086,0.6523250531572432,0.6569409638589778,0.6615568745607125,0.6661727852624472,0.6707886959641818,0.6754046066659165,0.680020517367651,0.6846364280693857,0.6892523387711204,0.693868249472855,0.6984841601745897,0.7031000708763243,0.7077159815780589,0.7123318922797935,0.7169478029815282,0.7215637136832629,0.7261796243849975,0.7307955350867321,0.02166419726499929,0.021664197264999026,0.0,0.04332839452999805,0.0,0.0,0.0,0.021664197264999026,0.02166419726499929,0.021664197264999026,0.04332839452999858,0.10832098632499512,0.10832098632499644,0.0866567890599961,0.08665678905999716,0.1516493808549932,0.30329876170999,0.1516493808549932,0.21664197264999288,0.36829135350498343,0.5632691288899815,0.6499259179499708,0.6282617206849793,0.9315604823949581,0.8665678905999715,1.0615456659849651,1.0182172714549542,1.1265382577799494,1.733135781199943,2.058098740174932,2.1664197264999028,2.361397501884894,2.5563752772699155,3.1196444061598974,3.5962567459898382,3.379614773339848,3.8128987186398744,4.701130806504845,4.397832044794803,5.069422160009772,5.48104190804482,5.611027091634815,5.221071540864765,6.044311036934729,6.347609798644791,5.892661656079806,6.369273995909714,6.239288812319795,6.347609798644714,7.1925134919797635,7.1925134919797635,6.347609798644791,6.239288812319645,6.369273995909791,5.892661656079806,6.347609798644638,6.044311036934801,5.221071540864829,5.61102709163468,5.4810419080449515,5.069422160009711,4.397832044794855,4.701130806504845,3.8128987186397825,3.3796147733399704,3.596256745989795,3.1196444061598974,2.5563752772699155,2.3613975018848654,2.1664197264999285,2.058098740174932,1.7331357811999013,1.12653825777999,1.018217271454942,1.0615456659849651,0.8665678905999715,0.9315604823949468,0.6282617206849793,0.6499259179499786,0.5632691288899679,0.36829135350499675,0.21664197264998766,0.151649380854995,0.30329876170999,0.15164938085499136,0.08665678905999716,0.08665678905999716,0.10832098632499383,0.10832098632499904,0.04332839452999753,0.02166419726499929,0.02166419726499929,0.021664197264998766,0.0,0.0,0.0,0.04332839452999858,0.0,0.02166419726499929,0.02166419726499929,0.5,0.058844623458295144
1.01,top_k,0.05,False,False,100,100,normal,0.3,2.0,1.6,1.0,0.2,0.3039150557751898,0.307836754659686,0.3117584535441822,0.3156801524286784,0.3196018513131746,0.3235235501976708,0.327445249082167,0.3313669479666632,0.33528864685115944,0.3392103457356556,0.34313204462015184,0.347053743504648,0.35097544238914424,0.3548971412736404,0.35881884015813664,0.3627405390426328,0.36666223792712904,0.37058393681162527,0.37450563569612144,0.37842733458061767,0.38234903346511384,0.38627073234961007,0.3901924312341063,0.39411413011860247,0.39803582900309864,0.40195752788759487,0.4058792267720911,0.40980092565658727,0.4137226245410835,0.41764432342557967,0.4215660223100759,0.4254877211945721,0.4294094200790683,0.43333111896356447,0.4372528178480607,0.4411745167325569,0.4450962156170531,0.4490179145015493,0.4529396133860455,0.4568613122705417,0.46078301115503795,0.4647047100395341,0.4686264089240303,0.4725481078085265,0.47646980669302275,0.480391505577519,0.48431320446201515,0.4882349033465113,0.49215660223100755,0.4960783011155038,0.49999999999999994,0.5039216988844961,0.5078433977689923,0.5117650966534886,0.5156867955379848,0.519608494422481,0.5235301933069771,0.5274518921914734,0.5313735910759696,0.5352952899604657,0.539216988844962,0.5431386877294582,0.5470603866139544,0.5509820854984506,0.5549037843829467,0.5588254832674431,0.5627471821519392,0.5666688810364354,0.5705905799209317,0.5745122788054278,0.578433977689924,0.5823556765744202,0.5862773754589163,0.5901990743434127,0.5941207732279088,0.598042472112405,0.6019641709969012,0.6058858698813974,0.6098075687658937,0.6137292676503898,0.617650966534886,0.6215726654193823,0.6254943643038784,0.6294160631883747,0.6333377620728708,0.6372594609573671,0.6411811598418633,0.6451028587263594,0.6490245576108558,0.6529462564953519,0.6568679553798481,0.6607896542643443,0.6647113531488404,0.6686330520333367,0.6725547509178329,0.676476449802329,0.6803981486868254,0.6843198475713215,0.6882415464558177,0.6921632453403139,0.6960849442248102,0.025499153031695795,0.0,0.0,0.025499153031696156,0.05099830606339159,0.15299491819017694,0.127495765158479,0.05099830606339159,0.05099830606339231,0.20399322425356636,0.1784940712218731,0.20399322425356636,0.25499153031696153,0.30598983638034954,0.484483907602227,0.43348560153882854,0.5609813666973075,0.5354822136656193,0.9434686621727444,0.815972897014277,0.9179695091410487,0.9179695091410487,1.4789508758383771,1.1729610394580232,1.121962733394615,1.6574449470602266,1.8359390182821234,2.141928854662447,2.3459220789160464,2.8304059865182336,2.6774110683280585,3.340389047152197,3.0343992107718427,3.6463788835324986,3.3913873532155403,3.9013704138495124,5.507817054846292,4.972334841180751,4.997833994212376,5.4823179018145956,5.3038238305928,5.023333147244143,5.890304350321729,6.094297574575295,7.088764542811431,5.966801809416901,7.445752685255278,7.1142636958431265,7.241759461001607,7.547749297382063,7.547749297382063,7.241759461001607,7.1142636958431265,7.445752685255171,5.9668018094168165,7.0887645428116315,6.094297574575295,5.890304350321729,5.023333147244214,5.303823830592576,5.482317901814752,4.997833994212376,4.97233484118068,5.507817054846448,3.9013704138493464,3.3913873532156367,3.6463788835324986,3.0343992107717996,3.3403890471522444,2.6774110683280585,2.8304059865182336,2.3459220789160797,2.1419288546623863,1.8359390182821491,1.6574449470602266,1.121962733394615,1.1729610394580399,1.4789508758383143,0.9179695091410746,0.9179695091410487,0.8159728970142655,0.9434686621727711,0.5354822136655966,0.5609813666973233,0.43348560153882854,0.4844839076022201,0.3059898363803582,0.2549915303169507,0.20399322425357214,0.17849407122187058,0.20399322425356636,0.050998306063393034,0.05099830606339159,0.127495765158479,0.1529949181901791,0.05099830606339015,0.025499153031696517,0.0,0.0,0.025499153031695795,0.5,0.056985928651786914
1.01,top_k,0.05,False,False,100,100,normal,0.3,2.0,1.6,1.0,0.3,0.28022868163822756,0.284624108005463,0.28901953437269845,0.2934149607399339,0.29781038710716934,0.3022058134744048,0.3066012398416402,0.3109966662088757,0.31539209257611117,0.3197875189433466,0.32418294531058206,0.3285783716778175,0.33297379804505295,0.3373692244122884,0.34176465077952384,0.3461600771467593,0.3505555035139947,0.35495092988123017,0.35934635624846567,0.3637417826157011,0.36813720898293656,0.372532635350172,0.37692806171740745,0.3813234880846429,0.38571891445187834,0.3901143408191138,0.3945097671863492,0.39890519355358467,0.4033006199208201,0.40769604628805556,0.412091472655291,0.41648689902252645,0.4208823253897619,0.42527775175699734,0.4296731781242328,0.4340686044914682,0.4384640308587037,0.44285945722593917,0.4472548835931746,0.45165030996041006,0.4560457363276455,0.46044116269488095,0.46483658906211645,0.4692320154293519,0.47362744179658733,0.4780228681638228,0.4824182945310582,0.48681372089829367,0.4912091472655291,0.49560457363276456,0.5,0.5043954263672354,0.5087908527344709,0.5131862791017063,0.5175817054689418,0.5219771318361772,0.5263725582034127,0.5307679845706481,0.5351634109378836,0.539558837305119,0.5439542636723544,0.5483496900395899,0.5527451164068253,0.5571405427740608,0.5615359691412962,0.5659313955085317,0.5703268218757671,0.5747222482430026,0.579117674610238,0.5835131009774734,0.5879085273447089,0.5923039537119444,0.5966993800791799,0.6010948064464153,0.6054902328136508,0.6098856591808862,0.6142810855481217,0.6186765119153571,0.6230719382825926,0.627467364649828,0.6318627910170634,0.6362582173842989,0.6406536437515343,0.6450490701187698,0.6494444964860053,0.6538399228532408,0.6582353492204762,0.6626307755877117,0.6670262019549471,0.6714216283221826,0.675817054689418,0.6802124810566534,0.6846079074238889,0.6890033337911243,0.6933987601583598,0.6977941865255952,0.7021896128928307,0.7065850392600661,0.7109804656273015,0.715375891994537,0.7197713183617724,0.02275092144539693,0.0,0.04550184289079386,0.0,0.0,0.02275092144539693,0.0,0.04550184289079386,0.04550184289079386,0.09100368578158773,0.09100368578158773,0.04550184289079386,0.13650552867238158,0.18200737156317545,0.2275092144539693,0.1592564501177785,0.2275092144539693,0.2502601358993631,0.341263821680954,0.637025800471114,0.7052785648073049,0.7507804076980987,1.001040543597465,0.9555387007066711,1.0920442293790527,1.0692933079336557,1.4105571296146098,1.6835681869593728,2.024832008640327,1.7518209512955636,2.388846751766678,2.957619787901601,2.457099516102869,2.9121179450108072,3.276132688137158,3.913158488608223,4.186169545953035,4.732191660642562,5.414719304004469,5.096206403768912,5.619477597013042,5.164459168105038,5.7559831256854235,5.3464665396682785,6.2337524760387595,6.711521826392095,6.711521826392095,6.961781962291461,6.30200524037495,6.59776721916511,6.59776721916511,6.30200524037495,6.961781962291461,6.711521826392095,6.711521826392095,6.2337524760387595,5.3464665396682785,5.7559831256854235,5.164459168105103,5.619477597013042,5.096206403768912,5.414719304004469,4.732191660642562,4.186169545953035,3.9131584886082726,3.276132688137158,2.9121179450108072,2.457099516102869,2.957619787901601,2.388846751766678,1.7518209512955196,2.024832008640327,1.6835681869593728,1.4105571296146098,1.0692933079336557,1.0920442293790527,0.9555387007066711,1.001040543597465,0.7507804076980987,0.7052785648073049,0.637025800471114,0.341263821680954,0.25026013589936624,0.22750921445396358,0.1592564501177785,0.2275092144539693,0.18200737156317545,0.13650552867238158,0.04550184289079386,0.09100368578158773,0.09100368578158773,0.04550184289079386,0.04550184289079386,0.0,0.02275092144539693,0.0,0.0,0.04550184289079386,0.0,0.02275092144539693,0.5,0.05848138740483802
1.01,top_k,0.05,False,False,100,100,normal,0.3,2.0,1.6,1.0,0.4,0.2888258921584597,0.29304937431529055,0.2972728564721213,0.30149633862895214,0.30571982078578297,0.30994330294261374,0.31416678509944457,0.31839026725627534,0.32261374941310617,0.326837231569937,0.33106071372676776,0.3352841958835986,0.33950767804042936,0.3437311601972602,0.347954642354091,0.3521781245109218,0.3564016066677526,0.36062508882458344,0.3648485709814142,0.36907205313824504,0.37329553529507586,0.37751901745190664,0.38174249960873746,0.3859659817655683,0.39018946392239906,0.39441294607922983,0.39863642823606066,0.4028599103928915,0.40708339254972226,0.4113068747065531,0.4155303568633839,0.4197538390202147,0.4239773211770455,0.42820080333387633,0.4324242854907071,0.43664776764753793,0.44087124980436876,0.44509473196119953,0.44931821411803036,0.4535416962748612,0.45776517843169195,0.4619886605885227,0.46621214274535355,0.4704356249021844,0.47465910705901515,0.478882589215846,0.4831060713726768,0.4873295535295076,0.4915530356863384,0.49577651784316923,0.5,0.5042234821568308,0.5084469643136617,0.5126704464704924,0.5168939286273233,0.5211174107841541,0.5253408929409848,0.5295643750978156,0.5337878572546464,0.5380113394114773,0.5422348215683082,0.5464583037251389,0.5506817858819697,0.5549052680388005,0.5591287501956312,0.5633522323524621,0.5675757145092929,0.5717991966661238,0.5760226788229545,0.5802461609797853,0.5844696431366161,0.5886931252934469,0.5929166074502777,0.5971400896071086,0.6013635717639394,0.6055870539207702,0.6098105360776009,0.6140340182344317,0.6182575003912626,0.6224809825480934,0.6267044647049242,0.630927946861755,0.6351514290185858,0.6393749111754166,0.6435983933322473,0.6478218754890782,0.6520453576459091,0.6562688398027399,0.6604923219595706,0.6647158041164014,0.6689392862732322,0.6731627684300631,0.677386250586894,0.6816097327437247,0.6858332149005555,0.6900566970573863,0.694280179214217,0.6985036613710479,0.7027271435278787,0.7069506256847096,0.7111741078415403,0.07103143540331917,0.0,0.0,0.04735429026887945,0.023677145134440036,0.023677145134439723,0.023677145134440036,0.11838572567219863,0.04735429026887945,0.0710314354033201,0.14206287080663835,0.18941716107552029,0.14206287080663835,0.2130943062099575,0.23677145134440034,0.33148003188215613,0.3551571770165959,0.33148003188216046,0.5208971929576739,0.5208971929576739,0.7339914991676411,0.8287000797053903,1.018117240780908,1.1601801115875618,1.2312115469908818,1.6100458691419013,1.6100458691419013,2.2730059329062433,1.8231401753518588,2.3913916585784123,2.628163109922844,3.078028867477164,2.8886117064016466,3.243768883418285,3.2200917382838026,4.498657575543548,4.546011865812487,4.26188612419915,4.640720446350186,5.137940494173488,5.493097671190088,5.540451961458896,5.256326219845619,5.824577703072249,6.653277782777563,6.511214911970924,6.7716635084498495,6.392829186298725,6.511214911970924,7.197852120869771,7.197852120869771,6.511214911970838,6.392829186298809,6.771663508449673,6.51121491197101,6.65327778277765,5.824577703072249,5.256326219845688,5.540451961458823,5.493097671189943,5.137940494173488,4.640720446350247,4.261886124199206,4.546011865812487,4.498657575543488,3.2200917382838448,3.2437688834181992,2.8886117064016843,3.0780288674772045,2.628163109922844,2.3913916585784434,1.8231401753518348,2.2730059329061834,1.6100458691419224,1.6100458691419224,1.2312115469908818,1.1601801115875618,1.0181172407808947,0.8287000797054012,0.7339914991676219,0.5208971929576808,0.5208971929576808,0.33148003188216046,0.3551571770166005,0.3314800318821518,0.23677145134439412,0.2130943062099603,0.1420628708066402,0.18941716107552029,0.1420628708066402,0.07103143540331823,0.04735429026887883,0.11838572567220017,0.023677145134440036,0.023677145134440036,0.023677145134440036,0.04735429026887883,0.0,0.0,0.0710314354033201,0.5,0.05878087691273342
1.01,top_k,0.05,False,False,100,100,normal,0.3,2.0,1.6,1.25,0.1,0.3206127786152771,0.32420052304297153,0.32778826747066603,0.33137601189836047,0.3349637563260549,0.3385515007537494,0.34213924518144384,0.3457269896091383,0.3493147340368328,0.3529024784645272,0.35649022289222165,0.36007796731991615,0.3636657117476106,0.367253456175305,0.3708412006029995,0.37442894503069396,0.3780166894583884,0.3816044338860829,0.38519217831377733,0.3887799227414718,0.39236766716916627,0.3959554115968607,0.39954315602455515,0.40313090045224964,0.4067186448799441,0.4103063893076385,0.413894133735333,0.41748187816302745,0.4210696225907219,0.4246573670184164,0.4282451114461108,0.43183285587380527,0.43542060030149976,0.4390083447291942,0.44259608915688864,0.44618383358458313,0.4497715780122776,0.453359322439972,0.4569470668676665,0.46053481129536095,0.4641225557230554,0.4677103001507499,0.4712980445784443,0.47488578900613876,0.47847353343383325,0.4820612778615277,0.48564902228922213,0.4892367667169166,0.49282451114461107,0.4964122555723055,0.5,0.5035877444276944,0.5071754888553889,0.5107632332830834,0.5143509777107778,0.5179387221384723,0.5215264665661667,0.5251142109938611,0.5287019554215556,0.5322896998492501,0.5358774442769445,0.539465188704639,0.5430529331323335,0.5466406775600279,0.5502284219877224,0.5538161664154169,0.5574039108431112,0.5609916552708057,0.5645793996985002,0.5681671441261946,0.5717548885538891,0.5753426329815836,0.578930377409278,0.5825181218369725,0.586105866264667,0.5896936106923614,0.5932813551200559,0.5968690995477504,0.6004568439754447,0.6040445884031392,0.6076323328308337,0.6112200772585281,0.6148078216862226,0.6183955661139171,0.6219833105416115,0.625571054969306,0.6291587993970005,0.6327465438246949,0.6363342882523894,0.6399220326800839,0.6435097771077782,0.6470975215354727,0.6506852659631672,0.6542730103908616,0.6578607548185561,0.6614484992462506,0.665036243673945,0.6686239881016395,0.672211732529334,0.6757994769570284,0.6793872213847229,0.027872665407291042,0.0,0.027872665407291042,0.0,0.055745330814581225,0.027872665407291042,0.055745330814582085,0.027872665407290612,0.11149066162916417,0.0,0.13936332703645304,0.16723599244374626,0.19510865785103731,0.30659931948019675,0.16723599244374626,0.30659931948020147,0.501707977331231,0.6131986389604029,0.7525619659968582,0.501707977331231,0.7525619659968582,0.9197979584406044,1.226397277920787,1.2263972779208059,1.4215059357718431,1.81172325147389,1.8674685822885,2.14619523636141,2.146195236361377,3.010247863987433,2.731521209914522,3.428337845096745,4.1251544802790745,4.26451780731553,4.320263138130045,4.766225784646768,4.82197111546135,5.574533081458123,5.463042419829044,6.410713043676941,6.912421021008073,6.800930359379015,6.68943969774985,7.609237656190337,6.327095047455067,7.330511002117544,7.637110321597628,8.110945633521693,7.860091644856075,7.664982987004919,7.664982987005156,7.860091644855952,8.110945633521569,7.637110321597864,7.330511002117432,6.327095047454969,7.609237656190572,6.689439697749747,6.80093035937891,6.912421021008286,6.41071304367684,5.46304241982896,5.574533081458295,4.821971115461276,4.766225784646695,4.320263138130178,4.264517807315464,4.1251544802790105,3.4283378450968516,2.73152120991448,3.010247863987386,2.146195236361444,2.146195236361377,1.867468582288471,1.8117232514739459,1.4215059357718212,1.226397277920787,1.2263972779208248,0.9197979584405903,0.7525619659968465,0.5017079773312465,0.7525619659968465,0.6131986389603935,0.5017079773312465,0.30659931948019675,0.16723599244374368,0.3065993194802062,0.1951086578510343,0.16723599244374368,0.13936332703645737,0.0,0.11149066162916245,0.027872665407291476,0.055745330814581225,0.027872665407290612,0.05574533081458295,0.0,0.027872665407290612,0.0,0.027872665407290612,0.5,0.049522873063489965
1.01,top_k,0.05,False,False,100,100,normal,0.3,2.0,1.6,1.25,0.2,0.3001940496372482,0.30419016864450327,0.30818628765175826,0.3121824066590133,0.31617852566626836,0.3201746446735234,0.32417076368077846,0.32816688268803346,0.3321630016952885,0.33615912070254356,0.34015523970979855,0.3441513587170536,0.34814747772430865,0.3521435967315637,0.35613971573881875,0.36013583474607375,0.3641319537533288,0.36812807276058385,0.37212419176783884,0.3761203107750939,0.38011642978234894,0.384112548789604,0.38810866779685904,0.39210478680411404,0.3961009058113691,0.40009702481862414,0.40409314382587913,0.4080892628331342,0.41208538184038923,0.4160815008476443,0.42007761985489933,0.4240737388621543,0.4280698578694094,0.4320659768766644,0.4360620958839194,0.44005821489117447,0.4440543338984295,0.44805045290568457,0.4520465719129396,0.4560426909201946,0.46003880992744967,0.4640349289347047,0.4680310479419597,0.47202716694921476,0.4760232859564698,0.48001940496372486,0.4840155239709799,0.4880116429782349,0.49200776198548996,0.496003880992745,0.5,0.503996119007255,0.5079922380145101,0.5119883570217652,0.5159844760290202,0.5199805950362753,0.5239767140435303,0.5279728330507854,0.5319689520580403,0.5359650710652953,0.5399611900725504,0.5439573090798054,0.5479534280870605,0.5519495470943154,0.5559456661015705,0.5599417851088255,0.5639379041160806,0.5679340231233356,0.5719301421305907,0.5759262611378457,0.5799223801451008,0.5839184991523558,0.5879146181596109,0.5919107371668659,0.595906856174121,0.5999029751813759,0.603899094188631,0.607895213195886,0.611891332203141,0.615887451210396,0.6198835702176511,0.6238796892249061,0.6278758082321612,0.6318719272394162,0.6358680462466713,0.6398641652539263,0.6438602842611814,0.6478564032684364,0.6518525222756915,0.6558486412829465,0.6598447602902016,0.6638408792974565,0.6678369983047115,0.6718331173119666,0.6758292363192215,0.6798253553264766,0.6838214743337316,0.6878175933409867,0.6918137123482417,0.6958098313554968,0.6998059503627518,0.05004855952410206,0.0,0.0,0.02502427976205103,0.0,0.0,0.050048559524102754,0.05004855952410206,0.02502427976205103,0.07507283928615413,0.15014567857230618,0.15014567857230618,0.17516995833435722,0.22521851785845926,0.40038847619282203,0.3253156369066634,0.4003884761928165,0.2252185178584624,0.6005827142892247,0.7257041130994799,1.0510197500061433,0.7257041130994799,1.1511168690543632,1.2011654285784494,1.0760440297681941,1.7266753035815452,1.2762382678646025,2.1020395000122867,2.502427976205103,2.452379416681001,2.327258017870778,2.7776950535876646,3.40330204763894,3.4033020476389875,4.053933321452266,3.8787633631179093,4.479346077407134,4.654516035741492,5.155001630982583,6.030851422654298,5.305147309554818,5.054904511934378,6.381191339323013,6.581385577419421,6.956749773850186,7.407186809567104,6.656458416705666,7.8576238452840235,7.507283928615309,6.3311427797989985,6.331142779798911,7.507283928615309,7.8576238452840235,6.656458416705574,7.407186809567104,6.956749773850186,6.581385577419421,6.381191339323189,5.054904511934308,5.305147309554818,6.030851422654298,5.155001630982512,4.65451603574162,4.479346077407134,3.8787633631179093,4.053933321452266,3.40330204763894,3.40330204763894,2.7776950535876646,2.327258017870746,2.452379416681001,2.502427976205103,2.1020395000122867,1.2762382678646025,1.7266753035815692,1.0760440297681941,1.2011654285784494,1.1511168690543794,0.7257041130994799,1.0510197500061433,0.7257041130994799,0.6005827142892247,0.22521851785845926,0.4003884761928165,0.3253156369066634,0.4003884761928165,0.22521851785845926,0.17516995833435722,0.15014567857230618,0.15014567857230618,0.07507283928615517,0.02502427976205103,0.05004855952410206,0.05004855952410345,0.0,0.0,0.02502427976205103,0.0,0.0,0.05004855952410206,0.5,0.05508524162763623
1.01,top_k,0.05,False,False,100,100,normal,0.3,2.0,1.6,1.25,0.3,0.3025987140552534,0.3065467397741483,0.3104947654930433,0.3144427912119382,0.31839081693083315,0.32233884264972806,0.326286868368623,0.33023489408751794,0.33418291980641285,0.3381309455253078,0.3420789712442027,0.3460269969630977,0.3499750226819926,0.3539230484008875,0.3578710741197825,0.3618190998386774,0.36576712555757235,0.36971515127646726,0.3736631769953622,0.37761120271425713,0.38155922843315204,0.385507254152047,0.3894552798709419,0.3934033055898369,0.3973513313087318,0.40129935702762676,0.40524738274652167,0.4091954084654166,0.41314343418431154,0.41709145990320645,0.4210394856221014,0.4249875113409963,0.4289355370598913,0.4328835627787862,0.4368315884976811,0.4407796142165761,0.444727639935471,0.4486756656543659,0.45262369137326086,0.4565717170921558,0.46051974281105074,0.46446776852994565,0.4684157942488406,0.4723638199677355,0.47631184568663043,0.4802598714055254,0.48420789712442036,0.48815592284331527,0.4921039485622102,0.49605197428110515,0.5,0.503948025718895,0.5078960514377899,0.5118440771566849,0.5157921028755799,0.5197401285944747,0.5236881543133697,0.5276361800322646,0.5315842057511595,0.5355322314700545,0.5394802571889494,0.5434282829078443,0.5473763086267392,0.5513243343456342,0.5552723600645291,0.559220385783424,0.563168411502319,0.5671164372212139,0.5710644629401089,0.5750124886590038,0.5789605143778987,0.5829085400967937,0.5868565658156886,0.5908045915345835,0.5947526172534785,0.5987006429723734,0.6026486686912683,0.6065966944101633,0.6105447201290581,0.6144927458479531,0.6184407715668481,0.6223887972857429,0.626336823004638,0.6302848487235329,0.6342328744424277,0.6381809001613228,0.6421289258802176,0.6460769515991126,0.6500249773180076,0.6539730030369024,0.6579210287557974,0.6618690544746924,0.6658170801935872,0.6697651059124822,0.6737131316313771,0.677661157350272,0.681609183069167,0.6855572087880619,0.6895052345069568,0.6934532602258519,0.6974012859447467,0.05065823128831641,0.0,0.0,0.0,0.07598734693247461,0.0,0.0,0.025329115644158205,0.025329115644157848,0.05065823128831641,0.12664557822078926,0.12664557822079103,0.10131646257663282,0.12664557822078926,0.07598734693247461,0.15197469386494708,0.3292785033740567,0.17730380950910493,0.6332278911039552,0.5825696598156387,0.6078987754597883,0.7598734693247461,0.9625063944779982,1.0384937414104864,0.8865190475455247,1.4944178230053342,1.7983672107352326,1.6717216325144182,1.747708979446916,2.4315951018391533,2.6088989113482954,2.7862027208573634,3.0648229929431428,4.027329387421155,3.850025577911993,4.103316734353629,4.837861088034217,5.091152244475728,5.6483927886472,5.217797822696591,6.003000407665494,6.205633332818673,6.560240951836975,6.458924489260342,7.016165033431724,7.725380271468144,7.497418230670829,7.117481496008455,6.838861223922619,7.92801319662163,7.928013196621406,6.838861223922619,7.117481496008356,7.497418230670722,7.725380271468361,7.016165033431724,6.4589244892602515,6.560240951837066,6.205633332818673,6.00300040766541,5.217797822696663,5.6483927886472,5.091152244475728,4.837861088034285,4.103316734353571,3.850025577911993,4.0273293874212115,3.0648229929430135,2.786202720857442,2.6088989113482586,2.4315951018391533,1.7477089794469407,1.6717216325144182,1.7983672107352071,1.494417823005355,0.8865190475455247,1.0384937414104718,0.9625063944780253,0.7598734693247354,0.6078987754597883,0.5825696598156469,0.6332278911039284,0.17730380950910993,0.3292785033740613,0.1519746938649428,0.07598734693247568,0.12664557822078926,0.10131646257663139,0.1266455782207928,0.12664557822078926,0.050658231288315696,0.02532911564415856,0.025329115644157848,0.0,0.0,0.07598734693247354,0.0,0.0,0.0,0.05065823128831712,0.5,0.05183277423149205
1.01,top_k,0.05,False,False,100,100,normal,0.3,2.0,1.6,1.25,0.4,0.2734553475484498,0.2779862405974808,0.2825171336465118,0.2870480266955428,0.29157891974457384,0.2961098127936048,0.3006407058426358,0.30517159889166684,0.3097024919406978,0.31423338498972886,0.31876427803875984,0.3232951710877908,0.32782606413682186,0.33235695718585284,0.3368878502348839,0.34141874328391486,0.34594963633294584,0.3504805293819769,0.35501142243100786,0.3595423154800389,0.3640732085290699,0.36860410157810086,0.3731349946271319,0.3776658876761629,0.3821967807251939,0.3867276737742249,0.3912585668232559,0.3957894598722869,0.40032035292131796,0.40485124597034894,0.4093821390193799,0.4139130320684109,0.41844392511744194,0.422974818166473,0.42750571121550396,0.43203660426453494,0.4365674973135659,0.44109839036259696,0.445629283411628,0.450160176460659,0.45469106950968996,0.45922196255872094,0.463752855607752,0.468283748656783,0.472814641705814,0.477345534754845,0.48187642780387596,0.486407320852907,0.49093821390193804,0.495469106950969,0.5,0.504530893049031,0.509061786098062,0.5135926791470931,0.518123572196124,0.522654465245155,0.5271853582941861,0.531716251343217,0.5362471443922481,0.5407780374412791,0.54530893049031,0.5498398235393411,0.554370716588372,0.5589016096374031,0.5634325026864341,0.5679633957354651,0.5724942887844962,0.577025181833527,0.5815560748825581,0.5860869679315891,0.5906178609806201,0.5951487540296512,0.599679647078682,0.6042105401277131,0.6087414331767441,0.6132723262257751,0.6178032192748062,0.6223341123238371,0.6268650053728682,0.6313958984218991,0.6359267914709301,0.6404576845199612,0.6449885775689921,0.6495194706180232,0.6540503636670542,0.6585812567160851,0.6631121497651162,0.6676430428141471,0.6721739358631782,0.6767048289122092,0.6812357219612402,0.6857666150102713,0.6902975080593021,0.6948284011083332,0.6993592941573642,0.7038901872063952,0.7084210802554263,0.7129519733044571,0.7174828663534882,0.7220137594025192,0.7265446524515502,0.022070704145485603,0.0,0.022070704145485603,0.0,0.044141408290971205,0.08828281658194241,0.022070704145485336,0.022070704145485603,0.11035352072742667,0.19863633730937044,0.15449492901839923,0.24277774560033868,0.19863633730937044,0.22070704145485334,0.2648484497458273,0.37520197047325526,0.28691915389130934,0.5738383077826257,0.5959090119281041,0.838686757528453,0.8828281658194242,1.059393798983296,1.2138887280017083,1.3021715445836348,1.2359594321471938,1.5449492901839923,1.7656563316388267,2.030504781384651,2.7367673140402147,2.140858302112104,2.7146966098947294,2.5602016808762986,3.3106056218228006,3.8403025213144955,3.1119692845134703,3.420959142550269,4.215504491787699,3.818231817168963,4.325858012515178,4.546565053970034,5.296968994916544,4.9659084327342,4.5907064622609495,5.164544770043632,5.694241669535286,5.628029557098829,5.650100261244246,6.069443640008467,5.27489829077106,5.959090119281114,5.959090119281114,5.27489829077106,6.069443640008393,5.650100261244314,5.628029557098829,5.694241669535146,5.164544770043758,4.590706462260893,4.965908432734261,5.296968994916544,4.546565053969923,4.325858012515285,3.8182318171689165,4.21550449178775,3.420959142550269,3.111969284513394,3.840302521314589,3.3106056218227597,2.56020168087633,2.7146966098947294,2.140858302112051,2.736767314040282,2.030504781384626,1.7656563316388485,1.5449492901839923,1.2359594321471636,1.3021715445836826,1.2138887280016786,1.059393798983309,0.8828281658194242,0.8386867575284325,0.5959090119281258,0.5738383077826116,0.28691915389131284,0.37520197047325526,0.2648484497458207,0.22070704145486147,0.19863633730936558,0.24277774560034163,0.15449492901839923,0.19863633730936558,0.11035352072743074,0.022070704145485065,0.022070704145485603,0.08828281658194241,0.04414140829097013,0.0,0.022070704145485065,0.0,0.022070704145485603,0.5,0.0670508137931107
1.01,top_k,0.05,False,False,100,100,normal,0.3,2.0,1.6,1.5,0.1,0.34978556373500597,0.35278985246030586,0.3557941411856057,0.3587984299109056,0.3618027186362055,0.3648070073615054,0.36781129608680524,0.37081558481210514,0.37381987353740503,0.37682416226270493,0.3798284509880048,0.38283273971330467,0.38583702843860457,0.38884131716390447,0.3918456058892043,0.3948498946145042,0.3978541833398041,0.40085847206510394,0.40386276079040384,0.40686704951570374,0.40987133824100364,0.4128756269663035,0.4158799156916034,0.41888420441690327,0.4218884931422031,0.424892781867503,0.4278970705928029,0.4309013593181028,0.43390564804340265,0.43690993676870254,0.43991422549400244,0.4429185142193023,0.4459228029446022,0.4489270916699021,0.451931380395202,0.4549356691205019,0.4579399578458017,0.4609442465711016,0.46394853529640145,0.46695282402170135,0.46995711274700125,0.47296140147230115,0.47596569019760104,0.4789699789229009,0.4819742676482008,0.4849785563735006,0.4879828450988005,0.4909871338241004,0.4939914225494003,0.4969957112747002,0.5000000000000001,0.5030042887252999,0.5060085774505998,0.5090128661758997,0.5120171549011996,0.5150214436264995,0.5180257323517994,0.5210300210770993,0.5240343098023992,0.5270385985276991,0.5300428872529989,0.5330471759782988,0.5360514647035987,0.5390557534288986,0.5420600421541985,0.5450643308794982,0.5480686196047981,0.551072908330098,0.5540771970553979,0.5570814857806978,0.5600857745059977,0.5630900632312976,0.5660943519565975,0.5690986406818974,0.5721029294071973,0.5751072181324971,0.578111506857797,0.5811157955830969,0.5841200843083968,0.5871243730336967,0.5901286617589965,0.5931329504842964,0.5961372392095963,0.5991415279348962,0.6021458166601961,0.605150105385496,0.6081543941107959,0.6111586828360958,0.6141629715613957,0.6171672602866956,0.6201715490119953,0.6231758377372952,0.6261801264625951,0.629184415187895,0.6321887039131948,0.6351929926384947,0.6381972813637946,0.6412015700890945,0.6442058588143944,0.6472101475396943,0.6502144362649942,0.06657149771117134,0.0,0.06657149771117134,0.09985724656675703,0.03328574885558567,0.06657149771117259,0.13314299542234267,0.13314299542234267,0.29957173970027107,0.4992862328337943,0.26628599084468535,0.29957173970027107,0.4660004839781995,0.39942898626703544,0.6324292282561278,0.7322864748228848,0.7655722236784847,0.932000967956399,1.0318582145231558,1.0651439633787414,1.3647157030790378,1.4645729496457696,1.4978586985013553,2.06371642904635,2.0637164290463117,2.3632881687465828,2.563002661880097,2.4964311641689716,3.195431890136225,3.262003387847396,3.4617178809809737,4.227290104659381,4.992862328337851,4.526861844359652,5.791720300871908,5.592005807738497,5.725148803160736,6.490721026839326,7.489293492506777,6.7570070176838914,7.689007985640291,6.524006775694792,7.389436245940155,8.454580209318761,8.188294218474226,7.089864506239748,9.15358093528606,8.021865474196147,9.752724414686602,8.787437697874617,8.787437697874942,9.752724414686602,8.021865474196147,9.15358093528606,7.089864506239748,8.188294218474077,8.454580209318761,7.38943624594002,6.524006775694792,7.689007985640575,6.7570070176838914,7.489293492506777,6.490721026839207,5.725148803160736,5.5920058077386,5.791720300871908,4.526861844359652,4.992862328337851,4.227290104659381,3.4617178809809097,3.262003387847396,3.195431890136225,2.4964311641689254,2.563002661880097,2.3632881687466702,2.0637164290463117,2.0637164290463117,1.4978586985013553,1.4645729496457696,1.364715703079063,1.0651439633787414,1.0318582145231558,0.932000967956399,0.7655722236784706,0.7322864748228848,0.6324292282561278,0.3994289862670281,0.4660004839781995,0.29957173970027107,0.26628599084469523,0.4992862328337851,0.29957173970027107,0.13314299542234267,0.13314299542234762,0.06657149771117134,0.03328574885558567,0.09985724656675703,0.06657149771117134,0.0,0.06657149771117134,0.5,0.04524941708508023
1.01,top_k,0.05,False,False,100,100,normal,0.3,2.0,1.6,1.5,0.2,0.3058240845926058,0.30970760290075366,0.31359112120890154,0.31747463951704946,0.32135815782519733,0.3252416761333452,0.3291251944414931,0.33300871274964094,0.33689223105778887,0.34077574936593674,0.3446592676740846,0.3485427859822325,0.3524263042903804,0.3563098225985283,0.36019334090667615,0.364076859214824,0.36796037752297195,0.3718438958311198,0.3757274141392677,0.37961093244741556,0.38349445075556343,0.38737796906371136,0.39126148737185923,0.3951450056800071,0.39902852398815497,0.40291204229630284,0.40679556060445077,0.41067907891259864,0.4145625972207465,0.4184461155288944,0.42232963383704225,0.4262131521451902,0.43009667045333805,0.4339801887614859,0.43786370706963385,0.44174722537778166,0.4456307436859296,0.44951426199407746,0.45339778030222533,0.45728129861037325,0.4611648169185211,0.465048335226669,0.46893185353481687,0.47281537184296474,0.47669889015111266,0.48058240845926053,0.4844659267674084,0.48834944507555633,0.49223296338370415,0.4961164816918521,0.49999999999999994,0.5038835183081478,0.5077670366162957,0.5116505549244436,0.5155340732325915,0.5194175915407393,0.5233011098488872,0.5271846281570352,0.531068146465183,0.5349516647733309,0.5388351830814788,0.5427187013896266,0.5466022196977746,0.5504857380059225,0.5543692563140703,0.5582527746222181,0.562136292930366,0.566019811238514,0.5699033295466618,0.5737868478548097,0.5776703661629576,0.5815538844711055,0.5854374027792534,0.5893209210874013,0.5932044393955491,0.5970879577036969,0.600971476011845,0.6048549943199928,0.6087385126281406,0.6126220309362885,0.6165055492444365,0.6203890675525843,0.6242725858607322,0.6281561041688801,0.6320396224770279,0.6359231407851759,0.6398066590933238,0.6436901774014716,0.6475736957096194,0.6514572140177673,0.6553407323259153,0.6592242506340631,0.663107768942211,0.6669912872503589,0.6708748055585068,0.6747583238666547,0.6786418421748026,0.6825253604829504,0.6864088787910982,0.6902923970992463,0.6941759154073941,0.025749846418953035,0.0,0.025749846418952664,0.0,0.025749846418953035,0.05149969283790607,0.025749846418953035,0.025749846418952664,0.0772495392568591,0.05149969283790607,0.05149969283790607,0.05149969283790533,0.12874923209476516,0.20599877135162428,0.18024892493267125,0.18024892493266867,0.23174861777057731,0.2832483106084834,0.4377473891222016,0.46349723554115463,0.46349723554114797,0.746745546149638,0.7724953925685911,1.1072433960149806,1.364741860204511,1.622240324394018,2.085737559935196,2.085737559935196,2.265986484867867,2.8324831060848337,2.9869821845985096,3.553478805815519,3.6307283450723777,3.785227423586042,4.531972969735799,4.892470819601007,5.072719744533748,4.995470205276889,5.046969898114723,5.149969283790607,6.231462833386634,5.742215751426526,6.334462219062447,6.694960068927694,7.081207765212085,6.591960683251977,6.643460376089788,7.518955154334394,7.7249539256858,6.669210222508835,6.669210222508835,7.7249539256858,7.518955154334394,6.643460376089788,6.591960683252071,7.081207765211983,6.694960068927694,6.334462219062537,5.742215751426445,6.231462833386545,5.14996928379068,5.046969898114723,4.995470205276818,5.072719744533821,4.892470819601146,4.531972969735669,3.785227423586042,3.6307283450724297,3.553478805815468,2.9869821845985096,2.8324831060848745,2.2659864848678346,2.085737559935166,2.0857375599352257,1.6222403243940644,1.3647418602044523,1.1072433960149963,0.7724953925686021,0.7467455461496274,0.46349723554114797,0.4634972355411613,0.43774738912219535,0.2832483106084793,0.23174861777058064,0.18024892493266867,0.18024892493266867,0.20599877135162722,0.12874923209476702,0.05149969283790533,0.05149969283790533,0.051499692837906806,0.077249539256858,0.025749846418952664,0.025749846418953403,0.05149969283790533,0.025749846418952664,0.0,0.025749846418953403,0.0,0.025749846418953403,0.5,0.05235561250717927
1.01,top_k,0.05,False,False,100,100,normal,0.3,2.0,1.6,1.5,0.3,0.3286301439775696,0.3320575410980182,0.3354849382184668,0.33891233533891546,0.34233973245936405,0.34576712957981265,0.34919452670026124,0.3526219238207099,0.3560493209411585,0.3594767180616071,0.3629041151820557,0.36633151230250427,0.3697589094229529,0.3731863065434015,0.3766137036638501,0.3800411007842987,0.38346849790474735,0.38689589502519595,0.39032329214564454,0.39375068926609313,0.39717808638654173,0.4006054835069903,0.404032880627439,0.40746027774788757,0.41088767486833616,0.4143150719887848,0.4177424691092334,0.421169866229682,0.4245972633501306,0.4280246604705792,0.4314520575910278,0.43487945471147643,0.438306851831925,0.4417342489523736,0.44516164607282227,0.44858904319327086,0.45201644031371946,0.45544383743416805,0.45887123455461665,0.46229863167506524,0.4657260287955139,0.4691534259159625,0.4725808230364111,0.47600822015685973,0.4794356172773083,0.4828630143977569,0.4862904115182055,0.4897178086386541,0.4931452057591027,0.4965726028795513,0.49999999999999994,0.5034273971204486,0.5068547942408972,0.5102821913613458,0.5137095884817944,0.517136985602243,0.5205643827226916,0.5239917798431402,0.5274191769635888,0.5308465740840373,0.5342739712044859,0.5377013683249346,0.5411287654453832,0.5445561625658318,0.5479835596862804,0.551410956806729,0.5548383539271776,0.5582657510476262,0.5616931481680749,0.5651205452885235,0.5685479424089721,0.5719753395294207,0.5754027366498693,0.5788301337703179,0.5822575308907665,0.5856849280112151,0.5891123251316637,0.5925397222521123,0.5959671193725609,0.5993945164930095,0.6028219136134582,0.6062493107339068,0.6096767078543553,0.6131041049748039,0.6165315020952525,0.6199588992157012,0.6233862963361498,0.6268136934565984,0.630241090577047,0.6336684876974956,0.6370958848179442,0.6405232819383928,0.6439506790588414,0.64737807617929,0.6508054732997386,0.6542328704201872,0.6576602675406358,0.6610876646610844,0.664515061781533,0.6679424589019817,0.6713698560224303,0.11670663945345384,0.08752997959009039,0.0,0.05835331972672692,0.14588329931681732,0.37929657822372503,0.23341327890690391,0.29176659863363463,0.37929657822372503,0.2042366190435442,0.5251798775405423,0.5251798775405337,0.5835331972672693,0.4084732380870884,0.6127098571306326,0.7294164965840747,0.8169464761741768,0.9044764557642673,1.2545963741246289,1.2837730339879923,1.4004796734414462,1.6922462720750533,1.7505995918018078,1.6922462720750806,3.2094325849699286,2.859312666609619,3.5303758434669783,3.5887291631937055,3.617905823057069,3.5011991836036156,4.20143902032427,3.734612462510523,5.164268795815333,4.668265578138078,4.5515589386847,4.901678857045061,5.2517987754054225,4.989208836635152,5.543565374039058,4.960032176771708,5.864508632536055,6.214628550896418,5.397682074722153,6.097921911442963,6.331335190349871,6.448041829803325,6.3021585304865075,5.952038612126146,5.893685292399419,7.031575027070479,7.031575027070479,5.893685292399419,5.952038612126146,6.3021585304865075,6.448041829803325,6.331335190349871,6.097921911442963,5.3976820747222405,6.214628550896418,5.864508632536055,4.9600321767716276,5.543565374039058,4.989208836635152,5.2517987754054225,4.901678857045061,4.5515589386847,4.668265578138154,5.164268795815166,3.734612462510523,4.201439020324338,3.5011991836036156,3.617905823057069,3.5887291631937055,3.5303758434669783,2.859312666609619,3.2094325849699805,1.6922462720750806,1.7505995918018078,1.6922462720750806,1.4004796734414007,1.2837730339879923,1.2545963741246289,0.9044764557642673,0.8169464761741768,0.7294164965840628,0.6127098571306326,0.4084732380870884,0.5835331972672693,0.5251798775405423,0.5251798775405423,0.2042366190435442,0.37929657822372503,0.29176659863363463,0.2334132789069077,0.37929657822372503,0.14588329931681732,0.05835331972672692,0.0,0.08752997959008754,0.11670663945345384,0.5,0.05760214459090293
1.01,top_k,0.05,False,False,100,100,normal,0.3,2.0,1.6,1.5,0.4,0.2998912642656233,0.30389343898031085,0.30789561369499835,0.3118977884096859,0.3158999631243734,0.31990213783906096,0.3239043125537485,0.327906487268436,0.3319086619831236,0.3359108366978111,0.33991301141249863,0.3439151861271862,0.3479173608418737,0.35191953555656125,0.35592171027124875,0.3599238849859363,0.36392605970062386,0.36792823441531136,0.3719304091299989,0.3759325838446864,0.379934758559374,0.38393693327406153,0.38793910798874903,0.3919412827034366,0.3959434574181241,0.39994563213281165,0.4039478068474992,0.4079499815621867,0.4119521562768742,0.41595433099156176,0.4199565057062493,0.4239586804209369,0.4279608551356244,0.4319630298503119,0.43596520456499943,0.439967379279687,0.44396955399437454,0.44797172870906204,0.45197390342374955,0.4559760781384371,0.45997825285312466,0.4639804275678122,0.4679826022824997,0.4719847769971872,0.4759869517118748,0.47998912642656233,0.4839913011412499,0.4879934758559374,0.4919956505706249,0.49599782528531244,0.5,0.5040021747146876,0.5080043494293751,0.5120065241440626,0.5160086988587501,0.5200108735734377,0.5240130482881251,0.5280152230028128,0.5320173977175002,0.5360195724321878,0.5400217471468753,0.5440239218615628,0.5480260965762505,0.5520282712909379,0.5560304460056255,0.560032620720313,0.5640347954350005,0.5680369701496881,0.5720391448643756,0.5760413195790631,0.5800434942937507,0.5840456690084381,0.5880478437231258,0.5920500184378132,0.5960521931525008,0.6000543678671884,0.6040565425818758,0.6080587172965635,0.6120608920112509,0.6160630667259385,0.620065241440626,0.6240674161553135,0.6280695908700011,0.6320717655846886,0.6360739402993761,0.6400761150140637,0.6440782897287511,0.6480804644434388,0.6520826391581263,0.6560848138728138,0.6600869885875014,0.6640891633021888,0.6680913380168765,0.6720935127315639,0.6760956874462515,0.680097862160939,0.6841000368756265,0.6881022115903142,0.6921043863050016,0.6961065610196892,0.7001087357343767,0.02498641541884981,0.0,0.0,0.0,0.02498641541884981,0.02498641541884981,0.024986415418850157,0.02498641541884981,0.07495924625655047,0.09994566167539924,0.12493207709424906,0.07495924625655047,0.04997283083769962,0.14991849251310094,0.12493207709424906,0.4247690621204468,0.32482340044505204,0.34980981586389737,0.3498098158639022,0.4747418929581464,0.4997283083769962,0.6746332163089542,0.7745788779843441,1.0244430321728566,1.1743615246859411,1.4741985097121388,1.7240626639006609,2.098858895183413,1.8739811564137359,2.9733834348431274,2.898424188586578,2.8234649423300677,3.17327475819397,3.473111743220124,3.7229758974086216,4.247690621204468,4.547527606230728,4.372622698298778,5.422052145890409,5.072242330026512,5.771861961754306,6.42150876264449,6.42150876264449,5.896794038848555,7.271046886885294,7.171101225209895,6.42150876264449,8.045625764869751,7.470938210236094,7.246060471466445,7.246060471466445,7.470938210236094,8.045625764869863,6.421508762644401,7.171101225209895,7.271046886885497,5.896794038848392,6.421508762644579,6.421508762644401,5.771861961754306,5.072242330026652,5.422052145890259,4.372622698298838,4.547527606230665,4.247690621204468,3.722975897408725,3.473111743220027,3.173274758194014,2.8234649423300286,2.898424188586578,2.97338343484321,1.873981156413684,2.0988588951834424,1.724062663900637,1.4741985097121388,1.1743615246859738,1.0244430321728137,0.7745788779843656,0.6746332163089449,0.4997283083769962,0.4747418929581596,0.34980981586388765,0.349809815863907,0.32482340044504754,0.4247690621204468,0.12493207709425251,0.1499184925130947,0.04997283083770101,0.07495924625654943,0.12493207709424906,0.09994566167540202,0.07495924625654735,0.024986415418850504,0.02498641541884981,0.02498641541884981,0.024986415418850504,0.0,0.0,0.0,0.02498641541884981,0.5,0.05317849391752761
1.01,top_k,0.05,False,False,100,100,normal,0.3,2.0,2.0,0.5,0.1,0.1833969518261096,0.1897290127895874,0.19606107375306522,0.20239313471654302,0.20872519568002085,0.21505725664349865,0.22138931760697644,0.22772137857045427,0.23405343953393207,0.24038550049740987,0.2467175614608877,0.25304962242436546,0.2593816833878433,0.2657137443513211,0.27204580531479894,0.2783778662782767,0.28470992724175453,0.29104198820523236,0.29737404916871013,0.30370611013218796,0.3100381710956658,0.3163702320591436,0.3227022930226214,0.3290343539860992,0.335366414949577,0.3416984759130548,0.3480305368765326,0.35436259784001045,0.3606946588034882,0.36702671976696605,0.3733587807304438,0.37969084169392164,0.38602290265739947,0.3923549636208773,0.3986870245843551,0.4050190855478329,0.4113511465113107,0.4176832074747885,0.4240152684382663,0.43034732940174414,0.43667939036522196,0.44301145132869973,0.44934351229217756,0.4556755732556554,0.46200763421913316,0.468339695182611,0.4746717561460888,0.4810038171095666,0.4873358780730444,0.49366793903652223,0.5,0.5063320609634778,0.5126641219269557,0.5189961828904335,0.5253282438539113,0.5316603048173891,0.5379923657808668,0.5443244267443447,0.5506564877078225,0.5569885486713003,0.563320609634778,0.5696526705982559,0.5759847315617337,0.5823167925252115,0.5886488534886893,0.5949809144521672,0.601312975415645,0.6076450363791228,0.6139770973426006,0.6203091583060784,0.6266412192695562,0.632973280233034,0.6393053411965118,0.6456374021599895,0.6519694631234674,0.6583015240869452,0.664633585050423,0.6709656460139009,0.6772977069773787,0.6836297679408565,0.6899618289043343,0.696293889867812,0.7026259508312899,0.7089580117947677,0.7152900727582455,0.7216221337217233,0.7279541946852012,0.7342862556486789,0.7406183166121567,0.7469503775756345,0.7532824385391124,0.7596144995025902,0.765946560466068,0.7722786214295457,0.7786106823930236,0.7849427433565014,0.7912748043199792,0.797606865283457,0.8039389262469349,0.8102709872104127,0.8166030481738904,0.03158529286966194,0.0,0.0,0.0157926464348309,0.01579264643483097,0.0,0.0157926464348309,0.07896323217415485,0.047377939304492904,0.0315852928696618,0.11054852504381726,0.0157926464348309,0.07896323217415449,0.1105485250438163,0.17371911078314142,0.2210970500876326,0.15792646434830898,0.2368896965224656,0.2684749893921253,0.4579867466100961,0.5369499787842505,0.6001205645235794,0.5843279180887433,0.9317661396550313,0.9317661396550231,1.3423749469606265,1.4055455326999502,1.4371308255696245,1.2002411290471484,1.626642582787597,1.9424955114842006,2.226763147311157,2.10042197583251,2.084629329397679,2.4004822580943177,2.6215793081819294,2.5899940153122905,2.890054297574055,3.0637734083571946,3.4901748620976285,3.6165160335763082,3.363833690618982,4.264014537404343,3.6638939728808007,4.485111587491976,4.658830698275116,4.295599830274043,4.279807183839174,4.264014537404343,3.9955395480122524,3.995539548012218,4.264014537404343,4.279807183839174,4.295599830274004,4.658830698275116,4.485111587492054,3.6638939728807687,4.264014537404343,3.363833690618982,3.6165160335763393,3.4901748620976285,3.0637734083571946,2.890054297574055,2.589994015312268,2.6215793081819294,2.400482258094297,2.084629329397679,2.10042197583251,2.226763147311196,1.9424955114842006,1.6266425827875828,1.2002411290471484,1.4371308255696371,1.4055455326999502,1.3423749469606265,0.9317661396550231,0.9317661396550231,0.5843279180887433,0.6001205645235742,0.5369499787842505,0.4579867466101041,0.2684749893921253,0.2368896965224635,0.15792646434830898,0.2210970500876326,0.1737191107831399,0.11054852504381825,0.07896323217415449,0.0157926464348309,0.1105485250438163,0.0315852928696618,0.0473779393044927,0.07896323217415588,0.0157926464348309,0.0,0.0157926464348309,0.0157926464348309,0.0,0.0,0.03158529286966236,0.5,0.08885965879460896
1.01,top_k,0.05,False,False,100,100,normal,0.3,2.0,2.0,0.5,0.2,0.17539102557877054,0.18188320506719513,0.18837538455561972,0.19486756404404432,0.20135974353246888,0.20785192302089348,0.21434410250931807,0.22083628199774266,0.22732846148616725,0.23382064097459182,0.24031282046301644,0.246804999951441,0.2532971794398656,0.2597893589282902,0.26628153841671476,0.2727737179051394,0.27926589739356394,0.28575807688198857,0.29225025637041313,0.29874243585883775,0.3052346153472623,0.3117267948356869,0.3182189743241115,0.32471115381253607,0.33120333330096063,0.33769551278938525,0.3441876922778099,0.35067987176623444,0.357172051254659,0.3636642307430836,0.3701564102315082,0.37664858971993276,0.3831407692083574,0.389632948696782,0.39612512818520657,0.40261730767363113,0.40910948716205575,0.4156016666504803,0.4220938461389049,0.4285860256273295,0.4350782051157541,0.44157038460417863,0.44806256409260325,0.4545547435810279,0.4610469230694525,0.467539102557877,0.4740312820463016,0.48052346153472625,0.48701564102315076,0.4935078205115754,0.5,0.5064921794884246,0.5129843589768491,0.5194765384652738,0.5259687179536984,0.5324608974421229,0.5389530769305475,0.5454452564189721,0.5519374359073966,0.5584296153958213,0.5649217948842459,0.5714139743726705,0.577906153861095,0.5843983333495196,0.5908905128379442,0.5973826923263688,0.6038748718147934,0.610367051303218,0.6168592307916426,0.6233514102800671,0.6298435897684918,0.6363357692569164,0.6428279487453409,0.6493201282337655,0.6558123077221901,0.6623044872106147,0.6687966666990393,0.6752888461874639,0.6817810256758884,0.688273205164313,0.6947653846527376,0.7012575641411622,0.7077497436295868,0.7142419231180114,0.720734102606436,0.7272262820948605,0.7337184615832851,0.7402106410717098,0.7467028205601344,0.7531950000485589,0.7596871795369835,0.7661793590254081,0.7726715385138326,0.7791637180022573,0.7856558974906819,0.7921480769791065,0.798640256467531,0.8051324359559556,0.8116246154443802,0.8181167949328048,0.8246089744212294,0.015403147768526379,0.015403147768526379,0.015403147768526379,0.015403147768526443,0.0,0.015403147768526379,0.09241888661115827,0.061612591074105515,0.015403147768526443,0.1078220343796842,0.046209443305579335,0.1232251821482105,0.15403147768526443,0.030806295537052886,0.13862832991673682,0.24645036429642309,0.3388692509075789,0.30806295537052886,0.492900728592842,0.46209443305579334,0.44669128528726687,0.5083038763613683,0.8779794228060073,0.8009636839633751,0.9241888661115789,1.2938644125562102,1.4632990380100122,1.3554770036303272,1.7097494023064206,1.6789431067693825,1.7405556978434882,2.356681608584526,2.1256343920566314,2.5415193818068635,2.5107130862698104,2.4491004951956836,3.0806295537052892,2.7263571550291807,3.034420110399684,3.327079918001684,3.4194988046129002,3.7583680555204206,3.157645292547894,3.4503051001498943,3.95860897651133,3.7275617599833675,4.035624715353894,3.635142873372272,4.097237306427999,4.128043601965052,4.128043601965052,4.097237306428069,3.6351428733722098,4.035624715353894,3.727561759983432,3.958608976511262,3.4503051001498943,3.157645292547948,3.7583680555204206,3.419498804612841,3.327079918001684,3.0344201103997355,2.726357155029157,3.0806295537052626,2.449100495195726,2.510713086269789,2.5415193818068413,2.1256343920566314,2.3566816085845663,1.7405556978434735,1.678943106769368,1.7097494023064501,1.3554770036303156,1.4632990380099997,1.2938644125562102,0.9241888661115945,0.8009636839633683,0.8779794228060149,0.5083038763613683,0.44669128528726304,0.46209443305578946,0.49290072859285045,0.30806295537052625,0.3388692509075789,0.24645036429642522,0.13862832991673682,0.030806295537052625,0.15403147768526312,0.12322518214821261,0.04620944330557894,0.1078220343796842,0.015403147768526576,0.06161259107410525,0.09241888661115788,0.015403147768526313,0.0,0.015403147768526313,0.015403147768526313,0.015403147768526576,0.015403147768526313,0.5,0.0950776917626226
1.01,top_k,0.05,False,False,100,100,normal,0.3,2.0,2.0,0.5,0.3,0.17785105081801025,0.18429402980165005,0.19073700878528985,0.19717998776892964,0.20362296675256944,0.21006594573620924,0.21650892471984903,0.22295190370348883,0.22939488268712863,0.23583786167076842,0.2422808406544082,0.24872381963804802,0.2551667986216878,0.2616097776053276,0.2680527565889674,0.2744957355726072,0.28093871455624697,0.2873816935398868,0.29382467252352656,0.3002676515071664,0.30671063049080616,0.3131536094744459,0.31959658845808575,0.3260395674417256,0.33248254642536534,0.3389255254090051,0.34536850439264494,0.35181148337628476,0.35825446235992453,0.3646974413435643,0.3711404203272041,0.37758339931084395,0.3840263782944837,0.3904693572781235,0.3969123362617633,0.40335531524540313,0.4097982942290429,0.41624127321268267,0.4226842521963225,0.4291272311799623,0.4355702101636021,0.44201318914724186,0.4484561681308816,0.4548991471145215,0.4613421260981613,0.46778510508180104,0.4742280840654408,0.4806710630490807,0.48711404203272046,0.49355702101636023,0.5,0.5064429789836399,0.5128859579672796,0.5193289369509194,0.5257719159345592,0.5322148949181991,0.5386578739018388,0.5451008528854786,0.5515438318691184,0.5579868108527583,0.564429789836398,0.5708727688200378,0.5773157478036776,0.5837587267873174,0.5902017057709572,0.596644684754597,0.6030876637382367,0.6095306427218765,0.6159736217055164,0.6224166006891562,0.6288595796727959,0.6353025586564357,0.6417455376400756,0.6481885166237153,0.6546314956073551,0.6610744745909949,0.6675174535746348,0.6739604325582745,0.6804034115419143,0.6868463905255541,0.6932893695091938,0.6997323484928337,0.7061753274764735,0.7126183064601133,0.719061285443753,0.7255042644273929,0.7319472434110327,0.7383902223946724,0.7448332013783122,0.7512761803619521,0.7577191593455919,0.7641621383292316,0.7706051173128714,0.7770480962965113,0.783491075280151,0.7899340542637908,0.7963770332474306,0.8028200122310704,0.8092629912147102,0.81570597019835,0.8221489491819898,0.015520770788469583,0.0,0.015520770788469583,0.031041541576939165,0.0,0.0,0.015520770788469583,0.031041541576939165,0.10864539551928708,0.01552077078846965,0.046562312365408545,0.0931246247308179,0.031041541576939034,0.15520770788469648,0.12416616630775613,0.13968693709622684,0.18624924946163418,0.1862492494616358,0.3880192697117379,0.4035400405002109,0.5742685191733771,0.6053100607503111,0.5587477483849026,0.8070800810004218,0.8226008517888915,1.1019747259813357,0.9778085596735795,1.1795785799236933,1.505514766481556,1.3037447462314393,1.7228055575201164,1.5831186204239045,2.2039494519626905,2.2660325351165493,2.514364867732062,2.266032535116569,2.7316556587706584,3.073112616116964,3.476652656617172,3.492173427405671,3.771547301598125,3.5232149689826104,3.880192697117346,3.926755009482821,4.035400405002109,3.911234238694352,4.144045800521325,4.330295049983032,4.501023528656198,4.826959715214061,4.826959715213978,4.501023528656198,4.330295049983032,4.144045800521396,3.911234238694284,4.035400405002109,3.926755009482821,3.8801926971174123,3.52321496898255,3.771547301598125,3.492173427405671,3.476652656617202,3.0731126161169375,2.7316556587706584,2.266032535116569,2.5143648677320836,2.266032535116569,2.2039494519626524,1.5831186204239045,1.7228055575201313,1.3037447462314506,1.5055147664815303,1.1795785799236933,0.977808559673588,1.1019747259813453,0.8226008517888773,0.8070800810004218,0.5587477483849074,0.6053100607503163,0.5742685191733771,0.4035400405002039,0.3880192697117413,0.1862492494616358,0.1862492494616358,0.13968693709622443,0.1241661663077572,0.15520770788469648,0.0310415415769393,0.0931246247308163,0.04656231236540895,0.01552077078846965,0.10864539551928756,0.031041541576938766,0.01552077078846965,0.0,0.0,0.0310415415769393,0.015520770788469383,0.0,0.01552077078846965,0.5,0.08840604443557161
1.01,top_k,0.05,False,False,100,100,normal,0.3,2.0,2.0,0.5,0.4,0.18743570277985078,0.19368698872425377,0.19993827466865674,0.20618956061305974,0.2124408465574627,0.2186921325018657,0.2249434184462687,0.23119470439067166,0.23744599033507466,0.24369727627947763,0.24994856222388062,0.2561998481682836,0.2624511341126866,0.26870242005708955,0.27495370600149255,0.28120499194589554,0.28745627789029854,0.29370756383470153,0.2999588497791045,0.30621013572350747,0.31246142166791047,0.3187127076123134,0.32496399355671646,0.3312152795011194,0.3374665654455224,0.3437178513899254,0.34996913733432833,0.3562204232787314,0.3624717092231343,0.3687229951675373,0.3749742811119403,0.38122556705634325,0.3874768530007463,0.39372813894514924,0.39997942488955224,0.40623071083395523,0.4124819967783582,0.4187332827227612,0.42498456866716416,0.43123585461156716,0.43748714055597016,0.44373842650037315,0.4499897124447761,0.4562409983891791,0.4624922843335821,0.4687435702779851,0.4749948562223881,0.481246142166791,0.487497428111194,0.493748714055597,0.5,0.506251285944403,0.5125025718888059,0.5187538578332089,0.525005143777612,0.5312564297220149,0.5375077156664179,0.5437590016108209,0.5500102875552239,0.5562615734996268,0.5625128594440298,0.5687641453884329,0.5750154313328357,0.5812667172772388,0.5875180032216418,0.5937692891660448,0.6000205751104477,0.6062718610548508,0.6125231469992537,0.6187744329436566,0.6250257188880597,0.6312770048324627,0.6375282907768656,0.6437795767212686,0.6500308626656717,0.6562821486100746,0.6625334345544776,0.6687847204988806,0.6750360064432835,0.6812872923876865,0.6875385783320895,0.6937898642764925,0.7000411502208955,0.7062924361652985,0.7125437221097014,0.7187950080541045,0.7250462939985074,0.7312975799429104,0.7375488658873134,0.7438001518317163,0.7500514377761194,0.7563027237205223,0.7625540096649254,0.7688052956093283,0.7750565815537312,0.7813078674981343,0.7875591534425372,0.7938104393869403,0.8000617253313432,0.8063130112757462,0.8125642972201492,0.01599670865952527,0.01599670865952534,0.03199341731905054,0.0,0.01599670865952527,0.01599670865952527,0.03199341731905068,0.03199341731905054,0.03199341731905068,0.01599670865952527,0.07998354329762636,0.04799012597857581,0.11197696061667789,0.22395392123335378,0.12797366927620216,0.22395392123335378,0.15996708659525272,0.2879407558714574,0.28794075587145485,0.31993417319050543,0.5758815117429148,0.5118946771048041,0.7518453069976943,0.7198518896786371,0.8158321416357888,0.9278091022524739,1.1837564408048595,1.2797366927620328,1.1517630234858194,1.4397037793572742,1.9196050391430493,2.143558960376367,2.12756225171688,2.2715326296525884,2.6554536374811946,2.943394393352676,2.8634108500549975,3.10336147994793,3.391302235819357,3.871203495605115,3.7432298263289128,3.807216660967048,2.991384519331225,4.031170582200367,4.559061967964702,4.639045511262329,4.431088298688539,4.063163999519419,4.46308171600755,4.527068550645651,4.527068550645611,4.463081716007669,4.063163999519382,4.43108829868846,4.639045511262369,4.559061967964743,4.031170582200332,2.991384519331252,3.807216660967048,3.7432298263288795,3.871203495605081,3.3913022358194476,3.103361479947875,2.8634108500549975,2.943394393352676,2.655453637481218,2.271532629652568,2.12756225171688,2.143558960376405,1.919605039143015,1.4397037793572613,1.1517630234858502,1.2797366927620102,1.1837564408048595,0.9278091022524739,0.815832141635796,0.7198518896786307,0.7518453069976943,0.5118946771048132,0.5758815117429046,0.3199341731905082,0.2879407558714523,0.2879407558714574,0.1599670865952541,0.22395392123335178,0.1279736692762033,0.22395392123335178,0.11197696061667789,0.047990125978576235,0.07998354329762564,0.015996708659525412,0.031993417319050255,0.031993417319050824,0.031993417319050824,0.015996708659525127,0.015996708659525412,0.0,0.031993417319050824,0.015996708659525412,0.015996708659525127,0.5,0.08624669921562324
1.01,top_k,0.05,False,False,100,100,normal,0.3,2.0,2.0,0.75,0.1,0.2225954036535993,0.22814349558052732,0.23369158750745533,0.23923967943438335,0.24478777136131136,0.25033586328823937,0.2558839552151674,0.2614320471420954,0.2669801390690234,0.2725282309959514,0.2780763229228794,0.2836244148498075,0.28917250677673545,0.2947205987036635,0.30026869063059153,0.30581678255751954,0.31136487448444755,0.31691296641137556,0.3224610583383036,0.3280091502652316,0.3335572421921596,0.3391053341190876,0.3446534260460156,0.35020151797294363,0.35574960989987164,0.36129770182679966,0.36684579375372767,0.3723938856806557,0.37794197760758375,0.3834900695345117,0.38903816146143977,0.3945862533883677,0.4001343453152958,0.40568243724222375,0.4112305291691518,0.41677862109607977,0.42232671302300784,0.4278748049499358,0.43342289687686386,0.4389709888037919,0.4445190807307199,0.4500671726576479,0.4556152645845759,0.4611633565115039,0.46671144843843193,0.47225954036535994,0.47780763229228795,0.48335572421921597,0.488903816146144,0.494451908073072,0.5,0.505548091926928,0.511096183853856,0.5166442757807841,0.522192367707712,0.5277404596346401,0.5332885515615682,0.5388366434884961,0.5443847354154241,0.5499328273423522,0.5554809192692802,0.5610290111962082,0.5665771031231361,0.5721251950500642,0.5776732869769923,0.5832213789039202,0.5887694708308482,0.5943175627577763,0.5998656546847043,0.6054137466116323,0.6109618385385602,0.6165099304654883,0.6220580223924164,0.6276061143193443,0.6331542062462723,0.6387022981732005,0.6442503901001284,0.6497984820270564,0.6553465739539844,0.6608946658809125,0.6664427578078405,0.6719908497347684,0.6775389416616965,0.6830870335886245,0.6886351255155525,0.6941832174424805,0.6997313093694085,0.7052794012963366,0.7108274932232646,0.7163755851501925,0.7219236770771206,0.7274717690040486,0.7330198609309766,0.7385679528579047,0.7441160447848326,0.7496641367117607,0.7552122286386886,0.7607603205656167,0.7663084124925447,0.7718565044194727,0.7774045963464007,0.03604842937610451,0.018024214688052254,0.018024214688052254,0.05407264406415676,0.05407264406415676,0.09012107344026127,0.03604842937610451,0.1622179321924703,0.10814528812831352,0.10814528812831352,0.10814528812831245,0.18024214688052434,0.23431479094467694,0.3244358643849406,0.37850850844909734,0.3244358643849406,0.6308475140818289,0.6849201581459856,0.6668959434579333,0.7209685875220901,0.7389928022101424,0.9372591637787173,1.2977434575397624,1.2616950281636579,1.4239129603561282,1.6041551072366507,1.5861308925485984,1.928590971621572,2.036736259749925,2.180929977254301,2.2530268360065544,2.451293197575082,2.9739954235286516,3.0100438529046962,3.4606492201060677,3.406576576041842,2.8838743500883894,2.9920196382166444,3.5327460788582417,3.3885523613538235,4.379884169196697,3.5327460788582417,3.4065765760418762,3.8752061579312342,3.9292788019953915,4.055448304811757,4.163593592940071,4.109520948875914,4.379884169196697,4.0013756607476,4.00137566074764,4.379884169196654,4.109520948875873,4.163593592940113,4.0554483048117165,3.929278801995352,3.8752061579312738,3.4065765760419104,3.5327460788582066,4.379884169196654,3.3885523613538577,3.532746078858277,2.9920196382166444,2.883874350088332,3.4065765760419104,3.4606492201060677,3.0100438529046962,2.973995423528592,2.451293197575131,2.2530268360065544,2.180929977254301,2.036736259749884,1.9285909716216105,1.5861308925486142,1.6041551072366025,1.4239129603561422,1.2616950281636703,1.2977434575397493,0.9372591637787078,0.7389928022101497,0.7209685875220974,0.6668959434579268,0.6849201581459788,0.6308475140818351,0.3244358643849438,0.37850850844909356,0.3244358643849373,0.23431479094468163,0.18024214688052434,0.10814528812831245,0.10814528812831245,0.10814528812831462,0.16221793219246866,0.03604842937610487,0.09012107344026038,0.05407264406415731,0.054072644064156225,0.018024214688052435,0.018024214688052074,0.03604842937610487,0.5,0.08885203800014163
1.01,top_k,0.05,False,False,100,100,normal,0.3,2.0,2.0,0.75,0.2,0.2399751097455231,0.24517560755061266,0.2503761053557022,0.2555766031607917,0.26077710096588125,0.26597759877097077,0.27117809657606035,0.27637859438114987,0.2815790921862394,0.2867795899913289,0.2919800877964185,0.297180585601508,0.30238108340659753,0.3075815812116871,0.3127820790167766,0.31798257682186615,0.3231830746269557,0.32838357243204525,0.33358407023713477,0.3387845680422243,0.3439850658473138,0.3491855636524034,0.3543860614574929,0.35958655926258243,0.364787057067672,0.3699875548727615,0.37518805267785105,0.3803885504829406,0.38558904828803015,0.39078954609311967,0.39599004389820924,0.4011905417032987,0.4063910395083883,0.41159153731347786,0.41679203511856733,0.4219925329236569,0.4271930307287464,0.43239352853383595,0.4375940263389255,0.44279452414401504,0.44799502194910457,0.45319551975419414,0.45839601755928366,0.4635965153643732,0.46879701316946276,0.4739975109745522,0.4791980087796418,0.4843985065847313,0.48959900438982085,0.4947995021949104,0.49999999999999994,0.5052004978050895,0.510400995610179,0.5156014934152686,0.5208019912203581,0.5260024890254476,0.5312029868305372,0.5364034846356267,0.5416039824407162,0.5468044802458059,0.5520049780508953,0.5572054758559848,0.5624059736610744,0.5676064714661639,0.5728069692712534,0.578007467076343,0.5832079648814326,0.588408462686522,0.5936089604916116,0.5988094582967012,0.6040099561017906,0.6092104539068802,0.6144109517119698,0.6196114495170593,0.6248119473221488,0.6300124451272384,0.6352129429323279,0.6404134407374175,0.645613938542507,0.6508144363475965,0.656014934152686,0.6612154319577757,0.6664159297628651,0.6716164275679546,0.6768169253730443,0.6820174231781337,0.6872179209832232,0.6924184187883128,0.6976189165934024,0.7028194143984918,0.7080199122035814,0.713220410008671,0.7184209078137604,0.72362140561885,0.7288219034239396,0.7340224012290291,0.7392228990341186,0.7444233968392082,0.7496238946442977,0.7548243924493871,0.7600248902544768,0.05768678523552116,0.0,0.01922892841184049,0.03845785682368098,0.03845785682368098,0.0,0.057686785235521475,0.03845785682368098,0.03845785682368098,0.05768678523552086,0.11537357047104295,0.21151821253024541,0.17306035570656256,0.1922892841184049,0.15383142729472393,0.269204997765764,0.34612071141312883,0.3845785682368098,0.5191810671196933,0.5576389239433742,0.4422653534723266,0.7499282080617791,1.0768199910630674,1.3460249888288198,1.461398559299877,1.134506776298589,1.422940702476181,1.5383142729472392,1.6344589150064415,1.8652060559485075,2.3651581946564058,2.0574953400669105,2.4420739083037164,2.7881946197169007,2.884339261776043,3.172773187953681,3.3073756868365645,3.38429140048389,3.730412111897055,3.9996171096628217,4.134219608545662,5.095666029137729,4.4034246063114715,4.211135322193022,5.191810671196988,4.826461031371911,5.7109917383166255,5.172581742785092,5.384099955315279,5.941738879258712,5.941738879258712,5.384099955315279,5.172581742785036,5.710991738316687,4.826461031372014,5.191810671196766,4.211135322193113,4.403424606311519,5.095666029137567,4.13421960854575,3.9996171096628648,3.730412111897015,3.38429140048389,3.307375686836599,3.172773187953647,2.884339261776043,2.7881946197169007,2.4420739083037164,2.0574953400669105,2.3651581946564058,1.8652060559485075,1.6344589150064242,1.5383142729472556,1.422940702476181,1.1345067762985768,1.4613985592998928,1.3460249888288198,1.076819991063056,0.7499282080617871,0.44226535347233603,0.5576389239433563,0.5191810671196988,0.3845785682368139,0.34612071141311773,0.2692049977657697,0.15383142729472557,0.19228928411840285,0.17306035570656256,0.21151821253024763,0.11537357047104171,0.05768678523552086,0.03845785682368139,0.03845785682368057,0.05768678523552086,0.0,0.03845785682368057,0.03845785682368057,0.019228928411840696,0.0,0.05768678523551962,0.5,0.07419114179317704
1.01,top_k,0.05,False,False,100,100,normal,0.3,2.0,2.0,0.75,0.3,0.23661731341797718,0.24188496714961763,0.24715262088125808,0.25242027461289857,0.257687928344539,0.2629555820761795,0.2682232358078199,0.2734908895394604,0.27875854327110083,0.2840261970027413,0.28929385073438174,0.2945615044660222,0.29982915819766265,0.3050968119293031,0.31036446566094356,0.315632119392584,0.32089977312422446,0.3261674268558649,0.33143508058750537,0.3367027343191459,0.3419703880507863,0.3472380417824268,0.3525056955140672,0.3577733492457077,0.3630410029773481,0.3683086567089886,0.373576310440629,0.3788439641722695,0.38411161790390996,0.3893792716355504,0.39464692536719087,0.3999145790988313,0.4051822328304718,0.41044988656211223,0.4157175402937527,0.42098519402539314,0.4262528477570336,0.43152050148867405,0.43678815522031456,0.44205580895195495,0.44732346268359546,0.45259111641523586,0.45785877014687637,0.46312642387851677,0.4683940776101573,0.4736617313417977,0.4789293850734382,0.4841970388050786,0.4894646925367191,0.4947323462683595,0.5,0.5052676537316404,0.5105353074632809,0.5158029611949213,0.5210706149265618,0.5263382686582023,0.5316059223898427,0.5368735761214832,0.5421412298531236,0.5474088835847641,0.5526765373164045,0.557944191048045,0.5632118447796854,0.568479498511326,0.5737471522429664,0.5790148059746069,0.5842824597062473,0.5895501134378878,0.5948177671695282,0.6000854209011687,0.6053530746328091,0.6106207283644496,0.61588838209609,0.6211560358277305,0.6264236895593709,0.6316913432910114,0.6369589970226519,0.6422266507542923,0.6474943044859328,0.6527619582175732,0.6580296119492137,0.6632972656808541,0.6685649194124946,0.673832573144135,0.6791002268757755,0.6843678806074159,0.6896355343390564,0.6949031880706968,0.7001708418023374,0.7054384955339777,0.7107061492656183,0.7159738029972587,0.7212414567288992,0.7265091104605396,0.7317767641921801,0.7370444179238206,0.742312071655461,0.7475797253871015,0.7528473791187419,0.7581150328503824,0.7633826865820228,0.03796756776146635,0.0,0.018983783880733074,0.018983783880733174,0.05695135164219952,0.018983783880733174,0.018983783880733174,0.03796756776146635,0.0759351355229327,0.0759351355229327,0.03796756776146635,0.1328864871651322,0.1518702710458654,0.17085405492659855,0.3417081098531971,0.36069189373393035,0.36069189373393035,0.41764324537612985,0.39865946149539244,0.5505297325412678,0.8732540585137168,0.8542702746330019,1.2149621683669103,1.1959783844862026,1.0441081134403136,1.3478486555320697,1.5566702782201038,1.8983783880733176,1.632605413743053,1.8414270364311178,2.3160216334494472,2.4299243367338463,2.7526486627063105,3.0184216370365746,2.999437853155842,3.0184216370365746,3.4550486662934374,3.5120000179356,3.4170810985320075,3.8726919116695266,4.594075699137476,4.556108131375914,4.32830272480721,4.366270292568585,4.157448669880609,5.543264893174029,4.821881105706277,5.068670296155704,4.764929754064077,5.182572999440103,5.182572999440211,4.764929754063977,5.068670296155811,4.821881105706176,5.543264893174029,4.157448669880609,4.366270292568585,4.32830272480721,4.556108131375914,4.594075699137476,3.8726919116695266,3.4170810985320075,3.5120000179356,3.455048666293474,3.018421637036543,2.999437853155873,3.018421637036543,2.7526486627063393,2.4299243367338206,2.3160216334494717,1.8414270364310985,1.63260541374307,1.8983783880732976,1.5566702782201367,1.3478486555320413,1.0441081134403136,1.1959783844862026,1.2149621683669103,0.8542702746330019,0.8732540585137168,0.5505297325412678,0.39865946149539244,0.4176432453761342,0.3606918937339265,0.3606918937339341,0.34170810985319355,0.17085405492660036,0.15187027104586379,0.13288648716513363,0.037967567761465947,0.0759351355229335,0.07593513552293189,0.03796756776146675,0.018983783880732973,0.018983783880732973,0.056951351642200124,0.018983783880732973,0.018983783880733376,0.0,0.03796756776146675,0.5,0.07711350100269454
1.01,top_k,0.05,False,False,100,100,normal,0.3,2.0,2.0,0.75,0.4,0.16697879593693646,0.17363922001819773,0.180299644099459,0.18696006818072028,0.19362049226198155,0.2002809163432428,0.20694134042450407,0.21360176450576535,0.22026218858702662,0.2269226126682879,0.23358303674954917,0.24024346083081044,0.2469038849120717,0.253564308993333,0.26022473307459426,0.26688515715585553,0.2735455812371168,0.2802060053183781,0.28686642939963936,0.2935268534809006,0.3001872775621619,0.3068477016434231,0.31350812572468445,0.32016854980594567,0.326828973887207,0.3334893979684682,0.34014982204972954,0.34681024613099076,0.35347067021225204,0.3601310942935133,0.3667915183747746,0.37345194245603586,0.38011236653729713,0.3867727906185584,0.3934332146998197,0.40009363878108095,0.4067540628623422,0.4134144869436035,0.4200749110248647,0.42673533510612605,0.43339575918738726,0.4400561832686486,0.4467166073499098,0.45337703143117114,0.46003745551243236,0.4666978795936937,0.4733583036749549,0.48001872775621623,0.48667915183747745,0.4933395759187388,0.5,0.5066604240812613,0.5133208481625225,0.5199812722437839,0.5266416963250451,0.5333021204063063,0.5399625444875676,0.5466229685688289,0.5532833926500902,0.5599438167313514,0.5666042408126127,0.573264664893874,0.5799250889751353,0.5865855130563965,0.5932459371376578,0.599906361218919,0.6065667853001804,0.6132272093814416,0.6198876334627029,0.6265480575439641,0.6332084816252255,0.6398689057064867,0.646529329787748,0.6531897538690092,0.6598501779502706,0.6665106020315318,0.673171026112793,0.6798314501940543,0.6864918742753156,0.6931522983565769,0.6998127224378381,0.7064731465190994,0.7131335706003606,0.719793994681622,0.7264544187628832,0.7331148428441445,0.7397752669254057,0.746435691006667,0.7530961150879283,0.7597565391691895,0.7664169632504508,0.773077387331712,0.7797378114129734,0.7863982354942346,0.7930586595754959,0.7997190836567571,0.8063795077380185,0.8130399318192797,0.819700355900541,0.8263607799818022,0.8330212040630636,0.015014058981821345,0.0,0.0,0.0,0.0,0.0,0.0,0.0,0.0,0.0,0.0,0.04504217694546404,0.0,0.04504217694546404,0.015014058981821345,0.06005623592728538,0.06005623592728538,0.07507029490910673,0.03002811796364294,0.10509841287274853,0.13512653083639323,0.18016870778185462,0.255239002690965,0.3152952386182456,0.4954639464001085,0.4654358284364578,0.4354077104728226,0.7657170080728886,0.6456045362183178,1.0359700697456729,1.1861106595638862,1.486391839200313,1.756644900873097,1.8467292547640253,1.666560546982169,2.432277555055058,2.702530616727842,2.687516557746043,3.0178258553460653,3.182980504146151,3.69345850952802,4.113852161019082,4.113852161019014,4.429147399637333,4.744442638255505,4.894583228073799,5.284948761601069,5.42007529243755,5.6603002361465995,5.570215882255765,5.570215882255672,5.660300236146694,5.420075292437461,5.284948761601157,4.894583228073799,4.744442638255505,4.429147399637333,4.113852161019014,4.113852161019082,3.69345850952802,3.182980504146151,3.0178258553460653,2.687516557746043,2.7025306167278194,2.432277555055078,1.6665605469821552,1.8467292547640408,1.7566449008730827,1.4863918392003255,1.1861106595638762,1.0359700697456813,0.6456045362183124,0.7657170080728949,0.43540771047281535,0.4654358284364655,0.4954639464001085,0.3152952386182456,0.255239002690965,0.18016870778185462,0.13512653083639323,0.10509841287274853,0.03002811796364294,0.0750702949091061,0.06005623592728588,0.06005623592728487,0.01501405898182147,0.04504217694546441,0.0,0.04504217694546441,0.0,0.0,0.0,0.0,0.0,0.0,0.0,0.0,0.0,0.0,0.015014058981821218,0.5,0.0735129684060541
1.01,top_k,0.05,False,False,100,100,normal,0.3,2.0,2.0,1.0,0.1,0.2563730773688779,0.2612456158215003,0.2661181542741228,0.2709906927267452,0.2758632311793677,0.2807357696319901,0.2856083080846125,0.290480846537235,0.2953533849898574,0.3002259234424799,0.3050984618951023,0.30997100034772473,0.3148435388003472,0.31971607725296963,0.32458861570559205,0.32946115415821453,0.33433369261083695,0.33920623106345943,0.34407876951608185,0.3489513079687043,0.35382384642132675,0.35869638487394917,0.36356892332657165,0.36844146177919407,0.3733140002318165,0.37818653868443897,0.3830590771370614,0.3879316155896838,0.3928041540423063,0.39767669249492876,0.40254923094755113,0.4074217694001736,0.4122943078527961,0.4171668463054185,0.4220393847580409,0.4269119232106634,0.4317844616632858,0.43665700011590824,0.4415295385685307,0.44640207702115314,0.45127461547377556,0.45614715392639804,0.4610196923790205,0.46589223083164294,0.47076476928426536,0.47563730773688784,0.48050984618951026,0.4853823846421327,0.49025492309475516,0.4951274615473776,0.5,0.5048725384526225,0.509745076905245,0.5146176153578674,0.5194901538104898,0.5243626922631122,0.5292352307157346,0.5341077691683571,0.5389803076209796,0.5438528460736021,0.5487253845262244,0.5535979229788469,0.5584704614314693,0.5633429998840918,0.5682155383367142,0.5730880767893367,0.5779606152419592,0.5828331536945816,0.587705692147204,0.5925782305998264,0.5974507690524489,0.6023233075050713,0.6071958459576938,0.6120683844103163,0.6169409228629387,0.621813461315561,0.6266859997681835,0.631558538220806,0.6364310766734285,0.6413036151260509,0.6461761535786733,0.6510486920312958,0.6559212304839181,0.6607937689365406,0.6656663073891631,0.6705388458417856,0.6754113842944081,0.6802839227470304,0.6851564611996528,0.6900289996522753,0.6949015381048977,0.6997740765575202,0.7046466150101427,0.7095191534627651,0.7143916919153875,0.7192642303680099,0.7241367688206324,0.7290093072732549,0.7338818457258773,0.7387543841784998,0.7436269226311222,0.020523183341155486,0.0,0.0,0.0410463666823105,0.020523183341155486,0.0,0.02052318334115525,0.04104636668231097,0.06156955002346575,0.020523183341155486,0.08209273336462194,0.14366228338808676,0.10261591670577744,0.1641854667292439,0.164185466729242,0.24627820009386583,0.2052318334115525,0.41046366682310975,0.2873245667761735,0.4720332168465761,0.759357783622753,0.43098685016426025,0.759357783622753,1.1492982671047072,0.985112800375452,1.026159167057774,1.1698214504458626,1.64185466729242,1.5392387505866438,1.9291792340686373,2.052318334115525,2.4833051842797853,3.0169079511498564,2.7706297510559903,3.0784775011732877,3.81731210145492,3.7967889181137644,3.8173121014548763,4.350914868324963,4.9666103685596275,4.576669885077621,5.151319018629968,5.212888568653493,5.08974946860656,5.561782685453073,5.95172316893509,5.828584068888158,5.849107252229246,5.130795835288871,6.218524552370112,6.218524552370041,5.130795835288812,5.849107252229246,5.828584068888224,5.951723168935158,5.561782685453073,5.089749468606502,5.212888568653433,5.151319018629968,4.576669885077726,4.966610368559571,4.350914868325012,3.8173121014548763,3.7967889181137218,3.8173121014548763,3.0784775011732877,2.770629751056022,3.016907951149822,2.483305184279842,2.052318334115525,1.9291792340685938,1.5392387505866438,1.64185466729242,1.169821450445876,1.026159167057786,0.985112800375452,1.149298267104694,0.7593577836227443,0.43098685016426025,0.7593577836227616,0.47203321684657074,0.28732456677618007,0.410463666823105,0.2052318334115525,0.246278200093863,0.164185466729242,0.16418546672924575,0.10261591670577859,0.14366228338808676,0.082092733364621,0.02052318334115525,0.06156955002346575,0.04104636668231144,0.02052318334115525,0.0,0.02052318334115525,0.0410463666823105,0.0,0.0,0.02052318334115572,0.5,0.0656308036433222
1.01,top_k,0.05,False,False,100,100,normal,0.3,2.0,2.0,1.0,0.2,0.2690507778662623,0.2736697623089371,0.2782887467516118,0.2829077311942866,0.2875267156369613,0.2921457000796361,0.2967646845223108,0.3013836689649856,0.3060026534076603,0.3106216378503351,0.31524062229300986,0.3198596067356846,0.3244785911783593,0.3290975756210341,0.33371656006370887,0.3383355445063836,0.34295452894905837,0.3475735133917331,0.35219249783440787,0.3568114822770826,0.36143046671975737,0.36604945116243215,0.37066843560510687,0.3752874200477816,0.3799064044904564,0.38452538893313115,0.3891443733758059,0.39376335781848065,0.39838234226115543,0.40300132670383015,0.4076203111465049,0.41223929558917966,0.41685828003185443,0.42147726447452916,0.4260962489172039,0.43071523335987866,0.43533421780255344,0.43995320224522816,0.44457218668790294,0.4491911711305777,0.45381015557325244,0.45842914001592716,0.46304812445860194,0.4676671089012767,0.47228609334395144,0.47690507778662616,0.48152406222930094,0.4861430466719757,0.49076203111465044,0.4953810155573252,0.5,0.5046189844426747,0.5092379688853494,0.5138569533280242,0.518475937770699,0.5230949222133737,0.5277139066560486,0.5323328910987233,0.536951875541398,0.5415708599840727,0.5461898444267475,0.5508088288694222,0.555427813312097,0.5600467977547717,0.5646657821974466,0.5692847666401213,0.573903751082796,0.5785227355254707,0.5831417199681455,0.5877607044108203,0.592379688853495,0.5969986732961698,0.6016176577388446,0.6062366421815193,0.610855626624194,0.6154746110668687,0.6200935955095436,0.6247125799522183,0.6293315643948931,0.6339505488375679,0.6385695332802426,0.6431885177229173,0.647807502165592,0.6524264866082667,0.6570454710509416,0.6616644554936163,0.6662834399362911,0.6709024243789659,0.6755214088216406,0.6801403932643153,0.68475937770699,0.6893783621496649,0.6939973465923396,0.6986163310350144,0.7032353154776891,0.7078542999203639,0.7124732843630386,0.7170922688057133,0.7217112532483881,0.7263302376910629,0.7309492221337376,0.021649780647906153,0.0,0.021649780647906153,0.02164978064790641,0.021649780647906153,0.0,0.0,0.02164978064790641,0.08659912259162461,0.021649780647906153,0.10824890323953207,0.06494934194371924,0.19484802583115535,0.19484802583115535,0.1948480258311577,0.5845440774934662,0.4979449549018474,0.3896960516623107,0.34639649036650255,0.5845440774934662,0.4762951742539353,0.9309405678599758,1.0175396904516014,0.9309405678599645,0.9525903485078706,1.4505353034097295,1.710332671184586,1.9701300389594598,1.9917798196073897,2.1649780647906414,2.554674116452926,3.139218193946392,2.53302433580505,3.204167535890149,3.528914245608703,3.7454120520877643,4.113458323102218,4.156757884397981,4.373255690877043,4.871200645778943,5.044398890962194,4.568103716708198,5.022749110314227,5.67224252975148,5.585643407159854,5.325846039384913,5.888740336230474,5.499044284568229,6.451634633076033,5.996989239470004,5.996989239470077,6.451634633076111,5.499044284568229,5.888740336230402,5.325846039384977,5.58564340715972,5.67224252975148,5.022749110314288,4.568103716708253,5.044398890962194,4.871200645778943,4.373255690876991,4.156757884398031,4.113458323102119,3.7454120520878096,3.5289142456087452,3.204167535890149,2.53302433580505,3.139218193946354,2.5546741164529565,2.1649780647905894,1.9917798196073897,1.9701300389594836,1.7103326711846065,1.4505353034097295,0.9525903485078592,0.9309405678599758,1.017539690451577,0.9309405678599758,0.4762951742539411,0.5845440774934731,0.34639649036650255,0.3896960516623154,0.49794495490183555,0.5845440774934731,0.19484802583115302,0.1948480258311577,0.1948480258311577,0.06494934194371924,0.10824890323953207,0.021649780647905893,0.08659912259162564,0.021649780647905893,0.0,0.0,0.02164978064790641,0.02164978064790641,0.021649780647905893,0.0,0.02164978064790641,0.5,0.06496185900373619
1.01,top_k,0.05,False,False,100,100,normal,0.3,2.0,2.0,1.0,0.3,0.25782100113759177,0.2626645811148399,0.2675081610920881,0.27235174106933624,0.2771953210465844,0.2820389010238326,0.28688248100108077,0.2917260609783289,0.2965696409555771,0.30141322093282524,0.3062568009100734,0.31110038088732156,0.3159439608645698,0.32078754084181793,0.3256311208190661,0.33047470079631425,0.3353182807735624,0.34016186075081056,0.3450054407280587,0.3498490207053069,0.35469260068255504,0.3595361806598032,0.3643797606370514,0.36922334061429957,0.3740669205915477,0.3789105005687959,0.38375408054604404,0.38859766052329225,0.3934412405005404,0.39828482047778857,0.40312840045503673,0.4079719804322849,0.41281556040953304,0.4176591403867812,0.42250272036402936,0.4273463003412775,0.4321898803185257,0.43703346029577383,0.44187704027302205,0.4467206202502702,0.45156420022751836,0.4564077802047665,0.4612513601820147,0.4660949401592629,0.47093852013651105,0.4757821001137592,0.48062568009100737,0.4854692600682555,0.4903128400455037,0.49515642002275184,0.5,0.5048435799772482,0.5096871599544963,0.5145307399317445,0.5193743199089926,0.5242178998862408,0.529061479863489,0.5339050598407371,0.5387486398179853,0.5435922197952334,0.5484357997724817,0.5532793797497298,0.558122959726978,0.5629665397042262,0.5678101196814743,0.5726536996587225,0.5774972796359706,0.5823408596132188,0.587184439590467,0.5920280195677152,0.5968715995449634,0.6017151795222115,0.6065587594994597,0.6114023394767079,0.616245919453956,0.6210894994312042,0.6259330794084523,0.6307766593857005,0.6356202393629486,0.6404638193401968,0.645307399317445,0.6501509792946931,0.6549945592719413,0.6598381392491894,0.6646817192264376,0.6695252992036858,0.6743688791809339,0.6792124591581821,0.6840560391354302,0.6888996191126784,0.6937431990899265,0.6985867790671747,0.703430359044423,0.7082739390216711,0.7131175189989193,0.7179610989761674,0.7228046789534156,0.7276482589306638,0.7324918389079119,0.7373354188851601,0.7421789988624082,0.041291771982596315,0.020645885991298157,0.020645885991298157,0.041291771982596315,0.04129177198259584,0.041291771982596315,0.1032294299564908,0.16516708793038526,0.041291771982596315,0.1445212019390871,0.08258354396519263,0.10322942995648962,0.1445212019390871,0.2683965178868761,0.24775063189557792,0.22710474590427976,0.4129177198259632,0.2890424038781742,0.5161471497824539,0.5780848077563484,0.7432518956867337,0.8464813256432148,0.8051895536606282,1.052940185556206,1.5277955633560638,1.713608537277747,1.4658579053821523,1.8374838532255362,1.7755461952516416,2.3949227749905866,2.02329682714722,2.2916933450340955,2.931715810764339,3.427217074555494,3.551092390503283,3.117528784686022,2.849132266799146,4.025947768303095,3.736905364424967,4.1704689702422275,4.397573716146508,4.438865488129104,5.512451559676545,5.450513901702714,5.388576243728819,5.553743331659205,5.904723393511273,5.739556305580888,5.533097445667907,5.4918056736853105,5.4918056736853105,5.533097445667907,5.739556305580888,5.904723393511273,5.553743331659205,5.388576243728819,5.450513901702714,5.512451559676609,4.438865488129104,4.3975737161464075,4.1704689702422275,3.736905364424967,4.025947768303141,2.849132266799146,3.117528784686022,3.551092390503283,3.427217074555494,2.931715810764339,2.291693345034043,2.02329682714722,2.3949227749905866,1.7755461952516416,1.8374838532255362,1.4658579053821694,1.713608537277747,1.5277955633560638,1.052940185556206,0.8051895536606282,0.8464813256432245,0.7432518956867337,0.5780848077563484,0.5161471497824539,0.2890424038781742,0.4129177198259632,0.22710474590427976,0.24775063189557792,0.2683965178868761,0.1445212019390871,0.1032294299564908,0.08258354396519263,0.1445212019390871,0.04129177198259537,0.16516708793038526,0.1032294299564908,0.041291771982596315,0.041291771982596315,0.041291771982596315,0.020645885991298157,0.020645885991298157,0.041291771982596315,0.5,0.06975648691615251
1.01,top_k,0.05,False,False,100,100,normal,0.3,2.0,2.0,1.0,0.4,0.24892835564332585,0.25394978853045935,0.2589712214175928,0.2639926543047263,0.26901408719185976,0.2740355200789933,0.27905695296612676,0.28407838585326023,0.2890998187403937,0.2941212516275272,0.2991426845146607,0.30416411740179417,0.30918555028892764,0.3142069831760611,0.31922841606319463,0.3242498489503281,0.32927128183746157,0.3342927147245951,0.33931414761172857,0.34433558049886204,0.3493570133859955,0.354378446273129,0.3593998791602625,0.364421312047396,0.36944274493452944,0.37446417782166297,0.3794856107087964,0.3845070435959299,0.3895284764830634,0.39454990937019685,0.3995713422573304,0.40459277514446385,0.4096142080315973,0.4146356409187308,0.41965707380586426,0.4246785066929978,0.42969993958013125,0.4347213724672647,0.43974280535439825,0.44476423824153166,0.4497856711286652,0.45480710401579866,0.45982853690293213,0.46484996979006565,0.4698714026771991,0.4748928355643326,0.4799142684514661,0.48493570133859953,0.48995713422573306,0.49497856711286653,0.5,0.5050214328871335,0.5100428657742669,0.5150642986614005,0.520085731548534,0.5251071644356674,0.5301285973228009,0.5351500302099343,0.5401714630970679,0.5451928959842014,0.5502143288713348,0.5552357617584683,0.5602571946456019,0.5652786275327353,0.5703000604198688,0.5753214933070022,0.5803429261941357,0.5853643590812693,0.5903857919684027,0.5954072248555362,0.6004286577426696,0.6054500906298032,0.6104715235169367,0.6154929564040701,0.6205143892912036,0.6255358221783371,0.6305572550654706,0.6355786879526041,0.6406001208397375,0.645621553726871,0.6506429866140045,0.655664419501138,0.6606858523882715,0.6657072852754049,0.6707287181625384,0.675750151049672,0.6807715839368054,0.6857930168239389,0.6908144497110724,0.6958358825982058,0.7008573154853394,0.7058787483724728,0.7109001812596063,0.7159216141467398,0.7209430470338732,0.7259644799210068,0.7309859128081402,0.7360073456952737,0.7410287785824072,0.7460502114695406,0.7510716443566742,0.019914634377815082,0.0,0.0,0.019914634377815193,0.03982926875562994,0.019914634377815193,0.0,0.039829268755630386,0.11948780626688983,0.059743903133445575,0.11948780626689115,0.15931707502252154,0.07965853751126077,0.11948780626688983,0.059743903133445575,0.15931707502252154,0.31863415004503953,0.2588902469115975,0.33854878442285824,0.3186341500450431,0.4381219563119343,0.6372683000900791,0.7766707407347925,0.9160731813794988,0.8762439126238587,1.254621965802371,1.473682943958308,1.5732561158474,1.553341481469585,1.9516341690258672,2.0312927065371498,2.369841490960008,2.6486463722494205,3.1465122316948,2.8278780816497258,2.6486463722494205,3.166426866072616,3.7837805317848447,4.401134197497206,4.042670778696439,4.7197683475422005,4.779512250675646,4.8790854225646685,5.416780550765732,5.596012260166069,6.233280560256086,5.914646410211178,5.396865916387857,5.854902507077667,6.014219582100188,6.014219582100122,5.854902507077732,5.396865916387857,5.914646410211047,6.233280560256224,5.596012260166007,5.416780550765792,4.8790854225646685,4.779512250675594,4.719768347542253,4.042670778696439,4.401134197497109,3.7837805317849287,3.1664268660725807,2.64864637224945,2.8278780816497258,3.146512231694766,2.64864637224945,2.3698414909599816,2.031292706537172,1.9516341690258672,1.5533414814695679,1.5732561158474176,1.473682943958308,1.2546219658023432,0.8762439126238781,0.9160731813794888,0.776670740734801,0.6372683000900791,0.43812195631192935,0.3186341500450466,0.3385487844228545,0.25889024691160034,0.31863415004503953,0.15931707502251977,0.059743903133446234,0.11948780626688983,0.07965853751125988,0.1593170750225233,0.11948780626688983,0.059743903133446234,0.11948780626688983,0.03982926875562994,0.0,0.01991463437781497,0.03982926875563082,0.01991463437781497,0.0,0.0,0.01991463437781497,0.5,0.06709958688316446
1.01,top_k,0.05,False,False,100,100,normal,0.3,2.0,2.0,1.25,0.1,0.27905423009198377,0.2834731454901441,0.28789206088830444,0.29231097628646474,0.29672989168462505,0.3011488070827854,0.3055677224809457,0.309986637879106,0.3144055532772664,0.3188244686754267,0.323243384073587,0.32766229947174735,0.33208121486990766,0.33650013026806797,0.3409190456662283,0.34533796106438863,0.34975687646254894,0.35417579186070924,0.3585947072588696,0.3630136226570299,0.36743253805519027,0.3718514534533506,0.3762703688515109,0.3806892842496712,0.38510819964783155,0.38952711504599186,0.3939460304441522,0.3983649458423125,0.40278386124047283,0.40720277663863313,0.4116216920367935,0.4160406074349538,0.42045952283311416,0.42487843823127447,0.4292973536294348,0.4337162690275951,0.43813518442575544,0.44255409982391575,0.4469730152220761,0.4513919306202364,0.4558108460183967,0.460229761416557,0.4646486768147174,0.4690675922128777,0.47348650761103805,0.47790542300919836,0.48232433840735867,0.48674325380551897,0.49116216920367933,0.49558108460183964,0.5,0.5044189153981603,0.5088378307963206,0.5132567461944809,0.5176756615926412,0.5220945769908016,0.526513492388962,0.5309324077871223,0.5353513231852826,0.5397702385834429,0.5441891539816033,0.5486080693797635,0.5530269847779239,0.5574459001760842,0.5618648155742445,0.5662837309724048,0.5707026463705651,0.5751215617687255,0.5795404771668857,0.5839593925650461,0.5883783079632064,0.5927972233613668,0.5972161387595272,0.6016350541576874,0.6060539695558478,0.6104728849540081,0.6148918003521684,0.6193107157503287,0.623729631148489,0.6281485465466494,0.6325674619448096,0.63698637734297,0.6414052927411303,0.6458242081392906,0.6502431235374511,0.6546620389356113,0.6590809543337717,0.663499869731932,0.6679187851300923,0.6723377005282526,0.6767566159264129,0.6811755313245733,0.6855944467227335,0.6900133621208939,0.6944322775190542,0.6988511929172145,0.703270108315375,0.7076890237135351,0.7121079391116956,0.7165268545098558,0.7209457699080162,0.022629987449325744,0.0,0.022629987449325744,0.022629987449325744,0.02262998744932546,0.0,0.022629987449325744,0.02262998744932546,0.0,0.022629987449325744,0.04525997489865092,0.11314993724662872,0.09051994979730298,0.18103989959460368,0.06788996234797723,0.24892986194258318,0.42996976153718913,0.24892986194258004,0.4073397740878634,0.5204897113344856,0.5883796736824694,0.8599395230743783,1.1993893348142646,1.1993893348142495,1.06360941011831,1.3351692595102023,1.5840991214528022,1.4935791716554991,1.8103989959460596,2.149848807685919,2.0140688829899913,3.2587181927028666,3.439758092297513,3.303978167601559,3.326608155050885,3.394498117398819,3.530278042094816,4.435477540067791,4.480737514966497,5.0012272263009905,5.453826975287505,5.770646799577992,5.182267125895596,5.996946674071247,6.834256209696376,6.087466623868626,5.770646799578065,6.924776159493591,6.585326347753792,6.562696360304384,6.562696360304465,6.585326347753792,6.924776159493677,5.770646799578065,6.0874666238684725,6.834256209696376,5.996946674071323,5.182267125895596,5.770646799578065,5.453826975287368,5.001227226301116,4.4807375149663855,4.435477540067846,3.530278042094816,3.394498117398862,3.326608155050885,3.303978167601476,3.4397580922975997,3.2587181927028253,2.0140688829899913,2.149848807685946,1.810398995946014,1.4935791716555369,1.5840991214527624,1.335169259510219,1.06360941011831,1.1993893348142646,1.1993893348142646,0.8599395230743566,0.5883796736824842,0.5204897113344791,0.4073397740878634,0.24892986194258318,0.4299697615371783,0.24892986194258948,0.06788996234797554,0.18103989959460595,0.09051994979730298,0.11314993724662872,0.04525997489865149,0.022629987449325175,0.0,0.022629987449325175,0.022629987449325744,0.0,0.022629987449325175,0.022629987449326313,0.022629987449325175,0.0,0.022629987449325175,0.5,0.059471405038529906
1.01,top_k,0.05,False,False,100,100,normal,0.3,2.0,2.0,1.25,0.2,0.25525490919678157,0.26014981101284596,0.2650447128289103,0.2699396146449747,0.27483451646103907,0.2797294182771034,0.2846243200931678,0.2895192219092321,0.2944141237252965,0.2993090255413609,0.30420392735742524,0.30909882917348963,0.31399373098955397,0.31888863280561836,0.32378353462168274,0.3286784364377471,0.33357333825381147,0.33846824006987586,0.3433631418859402,0.3482580437020046,0.353152945518069,0.3580478473341333,0.3629427491501977,0.3678376509662621,0.3727325527823264,0.37762745459839075,0.38252235641445514,0.38741725823051953,0.39231216004658387,0.39720706186264826,0.40210196367871265,0.406996865494777,0.4118917673108414,0.41678666912690576,0.4216815709429701,0.4265764727590345,0.4314713745750989,0.4363662763911632,0.4412611782072276,0.446156080023292,0.4510509818393563,0.45594588365542066,0.46084078547148505,0.46573568728754944,0.4706305891036138,0.47552549091967816,0.48042039273574255,0.4853152945518069,0.4902101963678713,0.49510509818393567,0.5,0.5048949018160644,0.5097898036321287,0.5146847054481931,0.5195796072642576,0.5244745090803218,0.5293694108963862,0.5342643127124507,0.5391592145285149,0.5440541163445793,0.5489490181606438,0.553843919976708,0.5587388217927725,0.5636337236088368,0.5685286254249011,0.5734235272409656,0.5783184290570299,0.5832133308730942,0.5881082326891587,0.593003134505223,0.5978980363212874,0.6027929381373518,0.6076878399534161,0.6125827417694805,0.6174776435855449,0.6223725454016092,0.6272674472176736,0.632162349033738,0.6370572508498024,0.6419521526658667,0.6468470544819311,0.6517419562979955,0.6566368581140598,0.6615317599301243,0.6664266617461885,0.6713215635622529,0.6762164653783174,0.6811113671943816,0.686006269010446,0.6909011708265105,0.6957960726425747,0.7006909744586391,0.7055858762747036,0.7104807780907678,0.7153756799068323,0.7202705817228966,0.7251654835389609,0.7300603853550254,0.7349552871710897,0.739850188987154,0.7447450908032185,0.02042941896644665,0.020429418966446882,0.02042941896644665,0.0408588379328933,0.0,0.0,0.06128825689934065,0.0,0.0408588379328933,0.14300593276512819,0.0817176758657866,0.18386477069802196,0.20429418966446652,0.34730012242959307,0.2451530275973626,0.5107354741611663,0.5107354741611663,0.44944721726183146,0.5515943120940596,1.0419003672887792,0.8988944345236629,0.7558885017585261,1.2666239759196924,1.6343535173157506,1.4709181655841757,2.104230153544005,2.104230153544005,2.1859478294098165,2.5945362087387247,3.043983426000551,2.778400979436776,3.207418777732124,3.3504247104972507,3.5342894811953105,3.6364365760275037,4.4331839157189235,3.8611601846584604,3.7998719277590767,3.7794425087926307,4.739625200215677,4.12674263122227,3.922448441557757,4.08588379328933,4.862201714014358,4.26974856398735,4.106313212255777,3.8203013467255666,4.4331839157189235,4.371895658819583,4.494472172618314,4.494472172618212,4.3718956588197315,4.433183915718873,3.82030134672548,4.106313212255917,4.269748563987302,4.8622017140142475,4.085883793289469,3.9224484415577128,4.126742631222177,4.739625200215785,3.7794425087925876,3.7998719277591206,3.8611601846584604,4.433183915718873,3.6364365760275454,3.5342894811953105,3.350424710497213,3.2074187777321606,2.778400979436776,3.0439834260005165,2.594536208738754,2.1859478294098165,2.1042301535439814,2.104230153544029,1.4709181655841757,1.6343535173157135,1.2666239759197067,0.7558885017585347,0.8988944345236425,1.041900367288791,0.5515943120940658,0.44944721726182124,0.5107354741611836,0.5107354741611604,0.24515302759735705,0.3473001224296049,0.2042941896644642,0.18386477069801777,0.08171767586578939,0.14300593276512494,0.04085883793289284,0.0,0.06128825689933926,0.0,0.0,0.04085883793289284,0.020429418966446882,0.020429418966446882,0.02042941896644642,0.5,0.0771476578355958
1.01,top_k,0.05,False,False,100,100,normal,0.3,2.0,2.0,1.25,0.3,0.29029117474753524,0.2944853512525845,0.29867952775763384,0.3028737042626831,0.3070678807677324,0.3112620572727817,0.315456233777831,0.3196504102828803,0.3238445867879296,0.3280387632929789,0.3322329397980282,0.3364271163030775,0.3406212928081268,0.3448154693131761,0.34900964581822536,0.35320382232327463,0.35739799882832396,0.3615921753333733,0.36578635183842256,0.36998052834347184,0.3741747048485211,0.37836888135357044,0.3825630578586197,0.38675723436366904,0.3909514108687183,0.3951455873737676,0.3993397638788169,0.4035339403838662,0.4077281168889155,0.4119222933939648,0.4161164698990141,0.42031064640406335,0.4245048229091127,0.428698999414162,0.4328931759192113,0.43708735242426056,0.44128152892930983,0.44547570543435916,0.44966988193940843,0.45386405844445776,0.45805823494950704,0.4622524114545563,0.46644658795960564,0.4706407644646549,0.47483494096970424,0.4790291174747535,0.4832232939798028,0.48741747048485207,0.4916116469899014,0.4958058234949507,0.5,0.5041941765050493,0.5083883530100985,0.5125825295151478,0.5167767060201971,0.5209708825252465,0.5251650590302958,0.529359235535345,0.5335534120403944,0.5377475885454437,0.541941765050493,0.5461359415555422,0.5503301180605915,0.5545242945656408,0.5587184710706901,0.5629126475757393,0.5671068240807887,0.571301000585838,0.5754951770908874,0.5796893535959367,0.5838835301009859,0.5880777066060352,0.5922718831110845,0.5964660596161337,0.600660236121183,0.6048544126262323,0.6090485891312816,0.613242765636331,0.6174369421413802,0.6216311186464296,0.6258252951514789,0.6300194716565282,0.6342136481615774,0.6384078246666267,0.642602001171676,0.6467961776767253,0.6509903541817745,0.6551845306868239,0.6593787071918732,0.6635728836969225,0.6677670602019719,0.6719612367070211,0.6761554132120704,0.6803495897171197,0.684543766222169,0.6887379427272182,0.6929321192322675,0.6971262957373168,0.7013204722423662,0.7055146487474154,0.7097088252524647,0.07152774797122553,0.023842582657074864,0.0,0.0953703306283007,0.0,0.04768516531415035,0.023842582657074864,0.11921291328537588,0.0953703306283007,0.11921291328537431,0.16689807859952624,0.23842582657074862,0.35763873985612765,0.23842582657075176,0.16689807859952624,0.47685165314149724,0.33379615719904804,0.5483794011127291,0.45300907048442834,0.7629626450264057,0.9298607236259196,0.810647810340556,1.0729162195683688,1.0252310542542324,1.5736104553669616,1.7643511166235395,2.050462108508465,1.7643511166235395,2.4557860136787433,2.813424753534871,2.9326376668202467,2.8372673361919087,2.9803228321343576,2.9087950841631716,4.172451964988156,3.6240725638754268,4.744673948757898,4.339350043587682,5.316895932527694,4.220137130302306,5.030784940642862,5.817590168326266,5.936803081611719,6.723608309295112,5.603006924412666,6.2229140734966215,5.960645664268794,6.07985857755409,6.81897863992341,6.342126986781997,6.342126986781997,6.8189786399235,6.0798585775541705,5.960645664268794,6.222914073496456,5.603006924412666,6.723608309295201,5.936803081611562,5.817590168326343,5.030784940642862,4.220137130302306,5.316895932527765,4.339350043587682,4.74467394875796,3.6240725638754268,4.172451964988046,2.9087950841631716,2.9803228321343185,2.837267336191946,2.9326376668202467,2.813424753534871,2.4557860136787433,1.7643511166235633,2.050462108508465,1.7643511166235633,1.5736104553669616,1.0252310542542054,1.072916219568383,0.8106478103405346,0.9298607236259319,0.7629626450264057,0.45300907048442834,0.5483794011127291,0.3337961571990525,0.4768516531415035,0.16689807859952624,0.23842582657074546,0.35763873985612765,0.23842582657075176,0.16689807859952183,0.11921291328537588,0.0953703306283007,0.11921291328537588,0.023842582657075177,0.04768516531415035,0.0,0.0953703306283007,0.0,0.023842582657075177,0.07152774797122553,0.5,0.06083215363630088
1.01,top_k,0.05,False,False,100,100,normal,0.3,2.0,2.0,1.25,0.4,0.27574687469101233,0.2802319371971921,0.28471699970337183,0.2892020622095516,0.29368712471573133,0.2981721872219111,0.3026572497280908,0.3071423122342706,0.3116273747404504,0.31611243724663013,0.3205974997528099,0.3250825622589896,0.3295676247651694,0.3340526872713491,0.3385377497775289,0.3430228122837086,0.34750787478988837,0.3519929372960681,0.3564779998022479,0.3609630623084277,0.3654481248146074,0.36993318732078717,0.3744182498269669,0.37890331233314667,0.3833883748393264,0.38787343734550617,0.3923584998516859,0.39684356235786566,0.4013286248640454,0.40581368737022516,0.4102987498764049,0.41478381238258466,0.4192688748887644,0.42375393739494416,0.4282389999011239,0.43272406240730366,0.43720912491348346,0.4416941874196632,0.44617924992584296,0.4506643124320227,0.45514937493820246,0.4596344374443822,0.464119499950562,0.46860456245674176,0.4730896249629215,0.47757468746910126,0.482059749975281,0.48654481248146075,0.4910298749876405,0.49551493749382025,0.5,0.5044850625061797,0.5089701250123595,0.5134551875185392,0.517940250024719,0.5224253125308987,0.5269103750370785,0.5313954375432582,0.535880500049438,0.5403655625556179,0.5448506250617975,0.5493356875679773,0.553820750074157,0.5583058125803368,0.5627908750865165,0.5672759375926963,0.571761000098876,0.5762460626050558,0.5807311251112355,0.5852161876174153,0.589701250123595,0.5941863126297748,0.5986713751359546,0.6031564376421343,0.6076415001483141,0.6121265626544938,0.6166116251606736,0.6210966876668533,0.6255817501730331,0.6300668126792128,0.6345518751853926,0.6390369376915723,0.6435220001977521,0.6480070627039318,0.6524921252101117,0.6569771877162913,0.6614622502224712,0.6659473127286508,0.6704323752348307,0.6749174377410103,0.6794025002471902,0.6838875627533698,0.6883726252595497,0.6928576877657293,0.6973427502719092,0.7018278127780888,0.7063128752842687,0.7107979377904484,0.7152830002966282,0.7197680628028079,0.7242531253089877,0.022296233299360906,0.0,0.0,0.0,0.022296233299360906,0.08918493319744362,0.08918493319744362,0.20066609969424568,0.022296233299360906,0.11148116649680453,0.13377739979616546,0.2898510328916918,0.08918493319744362,0.17836986639488725,0.24525856629296997,0.31214726619105265,0.31214726619105265,0.5128133658852945,0.46822089928657906,0.7803681654776318,0.6688869989808273,0.958738031872519,0.9141455652737972,0.958738031872519,1.4715513977578198,1.4715513977578198,1.6276250308533462,1.8059948972482336,2.162734630038008,2.3411044964328953,2.497178129528421,2.5194743628277827,2.9653990288150007,3.344434994904136,2.9208065622162787,3.946433293986832,4.236284326878572,3.768063427591993,4.92746755915876,4.793690159362595,5.819316891133196,4.972060025757421,4.9051713258594,5.484873391642783,6.15376039062361,6.086871690725528,5.774724424534475,5.507169624942144,6.443611423515303,6.15376039062361,6.15376039062361,6.443611423515303,5.507169624942144,5.774724424534475,6.086871690725528,6.15376039062361,5.484873391642783,4.9051713258594,4.972060025757359,5.819316891133341,4.793690159362476,4.927467559158882,3.7680634275919003,4.2362843268786765,3.9464332939867823,2.920806562216351,3.344434994904053,2.965399028815074,2.51947436282772,2.4971781295284834,2.341104496432837,2.162734630038008,1.8059948972482336,1.6276250308533462,1.4715513977578198,1.4715513977578198,0.958738031872519,0.9141455652737972,0.958738031872519,0.6688869989808273,0.7803681654776318,0.46822089928657906,0.5128133658853008,0.31214726619104494,0.3121472661910604,0.24525856629296391,0.17836986639489166,0.08918493319744142,0.28985103289169895,0.13377739979616213,0.11148116649680731,0.022296233299360355,0.20066609969425311,0.08918493319744142,0.08918493319744583,0.022296233299360355,0.0,0.0,0.0,0.022296233299360906,0.5,0.06398544869050089
1.01,top_k,0.05,False,False,100,100,normal,0.3,2.0,2.0,1.5,0.1,0.2768886522497097,0.2813508792047155,0.28581310615972133,0.29027533311472714,0.29473756006973295,0.29919978702473876,0.30366201397974457,0.3081242409347504,0.3125864678897562,0.31704869484476195,0.32151092179976776,0.32597314875477357,0.3304353757097794,0.3348976026647852,0.339359829619791,0.3438220565747968,0.3482842835298026,0.35274651048480843,0.35720873743981424,0.36167096439482005,0.36613319134982586,0.37059541830483167,0.3750576452598374,0.3795198722148433,0.38398209916984904,0.3884443261248549,0.39290655307986067,0.3973687800348665,0.4018310069898723,0.4062932339448781,0.4107554608998839,0.4152176878548897,0.4196799148098955,0.42414214176490134,0.42860436871990715,0.43306659567491296,0.43752882262991877,0.4419910495849245,0.4464532765399304,0.45091550349493614,0.455377730449942,0.45983995740494776,0.46430218435995363,0.4687644113149594,0.4732266382699652,0.477688865224971,0.4821510921799768,0.4866133191349826,0.49107554608998844,0.49553777304499425,0.5,0.5044622269550059,0.5089244539100117,0.5133866808650175,0.5178489078200232,0.5223111347750291,0.5267733617300349,0.5312355886850406,0.5356978156400465,0.5401600425950523,0.5446222695500581,0.5490844965050639,0.5535467234600697,0.5580089504150756,0.5624711773700813,0.5669334043250871,0.571395631280093,0.5758578582350988,0.5803200851901046,0.5847823121451103,0.5892445391001162,0.5937067660551221,0.5981689930101278,0.6026312199651336,0.6070934469201394,0.6115556738751452,0.616017900830151,0.6204801277851568,0.6249423547401627,0.6294045816951684,0.6338668086501742,0.6383290356051801,0.6427912625601859,0.6472534895151917,0.6517157164701974,0.6561779434252033,0.6606401703802092,0.6651023973352149,0.6695646242902207,0.6740268512452265,0.6784890782002323,0.682951305155238,0.6874135321102439,0.6918757590652498,0.6963379860202555,0.7008002129752613,0.7052624399302672,0.709724666885273,0.7141868938402788,0.7186491207952845,0.7231113477502904,0.02241033479657912,0.0,0.02241033479657912,0.0,0.0,0.02241033479657912,0.02241033479657912,0.02241033479657912,0.0896413391863176,0.08964133918631648,0.08964133918631648,0.17928267837263295,0.11205167398289559,0.15687234357605384,0.22410334796579118,0.20169301316921207,0.3361550219486868,0.3585653567452659,0.49302736552474064,0.49302736552474064,0.7171307134905318,0.8067720526768584,1.3670304225913092,1.2549787486084465,1.142927074625521,1.748006114133193,1.7031854445400132,1.9496991273023836,1.904878457709225,2.7564711799792314,2.55477816681002,2.5995988364031777,3.2943192150971305,3.3391398846902893,3.652884571842397,3.742525911028713,4.661349637688515,4.459656624519189,5.019914994433786,4.8182219812644504,4.616528968095356,5.288839011992606,5.400890685975635,5.468121690365305,6.0059697254832045,5.8042767123139924,5.490532025161885,6.050790395076363,5.512942359958463,5.9835593906866995,5.98355939068655,5.512942359958394,6.0507903950764375,5.4905320251619525,5.8042767123139205,6.005969725483279,5.468121690365373,5.400890685975501,5.288839011992606,4.616528968095356,4.81822198126457,5.019914994433661,4.459656624519189,4.661349637688515,3.7425259110287596,3.652884571842351,3.339139884690247,3.2943192150971714,2.59959883640321,2.554778166809988,2.756471179979197,1.904878457709249,1.9496991273024076,1.703185444539992,1.748006114133193,1.1429270746255493,1.2549787486084152,1.3670304225913092,0.8067720526768584,0.7171307134905408,0.49302736552473453,0.49302736552473453,0.3585653567452704,0.336155021948691,0.20169301316920957,0.2241033479657884,0.1568723435760558,0.112051673982897,0.17928267837263073,0.0896413391863176,0.0896413391863176,0.08964133918631537,0.02241033479657884,0.0224103347965794,0.0224103347965794,0.0,0.0,0.0224103347965794,0.0,0.02241033479657884,0.5,0.06310697061343984
1.01,top_k,0.05,False,False,100,100,normal,0.3,2.0,2.0,1.5,0.2,0.30362145499797377,0.3075490258980143,0.31147659679805484,0.3154041676980954,0.31933173859813585,0.3232593094981764,0.3271868803982169,0.33111445129825745,0.335042022198298,0.3389695930983385,0.342897163998379,0.34682473489841953,0.35075230579846006,0.3546798766985006,0.35860744759854113,0.36253501849858166,0.3664625893986222,0.3703901602986627,0.3743177311987032,0.37824530209874374,0.3821728729987843,0.3861004438988248,0.3900280147988653,0.3939555856989059,0.39788315659894635,0.4018107274989869,0.4057382983990274,0.40966586929906795,0.4135934401991085,0.41752101109914896,0.4214485819991895,0.42537615289923003,0.42930372379927056,0.4332312946993111,0.4371588655993516,0.44108643649939216,0.44501400739943264,0.4489415782994732,0.4528691491995137,0.45679672009955424,0.4607242909995948,0.46465186189963525,0.46857943279967584,0.4725070036997163,0.47643457459975685,0.4803621454997974,0.4842897163998379,0.48821728729987846,0.49214485819991893,0.4960724290999595,0.5,0.5039275709000406,0.5078551418000811,0.5117827127001215,0.5157102836001621,0.5196378545002026,0.5235654254002431,0.5274929963002837,0.5314205672003243,0.5353481381003647,0.5392757090004052,0.5432032799004458,0.5471308508004863,0.5510584217005268,0.5549859926005674,0.558913563500608,0.5628411344006484,0.5667687053006889,0.5706962762007295,0.57462384710077,0.5785514180008104,0.582478988900851,0.5864065598008916,0.5903341307009321,0.5942617016009726,0.5981892725010132,0.6021168434010536,0.6060444143010941,0.6099719852011347,0.6138995561011753,0.6178271270012158,0.6217546979012563,0.6256822688012968,0.6296098397013373,0.6335374106013778,0.6374649815014184,0.641392552401459,0.6453201233014993,0.6492476942015399,0.6531752651015805,0.657102836001621,0.6610304069016615,0.6649579778017021,0.6688855487017425,0.672813119601783,0.6767406905018236,0.6806682614018642,0.6845958323019047,0.6885234032019452,0.6924509741019858,0.6963785450020262,0.025461029869369888,0.025461029869369888,0.025461029869369888,0.02546102986937025,0.0,0.10184411947747955,0.10184411947747955,0.15276617921621932,0.17822720908558923,0.101844119477481,0.07638308960810966,0.28007132856306877,0.2546102986936989,0.28007132856306877,0.28007132856306877,0.458298537648658,0.5346816272567753,0.48375956751802784,0.5856036869955075,0.9420581051666859,1.1966684038603848,1.222129433729772,1.2221294337297373,1.7822720908559175,1.807733120725262,1.8586551804640017,2.34241474798203,2.24057062850455,2.367875777851433,2.9534794648469074,2.7243301960225783,3.6918493310586338,3.488161092103675,3.8191544804055373,4.0737647790991245,3.8446155102749078,4.964900824527128,5.525043481653266,5.194050093351457,5.3977383323064165,5.957880989432638,4.939439794657688,5.703270690738936,6.79809497512176,5.7796537803469645,6.339796437473103,6.645328795905541,6.008803049171378,6.161569228387426,6.339796437473192,6.339796437473013,6.1615692283876,6.008803049171378,6.6453287959054474,6.339796437473192,5.779653780347046,6.798094975121664,5.7032706907387745,4.939439794657829,5.957880989432638,5.39773833230634,5.194050093351531,5.525043481653344,4.964900824527058,3.8446155102747985,4.07376477909924,3.8191544804055373,3.4881610921036255,3.691849331058686,2.7243301960226165,2.9534794648468656,2.367875777851366,2.240570628504582,2.3424147479820627,1.8586551804639755,1.8077331207252876,1.7822720908559175,1.2221294337297373,1.2221294337297373,1.1966684038604016,0.9420581051666992,0.5856036869954991,0.48375956751803467,0.5346816272567753,0.4582985376486516,0.2800713285630648,0.28007132856308065,0.2546102986936953,0.2800713285630648,0.07638308960811074,0.101844119477481,0.1782272090855867,0.1527661792162215,0.101844119477481,0.10184411947747811,0.0,0.02546102986937025,0.02546102986937025,0.025461029869369527,0.02546102986937025,0.5,0.05880152796032575
1.01,top_k,0.05,False,False,100,100,normal,0.3,2.0,2.0,1.5,0.3,0.29536842891561793,0.2994610603373056,0.3035536917589932,0.30764632318068086,0.3117389546023685,0.31583158602405614,0.3199242174457438,0.32401684886743143,0.32810948028911907,0.3322021117108067,0.33629474313249436,0.340387374554182,0.34448000597586964,0.3485726373975573,0.3526652688192449,0.35675790024093257,0.3608505316626202,0.36494316308430785,0.3690357945059955,0.37312842592768314,0.3772210573493708,0.3813136887710584,0.38540632019274607,0.3894989516144337,0.3935915830361213,0.397684214457809,0.4017768458794966,0.4058694773011843,0.40996210872287187,0.41405474014455956,0.41814737156624715,0.42224000298793485,0.42633263440962244,0.43042526583131013,0.4345178972529977,0.4386105286746854,0.442703160096373,0.4467957915180607,0.4508884229397483,0.454981054361436,0.4590736857831236,0.4631663172048113,0.46725894862649886,0.47135158004818656,0.47544421146987415,0.47953684289156184,0.48362947431324943,0.48772210573493713,0.4918147371566247,0.49590736857831236,0.5,0.5040926314216876,0.5081852628433753,0.512277894265063,0.5163705256867506,0.5204631571084382,0.5245557885301259,0.5286484199518136,0.5327410513735011,0.5368336827951887,0.5409263142168764,0.5450189456385641,0.5491115770602517,0.5532042084819393,0.557296839903627,0.5613894713253147,0.5654821027470023,0.5695747341686899,0.5736673655903776,0.5777599970120653,0.5818526284337528,0.5859452598554404,0.5900378912771281,0.5941305226988158,0.5982231541205034,0.602315785542191,0.6064084169638787,0.6105010483855664,0.614593679807254,0.6186863112289416,0.6227789426506293,0.626871574072317,0.6309642054940046,0.6350568369156921,0.6391494683373798,0.6432420997590675,0.6473347311807551,0.6514273626024427,0.6555199940241304,0.6596126254458181,0.6637052568675057,0.6677978882891933,0.671890519710881,0.6759831511325687,0.6800757825542563,0.6841684139759439,0.6882610453976314,0.6923536768193191,0.6964463082410068,0.7005389396626944,0.7046315710843821,0.024434157317485453,0.0,0.024434157317485453,0.0,0.0,0.0,0.048868314634970905,0.07330247195245636,0.0,0.024434157317485453,0.07330247195245636,0.07330247195245636,0.09773662926994181,0.31764404512731087,0.29320988780982543,0.31764404512731087,0.17103910122239818,0.36651235976228175,0.53755146098468,0.34207820244479636,0.7085905622070782,0.53755146098468,0.8307613487945055,1.0751029219693744,1.1972737085567708,1.7348251695414907,1.3683128097791668,1.6859568549065191,1.8814301134463542,2.467849889066064,2.6877573049233634,3.542952811035439,3.4696503390828877,3.6162552829878956,3.225308765908036,4.153806743972583,4.251543373242411,4.7646606769097275,5.448817081799182,5.5221195537517875,5.253343823259302,6.328446745228819,6.279578430593676,6.0352368574189885,5.790895284243973,6.71939326230859,6.792695734260865,6.352880902546303,7.379115509880606,8.283179330627569,8.283179330627682,7.3791155098805055,6.352880902546131,6.792695734261048,6.71939326230859,5.790895284243973,6.035236857418825,6.279578430593846,6.328446745228819,5.253343823259302,5.522119553751637,5.44881708179933,4.7646606769097275,4.251543373242411,4.153806743972471,3.225308765908123,3.6162552829878956,3.4696503390828877,3.542952811035343,2.6877573049234362,2.467849889066064,1.8814301134463542,1.6859568549064734,1.3683128097792039,1.7348251695414907,1.1972737085567708,1.0751029219693453,0.8307613487945166,0.5375514609846872,0.7085905622070685,0.3420782024447917,0.5375514609846872,0.36651235976228674,0.17103910122239585,0.3176440451273066,0.2932098878098294,0.3176440451273152,0.09773662926994049,0.07330247195245536,0.07330247195245734,0.024434157317485786,0.0,0.07330247195245536,0.04886831463497157,0.0,0.0,0.0,0.024434157317485123,0.0,0.024434157317485123,0.5,0.05475759310987788
1.01,top_k,0.05,False,False,100,100,normal,0.3,2.0,2.0,1.5,0.4,0.2743705075458426,0.2788830973949257,0.2833956872440089,0.287908277093092,0.2924208669421752,0.2969334567912583,0.30144604664034147,0.3059586364894246,0.31047122633850777,0.3149838161875909,0.31949640603667406,0.3240089958857572,0.32852158573484036,0.3330341755839235,0.33754676543300666,0.3420593552820898,0.34657194513117295,0.3510845349802561,0.35559712482933925,0.3601097146784224,0.36462230452750555,0.3691348943765887,0.37364748422567184,0.378160074074755,0.38267266392383814,0.3871852537729213,0.39169784362200444,0.3962104334710876,0.40072302332017073,0.4052356131692539,0.40974820301833703,0.4142607928674202,0.41877338271650333,0.4232859725655865,0.4277985624146696,0.4323111522637528,0.4368237421128359,0.44133633196191907,0.4458489218110022,0.45036151166008537,0.4548741015091685,0.45938669135825166,0.4638992812073348,0.46841187105641796,0.4729244609055011,0.47743705075458426,0.4819496406036674,0.48646223045275055,0.4909748203018337,0.49548741015091685,0.5,0.5045125898490832,0.5090251796981663,0.5135377695472494,0.5180503593963326,0.5225629492454158,0.5270755390944989,0.531588128943582,0.5361007187926652,0.5406133086417484,0.5451258984908315,0.5496384883399146,0.5541510781889978,0.558663668038081,0.5631762578871641,0.5676888477362472,0.5722014375853304,0.5767140274344136,0.5812266172834967,0.5857392071325798,0.590251796981663,0.5947643868307462,0.5992769766798293,0.6037895665289124,0.6083021563779956,0.6128147462270788,0.6173273360761619,0.621839925925245,0.6263525157743282,0.6308651056234114,0.6353776954724945,0.6398902853215775,0.6444028751706607,0.648915465019744,0.653428054868827,0.6579406447179101,0.6624532345669933,0.6669658244160765,0.6714784142651596,0.6759910041142427,0.6805035939633259,0.6850161838124091,0.6895287736614922,0.6940413635105753,0.6985539533596585,0.7030665432087417,0.7075791330578248,0.7120917229069079,0.7166043127559911,0.7211169026050743,0.7256294924541574,0.022160223584316584,0.0,0.0,0.022160223584316584,0.0,0.022160223584316584,0.022160223584316584,0.0,0.04432044716863317,0.04432044716863317,0.04432044716863317,0.06648067075294975,0.06648067075294975,0.08864089433726634,0.022160223584316584,0.19944201225884925,0.31024313018043215,0.24376245942748243,0.2880829065961156,0.4210442481020151,0.3324033537647488,0.3988840245176985,0.4210442481020151,0.7534476018667638,1.0193702848785628,0.9972100612942463,1.1966520735530957,1.6398565452394271,1.75065766316101,2.3046632527689246,2.348983699937558,2.3046632527689246,2.7921881716238897,2.9029892895454728,3.257552866894538,3.3905142084004374,4.077481139514251,4.47636516403195,4.875249188549649,4.830928741381015,5.517895672494829,5.783818355506629,5.916779697012528,6.138381932855694,6.027580814934111,6.714547746047924,6.625906851710659,6.382144392283176,7.1799124413185735,6.515105733789076,6.515105733788996,7.1799124413186615,6.382144392283255,6.625906851710577,6.714547746047842,6.027580814934185,6.138381932855769,5.916779697012455,5.783818355506558,5.517895672494897,4.830928741381075,4.8752491885495886,4.476365164031895,4.077481139514301,3.3905142084004796,3.257552866894498,2.902989289545437,2.792188171623924,2.304663252768953,2.348983699937529,2.3046632527688966,1.7506576631610318,1.6398565452394471,1.1966520735530808,0.9972100612942341,1.0193702848785753,0.7534476018667732,0.4210442481020099,0.3988840245176936,0.3324033537647529,0.4210442481020203,0.2880829065961121,0.24376245942747943,0.310243130180436,0.19944201225885172,0.02216022358431631,0.08864089433726524,0.06648067075295057,0.06648067075295057,0.04432044716863262,0.04432044716863262,0.04432044716863371,0.0,0.02216022358431631,0.02216022358431631,0.0,0.022160223584316855,0.0,0.0,0.022160223584316855,0.5,0.05697365322942118
1.01,top_k,0.05,False,False,100,100,normal,0.4,1.2,1.2,0.5,0.1,0.2597701421785615,0.26457473933499026,0.26937933649141904,0.27418393364784777,0.27898853080427655,0.2837931279607053,0.2885977251171341,0.2934023222735629,0.29820691942999167,0.3030115165864204,0.3078161137428492,0.31262071089927795,0.31742530805570673,0.32222990521213546,0.32703450236856424,0.331839099524993,0.3366436966814218,0.3414482938378506,0.34625289099427936,0.35105748815070814,0.35586208530713687,0.36066668246356565,0.3654712796199944,0.3702758767764232,0.37508047393285193,0.3798850710892807,0.3846896682457095,0.3894942654021383,0.39429886255856705,0.39910345971499583,0.4039080568714246,0.40871265402785334,0.4135172511842821,0.4183218483407109,0.4231264454971396,0.4279310426535684,0.4327356398099972,0.43754023696642597,0.44234483412285475,0.4471494312792835,0.4519540284357123,0.4567586255921411,0.4615632227485698,0.4663678199049986,0.4711724170614274,0.4759770142178561,0.4807816113742849,0.48558620853071366,0.49039080568714244,0.4951954028435712,0.5,0.5048045971564288,0.5096091943128576,0.5144137914692863,0.5192183886257151,0.5240229857821439,0.5288275829385727,0.5336321800950014,0.5384367772514301,0.5432413744078589,0.5480459715642877,0.5528505687207165,0.5576551658771451,0.5624597630335739,0.5672643601900027,0.5720689573464315,0.5768735545028603,0.581678151659289,0.5864827488157178,0.5912873459721466,0.5960919431285754,0.6008965402850042,0.605701137441433,0.6105057345978617,0.6153103317542905,0.6201149289107193,0.6249195260671481,0.6297241232235768,0.6345287203800055,0.6393333175364343,0.6441379146928631,0.6489425118492919,0.6537471090057206,0.6585517061621493,0.6633563033185781,0.6681609004750069,0.6729654976314356,0.6777700947878644,0.6825746919442932,0.687379289100722,0.6921838862571508,0.6969884834135796,0.7017930805700083,0.7065976777264371,0.7114022748828659,0.7162068720392947,0.7210114691957235,0.7258160663521522,0.730620663508581,0.7354252606650097,0.7402298578214385,0.020813399488903088,0.020813399488903088,0.0,0.041626798977806176,0.0,0.020813399488903088,0.041626798977806176,0.041626798977806176,0.10406699744451664,0.062440198466709264,0.1456937964223216,0.10406699744451543,0.3122009923335499,0.1665071959112247,0.24976079386683706,0.3746411908002556,0.3538277913113525,0.6035885851781896,0.3330143918224494,0.47870818824477657,0.6660287836448988,0.7492823816005112,0.707655582622705,0.8949761780228431,0.8741627785339297,1.4777513637121191,1.3944977657565067,1.935646152467987,1.935646152467987,2.1021533483792116,2.2478471448015593,2.5392347376461766,2.83062233049082,3.0179429258909822,3.0595697248687537,3.64234491055804,3.7047851090247494,3.6839717095358466,4.266746895225133,4.412440691647454,4.974402477847838,5.1825364727369285,4.995215877336741,4.51650768909197,5.640431261492801,6.139952849226411,5.494737465070415,5.848565256381767,5.494737465070415,6.160766248715314,6.160766248715314,5.494737465070415,5.848565256381767,5.494737465070415,6.139952849226411,5.640431261492736,4.516507689092074,4.995215877336741,5.182536472736869,4.974402477847838,4.412440691647454,4.266746895225231,3.6839717095358466,3.7047851090247494,3.64234491055804,3.0595697248687537,3.0179429258909476,2.83062233049082,2.5392347376461766,2.2478471448015336,2.1021533483792116,1.935646152467987,1.935646152467987,1.3944977657565067,1.4777513637121191,0.8741627785339297,0.8949761780228328,0.7076555826227212,0.7492823816005112,0.6660287836448988,0.478708188244771,0.3330143918224494,0.6035885851782035,0.3538277913113525,0.3746411908002556,0.24976079386683706,0.1665071959112247,0.3122009923335463,0.10406699744451543,0.1456937964223216,0.062440198466709264,0.10406699744451543,0.041626798977806176,0.041626798977806176,0.020813399488903088,0.0,0.041626798977806176,0.0,0.020813399488903567,0.020813399488903088,0.5,0.06745550725733573
1.01,top_k,0.05,False,False,100,100,normal,0.4,1.2,1.2,0.5,0.2,0.26596083579544294,0.2706416190795341,0.2753224023636252,0.28000318564771637,0.28468396893180753,0.28936475221589864,0.2940455354999898,0.29872631878408096,0.30340710206817206,0.3080878853522632,0.31276866863635433,0.3174494519204455,0.32213023520453665,0.32681101848862776,0.3314918017727189,0.33617258505681,0.3408533683409012,0.34553415162499235,0.3502149349090835,0.3548957181931746,0.3595765014772658,0.3642572847613569,0.36893806804544804,0.3736188513295392,0.37829963461363036,0.38298041789772147,0.38766120118181263,0.39234198446590374,0.3970227677499949,0.40170355103408606,0.40638433431817717,0.4110651176022683,0.41574590088635943,0.4204266841704506,0.42510746745454175,0.4297882507386329,0.434469034022724,0.4391498173068151,0.4438306005909063,0.44851138387499745,0.4531921671590886,0.45787295044317977,0.4625537337272709,0.467234517011362,0.47191530029545314,0.4765960835795443,0.48127686686363547,0.48595765014772657,0.49063843343181773,0.49531921671590884,0.5,0.5046807832840912,0.5093615665681823,0.5140423498522735,0.5187231331363646,0.5234039164204557,0.5280846997045469,0.532765482988638,0.5374462662727291,0.5421270495568202,0.5468078328409114,0.5514886161250026,0.5561693994090937,0.5608501826931849,0.565530965977276,0.5702117492613672,0.5748925325454582,0.5795733158295494,0.5842540991136406,0.5889348823977316,0.5936156656818228,0.5982964489659139,0.6029772322500051,0.6076580155340963,0.6123387988181874,0.6170195821022786,0.6217003653863697,0.6263811486704608,0.631061931954552,0.6357427152386431,0.6404234985227342,0.6451042818068253,0.6497850650909165,0.6544658483750077,0.6591466316590988,0.66382741494319,0.6685081982272811,0.6731889815113723,0.6778697647954633,0.6825505480795545,0.6872313313636457,0.6919121146477367,0.6965928979318279,0.701273681215919,0.7059544645000102,0.7106352477841014,0.7153160310681925,0.7199968143522837,0.7246775976363748,0.7293583809204659,0.7340391642045571,0.021363945718203953,0.021363945718204207,0.0,0.04272789143640791,0.04272789143640841,0.021363945718203953,0.04272789143640791,0.04272789143640841,0.04272789143640791,0.14954762002742944,0.12818367430922373,0.021363945718203953,0.3204591857730631,0.14954762002742766,0.17091156574563365,0.19227551146383556,0.34182313149126325,0.4059149686458751,0.3845510229276757,0.5768265343915068,0.49137075151869675,1.0041054487555856,0.8331938830099541,0.9827415030373818,0.8118299372917599,1.2391088516558293,1.7091156574563364,1.7091156574563164,1.9868469517929677,1.8159353860473577,2.64912926905729,2.478217703311688,2.6277653233390863,3.0977721291395732,2.8841326719575338,3.7386905006857365,3.50368709778549,3.888238120713119,4.27278914364079,4.208697306486179,4.8068877865958894,5.148710918087214,4.785523840877742,6.1100884754063305,5.51189799529662,6.537367389770409,6.409183715461262,5.789629289633272,6.152816366842811,6.516003444052205,6.516003444052205,6.152816366842738,5.789629289633272,6.409183715461186,6.537367389770565,5.51189799529662,6.1100884754063305,4.785523840877799,5.148710918087152,4.8068877865958894,4.208697306486179,4.27278914364079,3.888238120713119,3.503687097785448,3.738690500685692,2.884132671957602,3.0977721291395732,2.6277653233390863,2.478217703311717,2.64912926905729,1.815935386047336,1.9868469517929677,1.7091156574563164,1.7091156574563164,1.2391088516558293,0.8118299372917502,0.9827415030374052,0.8331938830099541,1.0041054487555856,0.4913707515187026,0.5768265343915068,0.3845510229276711,0.4059149686458751,0.34182313149126325,0.19227551146383556,0.17091156574563163,0.14954762002742766,0.32045918577306687,0.021363945718203953,0.12818367430922373,0.14954762002743122,0.04272789143640791,0.04272789143640791,0.04272789143640791,0.021363945718203953,0.04272789143640791,0.04272789143640791,0.0,0.02136394571820446,0.021363945718203953,0.5,0.06438507922914209
1.01,top_k,0.05,False,False,100,100,normal,0.4,1.2,1.2,0.5,0.3,0.23912830224689746,0.2443457362019595,0.24956317015702156,0.25478060411208364,0.25999803806714566,0.26521547202220774,0.27043290597726977,0.27565033993233184,0.28086777388739387,0.28608520784245595,0.29130264179751797,0.29652007575258005,0.30173750970764207,0.30695494366270415,0.3121723776177662,0.31738981157282825,0.3226072455278903,0.32782467948295235,0.3330421134380144,0.33825954739307645,0.3434769813481385,0.34869441530320056,0.3539118492582626,0.35912928321332466,0.36434671716838674,0.36956415112344876,0.3747815850785108,0.37999901903357286,0.38521645298863494,0.39043388694369696,0.395651320898759,0.40086875485382106,0.40608618880888314,0.41130362276394516,0.4165210567190072,0.42173849067406927,0.42695592462913134,0.43217335858419337,0.4373907925392554,0.44260822649431747,0.44782566044937955,0.45304309440444157,0.4582605283595036,0.4634779623145657,0.46869539626962775,0.4739128302246898,0.4791302641797518,0.4843476981348139,0.48956513208987595,0.494782566044938,0.5,0.5052174339550621,0.5104348679101242,0.5156523018651862,0.5208697358202483,0.5260871697753102,0.5313046037303724,0.5365220376854344,0.5417394716404964,0.5469569055955585,0.5521743395506206,0.5573917735056826,0.5626092074607447,0.5678266414158066,0.5730440753708688,0.5782615093259309,0.5834789432809928,0.588696377236055,0.593913811191117,0.599131245146179,0.6043486791012411,0.6095661130563031,0.6147835470113652,0.6200009809664273,0.6252184149214892,0.6304358488765514,0.6356532828316134,0.6408707167866754,0.6460881507417375,0.6513055846967996,0.6565230186518616,0.6617404526069237,0.6669578865619856,0.6721753205170478,0.6773927544721098,0.6826101884271718,0.6878276223822339,0.693045056337296,0.698262490292358,0.7034799242474201,0.708697358202482,0.7139147921575442,0.7191322261126062,0.7243496600676682,0.7295670940227303,0.7347845279777924,0.7400019619328544,0.7452193958879165,0.7504368298429784,0.7556542637980406,0.7608716977531026,0.019166509985809817,0.0,0.0,0.0,0.019166509985809713,0.0,0.03833301997161943,0.019166509985809918,0.019166509985809713,0.0,0.09583254992904858,0.09583254992904959,0.019166509985809713,0.07666603994323967,0.134165569900668,0.15333207988647934,0.17249858987228742,0.2108316098439091,0.17249858987228742,0.22999811982971902,0.36416368973038454,0.4408297296736281,0.6133283195459108,0.804993419404008,0.7858269094182067,0.7474938894465869,0.804993419404008,1.1883236191202022,1.207490129106025,1.5141542888789836,1.7633189186944935,2.338314218268785,2.2041486483681405,2.4341467681978597,2.2999811982971656,2.970809047800506,3.4308052874599753,3.584137367346455,4.197465686892327,4.2741317268355665,4.77246098646667,4.868293536395719,5.903285075629392,5.596620915856437,5.500788365927447,5.922451585615264,5.941618095601012,6.190782725416538,6.133283195459174,5.5582878958848765,5.5582878958847575,6.133283195459174,6.190782725416604,5.941618095600949,5.9224515856153905,5.500788365927329,5.596620915856496,5.903285075629454,4.868293536395616,4.77246098646667,4.274131726835612,4.197465686892283,3.5841373673465307,3.4308052874599024,2.9708090478004743,2.299981198297239,2.434146768197808,2.2041486483681405,2.33831421826881,1.763318918694475,1.5141542888789836,1.207490129106025,1.1883236191201896,0.8049934194040338,0.7474938894465709,0.7858269094182067,0.8049934194040166,0.6133283195459043,0.4408297296736281,0.36416368973038843,0.22999811982971413,0.17249858987229294,0.21083160984390462,0.17249858987228928,0.15333207988647934,0.13416556990066658,0.07666603994323967,0.019166509985809918,0.09583254992904755,0.09583254992905163,0.0,0.019166509985809918,0.019166509985809918,0.03833301997161902,0.0,0.019166509985809918,0.0,0.0,0.0,0.019166509985809918,0.5,0.06452751032694463
1.01,top_k,0.05,False,False,100,100,normal,0.4,1.2,1.2,0.5,0.4,0.2522154764872554,0.2571711669575103,0.2621268574277652,0.26708254789802005,0.27203823836827495,0.27699392883852986,0.28194961930878476,0.28690530977903966,0.2918610002492945,0.2968166907195494,0.3017723811898043,0.3067280716600592,0.3116837621303141,0.31663945260056897,0.3215951430708239,0.3265508335410788,0.3315065240113337,0.33646221448158853,0.34141790495184343,0.34637359542209833,0.35132928589235324,0.35628497636260814,0.36124066683286304,0.3661963573031179,0.3711520477733728,0.3761077382436277,0.38106342871388255,0.38601911918413745,0.39097480965439235,0.39593050012464726,0.40088619059490216,0.40584188106515706,0.41079757153541197,0.41575326200566687,0.4207089524759217,0.4256646429461766,0.43062033341643147,0.43557602388668637,0.4405317143569413,0.4454874048271962,0.4504430952974511,0.455398785767706,0.4603544762379609,0.4653101667082158,0.47026585717847064,0.47522154764872554,0.4801772381189804,0.4851329285892353,0.4900886190594902,0.4950443095297451,0.5,0.5049556904702549,0.5099113809405098,0.5148670714107646,0.5198227618810196,0.5247784523512744,0.5297341428215294,0.5346898332917842,0.5396455237620391,0.544601214232294,0.5495569047025489,0.5545125951728038,0.5594682856430586,0.5644239761133136,0.5693796665835684,0.5743353570538234,0.5792910475240782,0.5842467379943331,0.589202428464588,0.5941581189348429,0.5991138094050978,0.6040694998753527,0.6090251903456076,0.6139808808158624,0.6189365712861175,0.6238922617563722,0.6288479522266273,0.633803642696882,0.638759333167137,0.6437150236373919,0.6486707141076468,0.6536264045779017,0.6585820950481565,0.6635377855184115,0.6684934759886663,0.6734491664589213,0.6784048569291761,0.683360547399431,0.6883162378696859,0.6932719283399408,0.6982276188101957,0.7031833092804506,0.7081389997507055,0.7130946902209603,0.7180503806912153,0.7230060711614701,0.727961761631725,0.7329174521019799,0.7378731425722348,0.7428288330424897,0.7477845235127446,0.020178822830082113,0.0,0.0,0.040357645660164226,0.020178822830082113,0.040357645660164226,0.0,0.0,0.040357645660164226,0.020178822830082113,0.06053646849024634,0.12107293698049268,0.04035764566016468,0.10089411415041057,0.12107293698049268,0.22196705113090326,0.20178822830082338,0.3228611652813138,0.1614305826406569,0.363218810941478,0.5246493935821349,0.3430399881113959,0.6659011533927172,0.6860799762227918,0.7667952675431203,1.2107293698049404,1.069477609994352,1.2712658382951731,1.8362728775374721,1.9573458145179647,1.9371669916878829,2.2196705113090323,2.2196705113090323,2.623246967910704,3.1478963614928097,3.10753871583268,3.490936349604205,4.076122211676586,4.419162199787983,4.580592782428639,4.378804554127818,5.6298915695929095,5.387745695631924,5.105242176010831,5.993110380534388,5.892216266384042,5.569355101102663,6.21507743166529,5.589533923932745,7.0827668133588215,7.0827668133588215,5.589533923932745,6.2150774316654305,5.569355101102538,5.892216266384109,5.993110380534253,5.105242176010889,5.387745695631924,5.6298915695929095,4.378804554127818,4.580592782428639,4.419162199788081,4.076122211676496,3.490936349604284,3.107538715832576,3.1478963614928803,2.6232469679106747,2.2196705113090323,2.2196705113090323,1.9371669916878829,1.9573458145179647,1.8362728775374721,1.2712658382952016,1.069477609994328,1.2107293698049537,0.7667952675431031,0.6860799762228071,0.6659011533927097,0.3430399881113959,0.5246493935821349,0.363218810941478,0.1614305826406605,0.32286116528130654,0.20178822830082566,0.22196705113089824,0.12107293698049539,0.10089411415041057,0.040357645660164226,0.12107293698049268,0.06053646849024634,0.020178822830082113,0.040357645660164226,0.0,0.0,0.04035764566016513,0.020178822830082113,0.040357645660164226,0.0,0.0,0.020178822830082113,0.5,0.0634920638089293
1.01,top_k,0.05,False,False,100,100,normal,0.4,1.2,1.2,0.75,0.1,0.2805356432594439,0.28492493039425504,0.28931421752906616,0.2937035046638773,0.2980927917986884,0.30248207893349954,0.3068713660683106,0.31126065320312174,0.31564994033793287,0.320039227472744,0.3244285146075551,0.32881780174236624,0.33320708887717737,0.3375963760119885,0.3419856631467996,0.3463749502816107,0.3507642374164218,0.35515352455123295,0.3595428116860441,0.3639320988208552,0.3683213859556663,0.37271067309047745,0.3770999602252886,0.3814892473600997,0.38587853449491083,0.39026782162972196,0.3946571087645331,0.3990463958993442,0.40343568303415533,0.40782497016896646,0.41221425730377753,0.41660354443858866,0.4209928315733998,0.4253821187082109,0.42977140584302204,0.4341606929778331,0.43854998011264423,0.44293926724745536,0.4473285543822665,0.4517178415170776,0.45610712865188874,0.46049641578669986,0.464885702921511,0.4692749900563221,0.47366427719113324,0.47805356432594437,0.4824428514607555,0.4868321385955666,0.49122142573037775,0.4956107128651889,0.5,0.504389287134811,0.5087785742696223,0.5131678614044333,0.5175571485392445,0.5219464356740555,0.5263357228088668,0.5307250099436778,0.535114297078489,0.5395035842133,0.5438928713481112,0.5482821584829223,0.5526714456177334,0.5570607327525445,0.5614500198873557,0.5658393070221668,0.5702285941569779,0.574617881291789,0.5790071684266002,0.5833964555614113,0.5877857426962223,0.5921750298310335,0.5965643169658446,0.6009536041006558,0.6053428912354668,0.609732178370278,0.6141214655050891,0.6185107526399003,0.6229000397747113,0.6272893269095225,0.6316786140443336,0.6360679011791447,0.6404571883139558,0.6448464754487669,0.6492357625835781,0.6536250497183892,0.6580143368532003,0.6624036239880114,0.6667929111228226,0.6711821982576337,0.6755714853924448,0.6799607725272558,0.6843500596620671,0.6887393467968781,0.6931286339316893,0.6975179210665003,0.7019072082013116,0.7062964953361226,0.7106857824709338,0.7150750696057449,0.719464356740556,0.02278274283012999,0.04556548566025998,0.02278274283012999,0.02278274283012999,0.02278274283012999,0.13669645698078167,0.09113097132051996,0.13669645698077995,0.02278274283012999,0.06834822849038998,0.13669645698077995,0.11391371415064996,0.2506101711314299,0.11391371415064996,0.36452388528208446,0.4100893709423399,0.38730662811220984,0.38730662811220984,0.5923513135833798,0.5695685707532497,1.0480061701859797,0.7973959990545497,0.8885269703750697,1.0024406845257197,1.3441818269776695,1.7314884550898795,2.118795083202089,1.8909676549007894,2.1415778260322194,2.0048813690514646,2.209926054522609,2.369405254333519,3.007322053577159,3.485759653009889,3.8502835382920173,3.986979995272749,3.485759653009889,4.283155652064439,4.761593251497168,4.579331308856128,5.194465365269639,5.399510050740808,5.581771993381848,5.376727307910678,6.606995420737697,6.196906049795357,5.969078621494058,6.196906049795357,5.991861364324188,6.493081706587048,6.493081706587212,5.991861364324037,6.196906049795515,5.9690786214939076,6.196906049795515,6.606995420737531,5.376727307910814,5.5817719933817065,5.399510050740944,5.194465365269639,4.579331308856128,4.761593251497168,4.283155652064439,3.485759653009889,3.986979995272749,3.8502835382919685,3.485759653009889,3.007322053577159,2.369405254333519,2.209926054522665,2.0048813690513887,2.1415778260322735,1.8909676549007415,2.118795083202143,1.7314884550898355,1.3441818269777035,1.0024406845256943,0.8885269703750922,0.7973959990545295,1.048006170186006,0.5695685707532497,0.5923513135833798,0.38730662811220984,0.38730662811220984,0.4100893709423399,0.36452388528207985,0.11391371415064996,0.2506101711314299,0.11391371415064996,0.13669645698077995,0.06834822849039171,0.022782742830129415,0.13669645698078342,0.09113097132051766,0.13669645698078342,0.022782742830129415,0.022782742830130567,0.022782742830129415,0.04556548566026113,0.02278274283012999,0.5,0.062845960587472
1.01,top_k,0.05,False,False,100,100,normal,0.4,1.2,1.2,0.75,0.2,0.26659664371462183,0.2712647108403294,0.27593277796603694,0.28060084509174454,0.2852689122174521,0.28993697934315965,0.2946050464688672,0.29927311359457476,0.3039411807202823,0.30860924784598986,0.3132773149716975,0.317945382097405,0.3226134492231126,0.32728151634882013,0.33194958347452774,0.3366176506002353,0.34128571772594285,0.3459537848516504,0.35062185197735796,0.3552899191030655,0.35995798622877306,0.3646260533544806,0.3692941204801882,0.3739621876058958,0.37863025473160333,0.3832983218573109,0.3879663889830185,0.39263445610872605,0.3973025232344336,0.40197059036014116,0.4066386574858487,0.41130672461155626,0.4159747917372638,0.42064285886297137,0.425310925988679,0.42997899311438653,0.4346470602400941,0.4393151273658017,0.44398319449150925,0.4486512616172168,0.45331932874292435,0.4579873958686319,0.46265546299433946,0.467323530120047,0.47199159724575457,0.4766596643714621,0.48132773149716973,0.4859957986228773,0.49066386574858484,0.49533193287429245,0.5,0.5046680671257076,0.5093361342514151,0.5140042013771227,0.5186722685028302,0.5233403356285378,0.5280084027542453,0.5326764698799529,0.5373445370056604,0.542012604131368,0.5466806712570755,0.5513487383827831,0.5560168055084908,0.5606848726341983,0.5653529397599059,0.5700210068856134,0.574689074011321,0.5793571411370286,0.5840252082627362,0.5886932753884437,0.5933613425141513,0.5980294096398588,0.6026974767655664,0.607365543891274,0.6120336110169815,0.6167016781426891,0.6213697452683966,0.6260378123941042,0.6307058795198117,0.6353739466455193,0.6400420137712268,0.6447100808969344,0.6493781480226419,0.6540462151483495,0.658714282274057,0.6633823493997647,0.6680504165254723,0.6727184836511798,0.6773865507768874,0.6820546179025949,0.6867226850283025,0.6913907521540101,0.6960588192797177,0.7007268864054252,0.7053949535311328,0.7100630206568403,0.7147310877825479,0.7193991549082555,0.724067222033963,0.7287352891596706,0.7334033562853781,0.021422142678559426,0.0,0.02142214267855917,0.021422142678559426,0.021422142678559426,0.0,0.0,0.021422142678559426,0.0,0.04284428535711834,0.021422142678559426,0.04284428535711885,0.04284428535711885,0.02142214267855917,0.0856885707142377,0.1713771414284754,0.12853285607135653,0.14995499874991597,0.21422142678559425,0.14995499874991597,0.3427542828569508,0.47128713892830176,0.47128713892830726,0.6212421376782233,0.5783978523211044,0.8354635644638077,0.9425742778566145,1.4995499874991598,1.3495949887492438,1.6280828435705161,1.5423942728562785,1.970837126427467,2.1850585532130613,2.4635464080343046,2.9776778323197597,3.363276400533829,3.363276400533789,4.370117106426123,4.305850678390445,5.077047814818584,5.248424956247059,5.8268228085681635,6.5551756596391835,6.362376375532149,6.576597802317743,6.640864230353343,6.126732806067995,6.983618513210373,7.433483509460032,7.81908207767419,7.81908207767419,7.433483509460121,6.983618513210373,6.126732806067995,6.640864230353421,6.576597802317743,6.362376375532149,6.5551756596391835,5.8268228085681635,5.248424956247059,5.077047814818584,4.305850678390342,4.370117106426123,3.363276400533829,3.363276400533829,2.9776778323197597,2.463546408034275,2.1850585532130613,1.970837126427467,1.5423942728562785,1.6280828435705161,1.3495949887492438,1.4995499874991598,0.9425742778566145,0.8354635644638176,0.5783978523211044,0.6212421376782233,0.47128713892830726,0.47128713892830726,0.3427542828569508,0.14995499874991597,0.21422142678559425,0.14995499874991597,0.12853285607135653,0.1713771414284713,0.0856885707142377,0.021422142678559426,0.04284428535711885,0.04284428535711885,0.021422142678559426,0.042844285357117824,0.0,0.021422142678559426,0.0,0.0,0.021422142678559426,0.021422142678559426,0.021422142678559426,0.0,0.021422142678559426,0.5,0.054958821512137296
1.01,top_k,0.05,False,False,100,100,normal,0.4,1.2,1.2,0.75,0.3,0.3112915211357233,0.31506569071300883,0.3188398602902944,0.32261402986757987,0.3263881994448654,0.33016236902215096,0.3339365385994365,0.337710708176722,0.34148487775400754,0.3452590473312931,0.34903321690857864,0.3528073864858642,0.3565815560631497,0.3603557256404352,0.36412989521772077,0.3679040647950063,0.3716782343722918,0.37545240394957735,0.3792265735268629,0.38300074310414844,0.38677491268143394,0.3905490822587195,0.39432325183600503,0.3980974214132906,0.4018715909905761,0.4056457605678616,0.40941993014514716,0.4131940997224327,0.41696826929971825,0.4207424388770038,0.4245166084542893,0.42829077803157484,0.4320649476088604,0.4358391171861459,0.4396132867634315,0.44338745634071697,0.4471616259180025,0.45093579549528806,0.45470996507257355,0.4584841346498591,0.46225830422714465,0.46603247380443014,0.46980664338171574,0.47358081295900123,0.4773549825362868,0.4811291521135723,0.4849033216908578,0.4886774912681434,0.4924516608454289,0.49622583042271445,0.5,0.5037741695772855,0.507548339154571,0.5113225087318566,0.5150966783091422,0.5188708478864277,0.5226450174637132,0.5264191870409987,0.5301933566182843,0.5339675261955698,0.5377416957728554,0.5415158653501408,0.5452900349274263,0.5490642045047119,0.5528383740819974,0.556612543659283,0.5603867132365685,0.564160882813854,0.5679350523911396,0.5717092219684251,0.5754833915457107,0.5792575611229962,0.5830317307002817,0.5868059002775672,0.5905800698548528,0.5943542394321384,0.5981284090094239,0.6019025785867094,0.6056767481639949,0.6094509177412805,0.6132250873185661,0.6169992568958516,0.620773426473137,0.6245475960504225,0.6283217656277081,0.6320959352049937,0.6358701047822792,0.6396442743595647,0.6434184439368502,0.6471926135141358,0.6509667830914214,0.6547409526687069,0.6585151222459924,0.6622892918232779,0.6660634614005635,0.669837630977849,0.6736118005551346,0.6773859701324201,0.6811601397097056,0.6849343092869912,0.6887084788642767,0.02649589477956681,0.07948768433870045,0.0529917895591344,0.0,0.02649589477956681,0.05299178955913362,0.0529917895591344,0.10598357911826724,0.1854712634569677,0.26495894779566814,0.13247947389783407,0.2119671582365376,0.4504302112526359,0.1589753686774009,0.3974384216935022,0.39743842169350807,0.47692610603220265,0.5829096851504699,0.7683809486074376,1.13932347552139,1.0333398964031058,1.1658193703009399,1.4042824233170412,1.3247947389783408,1.695737265892301,1.5632577919944421,2.0931756875857785,2.4111264249405804,2.7820689518545154,2.7555730570749892,3.07352379442975,3.232499163107151,3.735921163918976,4.106863690832796,4.875244639440365,4.371822638628524,4.769261060322027,4.689773375983395,4.2923349542898235,4.928236428999427,6.147047588859591,6.332518852316375,6.0675599045208894,6.703461379230403,5.9880722201821,6.517990115773531,6.994916221805536,7.39235464349925,7.418850538278707,7.047908011364773,7.047908011364876,7.418850538278816,7.392354643499032,6.994916221805536,6.517990115773531,5.988072220182188,6.703461379230503,6.067559904520711,6.332518852316562,6.147047588859411,4.9282364289995,4.2923349542898865,4.689773375983257,4.769261060322097,4.37182263862846,4.875244639440365,4.106863690832917,3.735921163918866,3.232499163107199,3.0735237944297054,2.7555730570749892,2.7820689518545563,2.4111264249406155,2.0931756875857475,1.563257791994419,1.695737265892301,1.32479473897836,1.4042824233170617,1.1658193703009228,1.0333398964030904,1.13932347552139,0.7683809486074489,0.5829096851504785,0.47692610603219565,0.39743842169349636,0.39743842169350807,0.1589753686774032,0.4504302112526425,0.2119671582365314,0.13247947389783213,0.26495894779567203,0.18547126345697043,0.1059835791182688,0.05299178955913285,0.0529917895591344,0.026495894779566424,0.0,0.0529917895591344,0.07948768433869928,0.0264958947795672,0.5,0.05585260735445306
1.01,top_k,0.05,False,False,100,100,normal,0.4,1.2,1.2,0.75,0.4,0.2640607368112936,0.2687795220750677,0.27349830733884184,0.278217092602616,0.28293587786639013,0.28765466313016425,0.29237344839393836,0.2970922336577125,0.30181101892148665,0.30652980418526077,0.3112485894490349,0.315967374712809,0.3206861599765831,0.3254049452403573,0.3301237305041314,0.3348425157679055,0.33956130103167964,0.3442800862954538,0.34899887155922793,0.35371765682300205,0.35843644208677616,0.3631552273505503,0.3678740126143244,0.37259279787809857,0.3773115831418727,0.3820303684056468,0.3867491536694209,0.3914679389331951,0.3961867241969692,0.4009055094607433,0.40562429472451744,0.41034307998829156,0.4150618652520657,0.4197806505158398,0.42449943577961397,0.4292182210433881,0.43393700630716225,0.43865579157093637,0.4433745768347105,0.4480933620984846,0.4528121473622587,0.45753093262603284,0.46224971788980695,0.46696850315358107,0.47168728841735524,0.47640607368112936,0.48112485894490353,0.48584364420867765,0.49056242947245177,0.4952812147362259,0.5,0.5047187852637741,0.5094375705275482,0.5141563557913225,0.5188751410550965,0.5235939263188707,0.5283127115826447,0.5330314968464189,0.537750282110193,0.5424690673739672,0.5471878526377413,0.5519066379015154,0.5566254231652896,0.5613442084290636,0.5660629936928379,0.5707817789566119,0.5755005642203861,0.5802193494841602,0.5849381347479343,0.5896569200117084,0.5943757052754826,0.5990944905392567,0.6038132758030308,0.608532061066805,0.613250846330579,0.6179696315943533,0.6226884168581273,0.6274072021219015,0.6321259873856756,0.6368447726494497,0.6415635579132238,0.646282343176998,0.6510011284407722,0.6557199137045462,0.6604386989683204,0.6651574842320944,0.6698762694958686,0.6745950547596428,0.6793138400234169,0.684032625287191,0.6887514105509651,0.6934701958147392,0.6981889810785133,0.7029077663422876,0.7076265516060616,0.7123453368698358,0.7170641221336099,0.721782907397384,0.7265016926611582,0.7312204779249323,0.7359392631887064,0.021191894610609874,0.0,0.0,0.0,0.0,0.021191894610609874,0.0,0.021191894610609625,0.0,0.0,0.04238378922121975,0.021191894610609874,0.0,0.04238378922121975,0.0,0.06357568383182963,0.0847675784424385,0.1483432622742691,0.339070313769758,0.2966865245485382,0.21191894610609874,0.40264599760158765,0.4450297868228021,0.48741357604402713,0.7205244167607358,0.9324433628668345,0.911251468256214,1.0384028359198838,1.2715136766365924,1.5682002011851308,1.6529677796275701,2.055613777229158,2.1827651448928167,2.9032895616535184,3.1152085077596516,3.1152085077596148,4.068843765237096,4.259570816732585,4.958903338882711,4.492681657449293,4.916519549661491,5.234397968820639,5.785387228696496,6.124457542466182,6.69663869695272,6.569487329288984,6.950941432280038,6.6542549077315005,7.650273954430165,7.480738797545286,7.480738797545286,7.650273954430165,6.654254907731343,6.950941432280203,6.569487329288907,6.696638696952877,6.12445754246611,5.785387228696496,5.234397968820639,4.916519549661491,4.492681657449293,4.958903338882594,4.259570816732685,4.068843765237,3.1152085077597245,3.1152085077595784,2.9032895616535526,2.1827651448928167,2.055613777229158,1.6529677796275701,1.5682002011851308,1.2715136766365924,1.0384028359198594,0.9112514682562459,0.9324433628668125,0.7205244167607526,0.48741357604401564,0.44502978682280736,0.40264599760158765,0.21191894610609874,0.2966865245485382,0.33907031376975,0.1483432622742726,0.0847675784424375,0.06357568383183113,0.0,0.04238378922121975,0.0,0.021191894610609874,0.04238378922121975,0.0,0.0,0.021191894610609375,0.0,0.021191894610609375,0.0,0.0,0.0,0.0,0.021191894610609874,0.5,0.054903329101176485
1.01,top_k,0.05,False,False,100,100,normal,0.4,1.2,1.2,1.0,0.1,0.27664328165424756,0.2811104160211626,0.28557755038807764,0.29004468475499273,0.29451181912190777,0.2989789534888228,0.30344608785573784,0.30791322222265294,0.312380356589568,0.316847490956483,0.32131462532339805,0.3257817596903131,0.3302488940572282,0.3347160284241432,0.33918316279105826,0.3436502971579733,0.3481174315248884,0.3525845658918034,0.35705170025871846,0.3615188346256335,0.36598596899254854,0.3704531033594636,0.37492023772637867,0.3793873720932937,0.38385450646020874,0.38832164082712384,0.3927887751940389,0.3972559095609539,0.40172304392786895,0.406190178294784,0.410657312661699,0.4151244470286141,0.41959158139552916,0.4240587157624442,0.4285258501293593,0.4329929844962743,0.43746011886318936,0.4419272532301044,0.44639438759701944,0.4508615219639345,0.45532865633084957,0.4597957906977646,0.46426292506467964,0.46873005943159474,0.4731971937985098,0.4776643281654248,0.48213146253233985,0.4865985968992549,0.4910657312661699,0.49553286563308496,0.5,0.5044671343669151,0.5089342687338302,0.5134014031007452,0.5178685374676603,0.5223356718345753,0.5268028062014903,0.5312699405684054,0.5357370749353205,0.5402042093022354,0.5446713436691506,0.5491384780360655,0.5536056124029807,0.5580727467698957,0.5625398811368107,0.5670070155037258,0.5714741498706408,0.575941284237556,0.5804084186044709,0.584875552971386,0.589342687338301,0.5938098217052161,0.5982769560721312,0.6027440904390462,0.6072112248059612,0.6116783591728763,0.6161454935397914,0.6206126279067063,0.6250797622736215,0.6295468966405364,0.6340140310074516,0.6384811653743666,0.6429482997412816,0.6474154341081967,0.6518825684751117,0.6563497028420269,0.6608168372089418,0.665283971575857,0.6697511059427719,0.674218240309687,0.6786853746766021,0.6831525090435171,0.6876196434104321,0.6920867777773472,0.6965539121442623,0.7010210465111772,0.7054881808780924,0.7099553152450073,0.7144224496119225,0.7188895839788375,0.7233567183457525,0.044771431430686556,0.0,0.0,0.0,0.0,0.0,0.044771431430686,0.0,0.0,0.0,0.044771431430686556,0.111928578576715,0.15670001000740294,0.044771431430686556,0.11192857857671638,0.179085725722744,0.22385715715343277,0.17908572572274623,0.3134000200148059,0.44771431430686554,0.5148714614528953,0.470100030022203,0.6491857557449551,0.7163429028909849,0.828271481467691,1.1864429329131938,0.9402000600444177,1.4103000900666265,1.5222286686433428,2.0371001300962384,1.880400120088812,2.507200160118447,2.574357307264477,3.156385915863363,3.1563859158634022,3.223543063009432,4.007043113046446,4.0965859759078205,4.9696288888062075,4.812928878798744,5.685971791697193,5.775514654558565,6.402314694588098,6.514243273164894,6.044143243142686,7.320129038917251,6.379928978872834,7.633529058932058,7.006729018902446,6.603786136026267,6.603786136026103,7.006729018902446,7.633529058932058,6.379928978872834,7.320129038917251,6.044143243142686,6.514243273164894,6.402314694588018,5.77551465455871,5.685971791697051,4.812928878798925,4.969628888806084,4.0965859759078205,4.007043113046446,3.223543063009432,3.1563859158634022,3.1563859158633236,2.574357307264541,2.507200160118385,1.8804001200888818,2.0371001300961877,1.5222286686433428,1.4103000900666265,0.9402000600444177,1.1864429329131938,0.8282714814676807,0.7163429028910028,0.6491857557449389,0.47010003002222045,0.5148714614528827,0.44771431430686554,0.3134000200148059,0.17908572572274623,0.22385715715343277,0.17908572572274176,0.11192857857671917,0.04477143143068544,0.15670001000740683,0.11192857857671361,0.044771431430686556,0.0,0.0,0.0,0.04477143143068544,0.0,0.0,0.0,0.0,0.0,0.044771431430686556,0.5,0.05561540737716634
1.01,top_k,0.05,False,False,100,100,normal,0.4,1.2,1.2,1.0,0.2,0.320987648067917,0.3245678951065587,0.32814814214520033,0.331728389183842,0.33530863622248364,0.3388888832611253,0.342469130299767,0.3460493773384086,0.3496296243770503,0.35320987141569193,0.3567901184543336,0.3603703654929753,0.3639506125316169,0.3675308595702586,0.3711111066089003,0.3746913536475419,0.3782716006861836,0.3818518477248253,0.3854320947634669,0.3890123418021086,0.3925925888407502,0.3961728358793919,0.3997530829180336,0.4033333299566752,0.4069135769953169,0.4104938240339585,0.4140740710726002,0.4176543181112419,0.4212345651498835,0.4248148121885252,0.4283950592271668,0.4319753062658085,0.43555555330445017,0.4391358003430918,0.4427160473817335,0.4462962944203751,0.4498765414590168,0.45345678849765847,0.45703703553630015,0.4606172825749418,0.4641975296135834,0.4677777766522251,0.47135802369086677,0.47493827072950845,0.4785185177681501,0.48209876480679176,0.4856790118454334,0.48925925888407507,0.49283950592271675,0.4964197529613584,0.5,0.5035802470386417,0.5071604940772834,0.510740741115925,0.5143209881545667,0.5179012351932084,0.52148148223185,0.5250617292704917,0.5286419763091333,0.532222223347775,0.5358024703864166,0.5393827174250583,0.5429629644637,0.5465432115023416,0.5501234585409833,0.553703705579625,0.5572839526182666,0.5608641996569083,0.5644444466955499,0.5680246937341916,0.5716049407728332,0.5751851878114749,0.5787654348501166,0.5823456818887582,0.5859259289273999,0.5895061759660416,0.5930864230046833,0.596666670043325,0.6002469170819665,0.6038271641206082,0.6074074111592498,0.6109876581978915,0.6145679052365332,0.6181481522751748,0.6217283993138165,0.6253086463524582,0.6288888933910999,0.6324691404297416,0.6360493874683831,0.6396296345070248,0.6432098815456665,0.6467901285843081,0.6503703756229497,0.6539506226615914,0.6575308697002331,0.6611111167388748,0.6646913637775165,0.6682716108161582,0.6718518578547997,0.6754321048934414,0.6790123519320831,0.05586206701420204,0.02793103350710145,0.02793103350710102,0.02793103350710145,0.05586206701420204,0.05586206701420204,0.08379310052130434,0.08379310052130305,0.13965516753550725,0.08379310052130305,0.08379310052130305,0.08379310052130434,0.1675862010426061,0.3072413685781112,0.2793103350710145,0.4189655026065152,0.6703448041704244,0.4468965361136232,0.6424137706633234,0.7820689381988405,0.7820689381988284,0.9217241057343335,0.7262068711846377,1.3965516753550509,1.312758574833768,1.899310278482869,1.8713792449757682,1.8713792449757969,2.9048274847385054,2.429999915117826,2.6534481831745964,2.8768964512314046,3.2120688533166666,3.966206758008344,4.2175860595723185,4.441034327629062,5.306896366349193,4.8599998302355765,5.642068768434493,5.278965332842174,7.178275611324961,7.122413544310759,7.625172147438578,7.597241113931594,7.7927583484811835,8.072068683552319,8.295516951609,8.183792817580597,7.345861812367682,7.345861812367682,7.345861812367566,7.345861812367566,8.183792817580597,8.295516951609,8.072068683552194,7.792758348481425,7.597241113931476,7.625172147438578,7.122413544310759,7.1782756113251835,5.278965332842092,5.642068768434405,4.8599998302355765,5.306896366349193,4.441034327629062,4.217586059572384,3.966206758008344,3.212068853316617,2.8768964512314046,2.6534481831746786,2.4299999151177882,2.9048274847385054,1.8713792449757682,1.8713792449757682,1.899310278482869,1.3127585748337476,1.3965516753550509,0.7262068711846489,0.9217241057343335,0.7820689381988527,0.7820689381988284,0.6424137706633234,0.4468965361136163,0.6703448041704244,0.4189655026065152,0.27931033507101016,0.3072413685781112,0.1675862010426113,0.08379310052130305,0.08379310052130305,0.08379310052130565,0.13965516753550508,0.08379310052130305,0.08379310052130305,0.05586206701420204,0.05586206701420204,0.02793103350710102,0.027931033507101882,0.02793103350710102,0.05586206701420204,0.5,0.04921490660794825
1.01,top_k,0.05,False,False,100,100,normal,0.4,1.2,1.2,1.0,0.3,0.2847426647430461,0.2890478114481852,0.29335295815332424,0.29765810485846333,0.30196325156360243,0.30626839826874147,0.31057354497388057,0.31487869167901966,0.31918383838415876,0.3234889850892978,0.3277941317944369,0.332099278499576,0.33640442520471503,0.3407095719098541,0.3450147186149932,0.34931986532013226,0.35362501202527136,0.35793015873041045,0.3622353054355495,0.3665404521406886,0.3708455988458277,0.3751507455509667,0.3794558922561058,0.3837610389612449,0.38806618566638396,0.39237133237152305,0.39667647907666215,0.4009816257818012,0.4052867724869403,0.4095919191920794,0.4138970658972184,0.41820221260235757,0.4225073593074966,0.42681250601263565,0.4311176527177748,0.43542279942291384,0.43972794612805294,0.44403309283319203,0.4483382395383311,0.45264338624347017,0.45694853294860927,0.4612536796537483,0.4655588263588874,0.4698639730640265,0.47416911976916554,0.47847426647430463,0.48277941317944373,0.48708455988458277,0.49138970658972186,0.49569485329486096,0.5,0.5043051467051392,0.5086102934102782,0.5129154401154172,0.5172205868205564,0.5215257335256954,0.5258308802308345,0.5301360269359736,0.5344411736411127,0.5387463203462517,0.5430514670513908,0.5473566137565299,0.5516617604616689,0.5559669071668081,0.5602720538719471,0.5645772005770862,0.5688823472822253,0.5731874939873643,0.5774926406925034,0.5817977873976425,0.5861029341027816,0.5904080808079206,0.5947132275130598,0.5990183742181988,0.6033235209233379,0.607628667628477,0.611933814333616,0.6162389610387551,0.6205441077438942,0.6248492544490333,0.6291544011541723,0.6334595478593115,0.6377646945644505,0.6420698412695895,0.6463749879747287,0.6506801346798677,0.6549852813850068,0.6592904280901459,0.663595574795285,0.667900721500424,0.6722058682055632,0.6765110149107023,0.6808161616158412,0.6851213083209804,0.6894264550261195,0.6937316017312585,0.6980367484363976,0.7023418951415368,0.7066470418466757,0.7109521885518149,0.7152573352569539,0.023228012155922358,0.0,0.0,0.0,0.0,0.023228012155922358,0.046456024311844715,0.023228012155922358,0.06968403646776798,0.023228012155922358,0.023228012155922358,0.023228012155922656,0.046456024311844715,0.06968403646776708,0.23228012155922656,0.2090521094033012,0.13936807293553416,0.23228012155922656,0.1625960850914565,0.34842018233883537,0.4181042188066078,0.4645602431184471,0.5342442795862142,0.6271563282099117,0.905892474080972,1.0220325348605837,1.0917165713283647,1.1846286199520402,1.5098207901349534,2.090521094033039,2.1602051305007515,2.113749106188962,2.740905434398874,2.833817483022491,3.251921701829172,3.9255340543508783,3.577113872012043,4.854654540587835,5.3424427958621425,5.62117894173321,6.29479129425504,6.434159367190492,6.132195209163502,5.899915087604355,7.1309997318681635,7.549103950674766,6.875491598153107,7.247139792647776,7.363279853427387,7.247139792647869,7.247139792647682,7.363279853427483,7.247139792647869,6.875491598152929,7.549103950674864,7.130999731868255,5.899915087604202,6.132195209163582,6.434159367190576,6.294791294254877,5.621178941733283,5.342442795862211,4.85465454058771,3.5771138720120894,3.9255340543509294,3.251921701829088,2.833817483022564,2.740905434398874,2.1137491061889073,2.160205130500807,2.090521094033039,1.5098207901349339,1.1846286199520555,1.0917165713283647,1.0220325348605706,0.9058924740809836,0.6271563282099117,0.5342442795862073,0.4645602431184531,0.4181042188066078,0.3484201823388309,0.1625960850914586,0.23228012155922656,0.13936807293553233,0.2090521094033039,0.23228012155922656,0.06968403646776616,0.04645602431184531,0.023228012155922656,0.02322801215592206,0.02322801215592206,0.06968403646776977,0.02322801215592206,0.04645602431184412,0.023228012155923256,0.0,0.0,0.0,0.0,0.023228012155922656,0.5,0.05246377626809935
1.01,top_k,0.05,False,False,100,100,normal,0.4,1.2,1.2,1.0,0.4,0.3197497302208667,0.3233547356164494,0.32695974101203207,0.33056474640761474,0.3341697518031974,0.33777475719878003,0.3413797625943627,0.3449847679899454,0.34858977338552805,0.3521947787811107,0.3557997841766934,0.35940478957227606,0.36300979496785873,0.3666148003634414,0.370219805759024,0.3738248111546067,0.37742981655018937,0.38103482194577204,0.3846398273413547,0.3882448327369374,0.39184983813252006,0.3954548435281027,0.3990598489236854,0.402664854319268,0.4062698597148507,0.40987486511043336,0.41347987050601603,0.4170848759015987,0.4206898812971814,0.42429488669276405,0.42789989208834667,0.43150489748392934,0.435109902879512,0.4387149082750947,0.44231991367067736,0.44592491906626003,0.4495299244618427,0.4531349298574253,0.45673993525300804,0.46034494064859066,0.4639499460441734,0.467554951439756,0.4711599568353387,0.47476496223092135,0.478369967626504,0.4819749730220867,0.4855799784176693,0.48918498381325204,0.49278998920883466,0.4963949946044174,0.5,0.5036050053955827,0.5072100107911653,0.510815016186748,0.5144200215823307,0.5180250269779133,0.521630032373496,0.5252350377690786,0.5288400431646614,0.532445048560244,0.5360500539558266,0.5396550593514093,0.543260064746992,0.5468650701425747,0.5504700755381573,0.55407508093374,0.5576800863293226,0.5612850917249053,0.564890097120488,0.5684951025160707,0.5721001079116533,0.575705113307236,0.5793101187028187,0.5829151240984013,0.5865201294939839,0.5901251348895666,0.5937301402851494,0.597335145680732,0.6009401510763146,0.6045451564718973,0.60815016186748,0.6117551672630627,0.6153601726586453,0.618965178054228,0.6225701834498106,0.6261751888453932,0.629780194240976,0.6333851996365587,0.6369902050321413,0.6405952104277239,0.6442002158233067,0.6478052212188893,0.6514102266144719,0.6550152320100546,0.6586202374056374,0.66222524280122,0.6658302481968026,0.6694352535923853,0.673040258987968,0.6766452643835505,0.6802502697791333,0.027739209523107287,0.0,0.027739209523107287,0.027739209523107287,0.02773920952310771,0.027739209523107287,0.13869604761553642,0.08321762856932184,0.055478419046214575,0.19417446666175098,0.08321762856932184,0.13869604761553642,0.19417446666175098,0.36060972380040024,0.5270449809390384,0.5270449809390384,0.3051313047541801,0.38834893332350195,0.6102626095083602,0.7212194476007894,0.8599154952163389,0.97087233330874,0.8321762856932313,1.6366133618633298,1.830787828525081,1.8862662475712955,2.024962295186832,2.163658342802368,2.024962295186832,2.219136761848617,2.7461817427876207,2.9958346284955866,3.7447932856194837,4.438273523697165,3.9112285427581273,4.854361666543775,5.159492971298034,6.296800561745257,5.7974947903295115,6.213582933175935,6.158104514129912,6.1858437236529245,6.823845542684392,6.962541590299929,7.683761037900718,7.545064990285298,7.600543409331278,7.711500247423943,7.905674714085454,7.0457592188693585,7.045759218869142,7.905674714085697,7.711500247423943,7.600543409331278,7.545064990285298,7.683761037900599,6.962541590300035,6.823845542684286,6.1858437236530195,6.158104514129912,6.213582933175935,5.7974947903295115,6.296800561745257,5.159492971298034,4.854361666543699,3.9112285427581877,4.438273523697234,3.7447932856194255,2.9958346284955404,2.7461817427876634,2.219136761848617,2.0249622951868003,2.1636583428024014,2.024962295186863,1.8862662475712664,1.8307878285250525,1.636613361863355,0.8321762856932313,0.97087233330874,0.8599154952163126,0.7212194476008005,0.6102626095083696,0.38834893332349596,0.3051313047541848,0.5270449809390465,0.5270449809390303,0.36060972380038914,0.19417446666175397,0.13869604761553855,0.08321762856932058,0.19417446666175397,0.05547841904621542,0.08321762856932058,0.13869604761553428,0.02773920952310771,0.02773920952310771,0.027739209523106854,0.027739209523106854,0.0,0.027739209523106854,0.5,0.05049955639457001
1.01,top_k,0.05,False,False,100,100,normal,0.4,1.2,1.2,1.25,0.1,0.3285016160915587,0.33193158376972753,0.33536155144789637,0.3387915191260652,0.34222148680423403,0.3456514544824028,0.34908142216057164,0.3525113898387405,0.3559413575169093,0.35937132519507814,0.36280129287324697,0.3662312605514158,0.36966122822958464,0.3730911959077534,0.37652116358592225,0.3799511312640911,0.3833810989422599,0.38681106662042875,0.3902410342985976,0.3936710019767664,0.39710096965493524,0.4005309373331041,0.4039609050112729,0.4073908726894417,0.4108208403676105,0.41425080804577935,0.4176807757239482,0.421110743402117,0.42454071108028585,0.4279706787584546,0.43140064643662346,0.4348306141147923,0.4382605817929611,0.44169054947112996,0.4451205171492988,0.4485504848274676,0.45198045250563645,0.4554104201838053,0.4588403878619741,0.46227035554014295,0.4657003232183118,0.46913029089648056,0.4725602585746494,0.4759902262528182,0.47942019393098706,0.48285016160915584,0.48628012928732467,0.4897100969654935,0.49314006464366233,0.49657003232183117,0.5,0.5034299676781688,0.5068599353563377,0.5102899030345065,0.5137198707126753,0.5171498383908442,0.520579806069013,0.5240097737471818,0.5274397414253507,0.5308697091035195,0.5342996767816883,0.5377296444598572,0.5411596121380259,0.5445895798161947,0.5480195474943635,0.5514495151725324,0.5548794828507012,0.55830945052887,0.5617394182070389,0.5651693858852077,0.5685993535633765,0.5720293212415454,0.5754592889197142,0.5788892565978829,0.5823192242760518,0.5857491919542206,0.5891791596323894,0.5926091273105583,0.5960390949887271,0.5994690626668959,0.6028990303450648,0.6063289980232336,0.6097589657014024,0.6131889333795713,0.6166189010577401,0.6200488687359089,0.6234788364140778,0.6269088040922466,0.6303387717704154,0.6337687394485843,0.6371987071267531,0.6406286748049219,0.6440586424830907,0.6474886101612596,0.6509185778394284,0.6543485455175972,0.6577785131957661,0.6612084808739349,0.6646384485521037,0.6680684162302725,0.6714983839084413,0.0874643810521742,0.05830958736811614,0.0,0.02915479368405807,0.02915479368405854,0.0,0.0874643810521742,0.20408355578840648,0.02915479368405807,0.0874643810521742,0.0874643810521742,0.20408355578840648,0.11661917473623416,0.14577396842029033,0.29154793684058067,0.11661917473623228,0.5247862863130452,0.5539410799971033,0.5539410799971033,0.6414054610492775,0.6997150484173936,0.6705602547333356,1.1078821599942243,1.5160492715710197,1.66182323999131,1.8950615894637743,2.1866095263043555,2.2740739073565295,2.069990351568156,2.857169781037691,3.4402656547188517,3.2653368926145037,3.760968385243491,4.314909465240594,3.965051941031897,4.664766989449291,4.83969575155364,5.947577911547846,5.976732705231904,6.0350422926000205,7.113769658910284,6.472364197860891,7.580246357855097,7.726020326275389,8.250806612588567,7.871794294695678,8.425735374692783,8.279961406272491,8.542354549429014,8.513199755744957,8.513199755744957,8.542354549429014,8.279961406272491,8.425735374692783,7.871794294695678,8.250806612588434,7.726020326275389,7.580246357855097,6.472364197860891,7.113769658910169,6.0350422926000205,5.976732705232097,5.947577911547846,4.83969575155364,4.664766989449291,3.965051941031897,4.314909465240594,3.760968385243491,3.2653368926145037,3.4402656547188517,2.857169781037691,2.069990351568123,2.274073907356603,2.1866095263043555,1.8950615894637743,1.66182323999131,1.5160492715710197,1.1078821599942066,0.6705602547333356,0.6997150484173936,0.6414054610492775,0.5539410799971033,0.5539410799971033,0.5247862863130452,0.11661917473623228,0.29154793684058067,0.14577396842029033,0.11661917473623228,0.20408355578840648,0.0874643810521742,0.0874643810521742,0.02915479368405807,0.20408355578840648,0.0874643810521742,0.0,0.02915479368405807,0.02915479368405807,0.0,0.058309587368118025,0.0874643810521742,0.5,0.046686104868888564
1.01,top_k,0.05,False,False,100,100,normal,0.4,1.2,1.2,1.25,0.2,0.3007949032329014,0.3047790051682434,0.30876310710358534,0.31274720903892733,0.3167313109742693,0.32071541290961125,0.32469951484495324,0.32868361678029523,0.33266771871563716,0.33665182065097915,0.34063592258632114,0.34462002452166307,0.34860412645700506,0.35258822839234705,0.35657233032768904,0.36055643226303097,0.36454053419837296,0.36852463613371494,0.37250873806905693,0.37649284000439887,0.38047694193974085,0.38446104387508284,0.3884451458104248,0.39242924774576676,0.39641334968110875,0.4003974516164507,0.40438155355179267,0.40836565548713466,0.4123497574224766,0.4163338593578186,0.42031796129316057,0.4243020632285025,0.4282861651638445,0.4322702670991865,0.4362543690345284,0.4402384709698704,0.4442225729052124,0.4482066748405543,0.4521907767758963,0.4561748787112383,0.46015898064658023,0.4641430825819222,0.4681271845172642,0.47211128645260614,0.4760953883879481,0.4800794903232901,0.48406359225863205,0.4880476941939741,0.492031796129316,0.49601589806465796,0.5,0.5039841019353419,0.5079682038706839,0.5119523058060259,0.5159364077413678,0.5199205096767099,0.5239046116120518,0.5278887135473938,0.5318728154827357,0.5358569174180777,0.5398410193534197,0.5438251212887617,0.5478092232241036,0.5517933251594456,0.5557774270947875,0.5597615290301295,0.5637456309654715,0.5677297329008135,0.5717138348361555,0.5756979367714974,0.5796820387068393,0.5836661406421814,0.5876502425775234,0.5916343445128653,0.5956184464482073,0.5996025483835492,0.6035866503188911,0.6075707522542332,0.6115548541895752,0.6155389561249172,0.6195230580602591,0.623507159995601,0.627491261930943,0.631475363866285,0.635459465801627,0.639443567736969,0.6434276696723109,0.6474117716076528,0.6513958735429948,0.6553799754783368,0.6593640774136789,0.6633481793490208,0.6673322812843627,0.6713163832197047,0.6753004851550467,0.6792845870903886,0.6832686890257307,0.6872527909610726,0.6912368928964145,0.6952209948317565,0.6992050967670985,0.02509975939945828,0.0,0.0,0.0,0.0,0.0,0.0,0.025099759399458632,0.0,0.0,0.025099759399458632,0.10039903759783313,0.0,0.0,0.050199518798917264,0.17569831579620798,0.20079807519566625,0.2760973533940411,0.20079807519566906,0.3764963909918742,0.22589783459512455,0.4015961503913381,0.42669590979079075,0.6525937443859153,0.8533918195815935,0.8533918195815815,1.4557860451685802,1.3051874887718489,1.681683879763705,1.2800877293723725,2.2087788271523596,2.7860732933398693,3.0872704061333684,3.1625696843317876,3.639465112921451,4.015961503913325,4.191659819709591,4.467757173103574,5.2458497144867815,6.400438646861951,6.350239128062945,6.199640571666196,6.802034797253289,7.856224692030442,7.45462854163911,7.479728301038672,8.308020361220576,8.182521564223514,8.05702276722622,9.010813624405397,9.010813624405648,8.05702276722622,8.182521564223286,8.308020361220807,7.479728301038463,7.454628541639213,7.856224692030552,6.802034797253289,6.19964057166611,6.350239128063033,6.400438646861772,5.245849714486854,4.467757173103636,4.191659819709591,4.015961503913269,3.639465112921502,3.1625696843316993,3.0872704061334115,2.7860732933399084,2.2087788271523596,1.2800877293723547,1.6816838797636815,1.3051874887718489,1.4557860451686007,0.8533918195815935,0.8533918195815935,0.6525937443859062,0.42669590979078487,0.4015961503913381,0.2258978345951277,0.3764963909918795,0.20079807519566906,0.27609735339403724,0.20079807519566345,0.17569831579621042,0.050199518798917264,0.0,0.0,0.10039903759783173,0.02509975939945793,0.0,0.0,0.025099759399458632,0.0,0.0,0.0,0.0,0.0,0.0,0.02509975939945793,0.5,0.04670026024099465
1.01,top_k,0.05,False,False,100,100,normal,0.4,1.2,1.2,1.25,0.3,0.31110845687755223,0.3148862877400012,0.31866411860245014,0.3224419494648991,0.32621978032734805,0.32999761118979704,0.33377544205224596,0.33755327291469495,0.3413311037771439,0.34510893463959286,0.3488867655020418,0.35266459636449077,0.3564424272269397,0.3602202580893887,0.3639980889518376,0.3677759198142866,0.3715537506767355,0.3753315815391845,0.3791094124016334,0.3828872432640824,0.38666507412653134,0.3904429049889803,0.39422073585142925,0.39799856671387823,0.40177639757632716,0.40555422843877614,0.40933205930122507,0.41310989016367405,0.416887721026123,0.42066555188857196,0.4244433827510209,0.4282212136134699,0.4319990444759188,0.4357768753383678,0.4395547062008167,0.4433325370632657,0.4471103679257147,0.4508881987881636,0.45466602965061254,0.4584438605130615,0.4622216913755105,0.46599952223795943,0.46977735310040836,0.47355518396285734,0.4773330148253063,0.48111084568775525,0.4848886765502042,0.48866650741265316,0.49244433827510214,0.4962221691375511,0.5,0.503777830862449,0.507555661724898,0.511333492587347,0.5151113234497958,0.5188891543122448,0.5226669851746938,0.5264448160371427,0.5302226468995916,0.5340004777620406,0.5377783086244896,0.5415561394869386,0.5453339703493875,0.5491118012118364,0.5528896320742854,0.5566674629367343,0.5604452937991833,0.5642231246616323,0.5680009555240813,0.5717787863865302,0.5755566172489792,0.5793344481114281,0.5831122789738771,0.586890109836326,0.5906679406987749,0.5944457715612239,0.5982236024236729,0.6020014332861219,0.6057792641485709,0.6095570950110197,0.6133349258734687,0.6171127567359176,0.6208905875983666,0.6246684184608156,0.6284462493232645,0.6322240801857135,0.6360019110481625,0.6397797419106114,0.6435575727730604,0.6473354036355092,0.6511132344979582,0.6548910653604072,0.6586688962228562,0.6624467270853052,0.6662245579477541,0.670002388810203,0.673780219672652,0.6775580505351009,0.6813358813975499,0.6851137122599988,0.6888915431224478,0.026470216280454355,0.0,0.0,0.0,0.0,0.0,0.0,0.0,0.026470216280454355,0.026470216280454748,0.13235108140227178,0.026470216280454748,0.07941064884136308,0.13235108140227372,0.07941064884136308,0.10588086512181899,0.13235108140227178,0.21176173024363798,0.15882129768272615,0.26470216280454745,0.44999367676772406,0.6617554070113687,0.6088149744504503,0.8735171372550067,0.741166055852722,1.1646895163400088,1.4293916791445354,1.5352725442663753,1.773504490790442,2.0646768698754703,2.7793727094477076,3.12348552109366,2.514670546643164,3.3087770350568433,4.235234604872697,4.499936767677241,4.870519795603673,4.844049579323219,5.664626284017233,5.744036932858595,6.6969647189550505,5.74403693285868,7.279309477124948,8.126356398099487,7.808713802734149,8.31164791206279,8.338118128343122,8.68223093998903,8.020475532977787,9.052813967915524,9.052813967915391,8.02047553297767,8.68223093998903,8.338118128343368,8.311647912062668,7.808713802734035,8.126356398099727,7.279309477124948,5.744036932858595,6.696964718954952,5.744036932858595,5.664626284017399,4.844049579323147,4.870519795603602,4.499936767677372,4.235234604872697,3.3087770350567944,2.514670546643164,3.123485521093614,2.7793727094477076,2.0646768698755005,1.773504490790442,1.535272544266398,1.4293916791445354,1.1646895163399917,0.741166055852722,0.8735171372549938,0.6088149744504503,0.6617554070113785,0.44999367676772406,0.26470216280455133,0.15882129768272615,0.21176173024363484,0.13235108140227178,0.10588086512181742,0.07941064884136308,0.13235108140227567,0.07941064884136308,0.026470216280455133,0.13235108140227178,0.026470216280454355,0.026470216280454355,0.0,0.0,0.0,0.0,0.0,0.0,0.0,0.026470216280454355,0.5,0.04556634015306427
1.01,top_k,0.05,False,False,100,100,normal,0.4,1.2,1.2,1.25,0.4,0.3449170808912859,0.3480187392734602,0.35112039765563446,0.35422205603780876,0.35732371441998306,0.3604253728021573,0.3635270311843316,0.3666286895665059,0.36973034794868015,0.37283200633085445,0.37593366471302875,0.37903532309520305,0.3821369814773773,0.3852386398595516,0.3883402982417259,0.39144195662390013,0.39454361500607443,0.39764527338824873,0.400746931770423,0.4038485901525973,0.4069502485347716,0.4100519069169458,0.4131535652991201,0.4162552236812944,0.41935688206346866,0.42245854044564296,0.42556019882781726,0.4286618572099915,0.4317635155921658,0.4348651739743401,0.43796683235651435,0.44106849073868865,0.44417014912086294,0.4472718075030372,0.4503734658852115,0.4534751242673858,0.45657678264956003,0.45967844103173433,0.46278009941390863,0.4658817577960829,0.4689834161782572,0.4720850745604315,0.4751867329426057,0.47828839132478,0.4813900497069543,0.48449170808912856,0.4875933664713029,0.49069502485347716,0.4937966832356514,0.49689834161782576,0.5,0.5031016583821742,0.5062033167643486,0.5093049751465228,0.5124066335286971,0.5155082919108714,0.5186099502930457,0.5217116086752199,0.5248132670573943,0.5279149254395685,0.5310165838217429,0.5341182422039171,0.5372199005860914,0.5403215589682657,0.54342321735044,0.5465248757326142,0.5496265341147886,0.5527281924969628,0.555829850879137,0.5589315092613114,0.5620331676434857,0.5651348260256599,0.5682364844078343,0.5713381427900085,0.5744398011721827,0.5775414595543571,0.5806431179365313,0.5837447763187056,0.5868464347008799,0.5899480930830542,0.5930497514652284,0.5961514098474028,0.599253068229577,0.6023547266117513,0.6054563849939256,0.6085580433760999,0.6116597017582741,0.6147613601404485,0.6178630185226227,0.620964676904797,0.6240663352869713,0.6271679936691456,0.6302696520513198,0.6333713104334942,0.6364729688156684,0.6395746271978426,0.642676285580017,0.6457779439621912,0.6488796023443655,0.6519812607265398,0.6550829191087141,0.03224081690450346,0.0,0.0,0.0,0.0967224507135121,0.09672245071351038,0.09672245071351038,0.1934449014270242,0.19344490142702075,0.19344490142702075,0.19344490142702075,0.1934449014270242,0.29016735214053113,0.419130619758545,0.5803347042810727,0.6448163380900692,0.5480938873765588,0.7415387888035928,0.9994653240396072,1.0317061409441106,1.0317061409441293,1.3218734930846419,1.4185959437981523,1.5475592114161936,2.256857183315242,1.9989306480792144,2.321338817124291,2.385820450933256,2.998395972118822,3.3530449580684194,3.514249042590877,3.643212310208891,4.352510282108045,3.997861296158429,5.12628988781605,5.255253155434158,6.093514394951153,6.319200113282678,6.996257268277375,7.83451850779434,7.189702169704272,8.189167493744026,7.737796057080829,7.221942986608775,8.640538930407082,8.866224648738292,8.124685859935017,8.898465465643115,7.931240958507709,8.092445043030514,8.092445043030514,7.931240958507709,8.898465465643115,8.124685859935017,8.866224648738292,8.640538930407082,7.221942986608903,7.737796057080692,8.189167493744026,7.189702169704144,7.834518507794481,6.996257268277375,6.319200113282565,6.093514394951263,5.255253155434158,5.126289887815958,3.9978612961585007,4.352510282108045,3.6432123102088254,3.5142490425909396,3.3530449580684194,2.998395972118768,2.3858204509332985,2.321338817124291,1.9989306480791786,2.2568571833152826,1.5475592114161936,1.4185959437981268,1.3218734930846654,1.0317061409441293,1.0317061409440922,0.9994653240396252,0.7415387888035928,0.548093887376549,0.6448163380900808,0.5803347042810727,0.41913061975853744,0.29016735214053635,0.1934449014270242,0.19344490142701729,0.1934449014270242,0.1934449014270242,0.19344490142701729,0.0967224507135121,0.0967224507135121,0.09672245071350864,0.0,0.0,0.0,0.03224081690450404,0.5,0.045017291017601956
1.01,top_k,0.05,False,False,100,100,normal,0.4,1.2,1.2,1.5,0.1,0.35392724380901447,0.35684869893283416,0.3597701540566539,0.3626916091804736,0.3656130643042933,0.368534519428113,0.37145597455193274,0.37437742967575244,0.37729888479957213,0.3802203399233919,0.3831417950472116,0.38606325017103127,0.38898470529485096,0.3919061604186707,0.3948276155424904,0.3977490706663101,0.40067052579012985,0.40359198091394954,0.40651343603776924,0.40943489116158893,0.4123563462854087,0.4152778014092284,0.41819925653304807,0.4211207116568678,0.4240421667806875,0.4269636219045072,0.4298850770283269,0.43280653215214665,0.43572798727596634,0.4386494423997861,0.4415708975236058,0.4444923526474255,0.4474138077712452,0.45033526289506487,0.4532567180188846,0.4561781731427043,0.45909962826652406,0.46202108339034376,0.46494253851416345,0.46786399363798314,0.47078544876180284,0.4737069038856226,0.4766283590094423,0.47954981413326203,0.4824712692570817,0.4853927243809014,0.4883141795047211,0.4912356346285408,0.49415708975236056,0.49707854487618025,0.5,0.5029214551238197,0.5058429102476394,0.5087643653714591,0.5116858204952788,0.5146072756190985,0.5175287307429182,0.520450185866738,0.5233716409905577,0.5262930961143774,0.529214551238197,0.5321360063620167,0.5350574614858365,0.5379789166096562,0.5409003717334759,0.5438218268572956,0.5467432819811153,0.549664737104935,0.5525861922287547,0.5555076473525744,0.5584291024763941,0.5613505576002139,0.5642720127240336,0.5671934678478533,0.570114922971673,0.5730363780954927,0.5759578332193125,0.5788792883431322,0.5818007434669519,0.5847221985907716,0.5876436537145913,0.590565108838411,0.5934865639622307,0.5964080190860503,0.5993294742098701,0.6022509293336898,0.6051723844575095,0.6080938395813292,0.6110152947051489,0.6139367498289687,0.6168582049527884,0.6197796600766081,0.6227011152004278,0.6256225703242475,0.6285440254480672,0.6314654805718869,0.6343869356957066,0.6373083908195263,0.640229845943346,0.6431513010671658,0.6460727561909855,0.13691807097725153,0.0,0.0,0.03422951774431288,0.0,0.10268855323293669,0.03422951774431288,0.10268855323293864,0.10268855323293669,0.1711475887215644,0.27383614195450307,0.20537710646587728,0.4792132484203712,0.3765246951874417,0.44498373067606745,0.5134427661646834,0.6503608371419447,0.9926560145850736,1.129574085562325,0.889967461352118,1.0953445678180123,1.0611150500736992,1.4034102275168014,1.4718692630054537,1.9168529936815213,1.677246369471331,2.806820455033603,2.224918653380337,3.1491156324767253,3.628328880897165,3.9363945405959813,3.9021650228516687,4.0390830938289195,4.347148753527653,6.195542711720631,6.606296924652261,5.81901801653319,6.092854158487692,7.153969208561392,7.085510173072766,7.1881987263055676,7.462034868260208,8.112395705402,8.112395705402154,8.865445095777035,9.584264968407606,10.405773394271115,10.474232429759542,9.447346897430355,9.241969790964303,9.241969790964477,9.447346897430355,10.474232429759741,10.405773394271115,9.584264968407606,8.865445095777035,8.112395705401845,8.112395705402154,7.462034868260208,7.188198726305704,7.085510173072766,7.1539692085611195,6.092854158487692,5.81901801653319,6.606296924652386,6.195542711720631,4.347148753527736,4.0390830938289195,3.9021650228516687,3.9363945405959813,3.6283288808970275,3.149115632476785,2.224918653380337,2.806820455033656,1.677246369471331,1.9168529936814485,1.4718692630054537,1.403410227516828,1.0611150500736992,1.0953445678180123,0.8899674613521349,1.129574085562325,0.9926560145850736,0.6503608371419201,0.5134427661646932,0.44498373067606745,0.3765246951874417,0.4792132484203803,0.20537710646586949,0.27383614195450307,0.1711475887215644,0.10268855323293864,0.10268855323293864,0.03422951774431288,0.10268855323293864,0.0,0.03422951774431288,0.0,0.0,0.13691807097725153,0.5,0.04145782944587669
1.01,top_k,0.05,False,False,100,100,normal,0.4,1.2,1.2,1.5,0.2,0.3477745096515868,0.35081901945855504,0.35386352926552334,0.3569080390724916,0.3599525488794598,0.3629970586864281,0.36604156849339636,0.36908607830036466,0.3721305881073329,0.37517509791430115,0.37821960772126945,0.3812641175282377,0.38430862733520593,0.38735313714217423,0.3903976469491425,0.3934421567561107,0.396486666563079,0.39953117637004726,0.40257568617701556,0.4056201959839838,0.40866470579095204,0.41170921559792034,0.4147537254048886,0.4177982352118569,0.4208427450188251,0.42388725482579337,0.4269317646327616,0.4299762744397299,0.43302078424669815,0.43606529405366645,0.4391098038606347,0.44215431366760294,0.44519882347457124,0.4482433332815395,0.4512878430885078,0.454332352895476,0.45737686270244426,0.4604213725094125,0.4634658823163808,0.46651039212334905,0.46955490193031735,0.4725994117372856,0.47564392154425383,0.47868843135122213,0.4817329411581904,0.4847774509651587,0.4878219607721269,0.49086647057909516,0.4939109803860634,0.4969554901930317,0.5,0.5030445098069682,0.5060890196139365,0.5091335294209047,0.512178039227873,0.5152225490348412,0.5182670588418096,0.5213115686487778,0.524356078455746,0.5274005882627143,0.5304450980696827,0.5334896078766509,0.5365341176836191,0.5395786274905874,0.5426231372975556,0.5456676471045239,0.5487121569114921,0.5517566667184605,0.5548011765254287,0.557845686332397,0.5608901961393652,0.5639347059463335,0.5669792157533018,0.57002372556027,0.5730682353672383,0.5761127451742065,0.5791572549811748,0.5822017647881431,0.5852462745951114,0.5882907844020796,0.5913352942090478,0.5943798040160161,0.5974243138229844,0.6004688236299527,0.6035133334369209,0.6065578432438892,0.6096023530508574,0.6126468628578257,0.6156913726647939,0.6187358824717623,0.6217803922787305,0.6248249020856987,0.6278694118926671,0.6309139216996353,0.6339584315066036,0.6370029413135718,0.6400474511205401,0.6430919609275083,0.6461364707344766,0.6491809805414448,0.6522254903484132,0.032846010142953394,0.0,0.032846010142953394,0.0985380304288602,0.0328460101429528,0.06569202028590679,0.1313840405718112,0.032846010142953394,0.06569202028590679,0.16423005071476401,0.22992207100067377,0.26276808114362715,0.2627680811436224,0.26276808114362715,0.26276808114362715,0.492690152144292,0.45984414200134754,0.5912281825731504,0.6897662130020213,0.5583821724302077,0.9525342941456311,1.0182263144315553,1.5766084868617343,1.7736845477194834,1.4452244462899495,1.8393765680053902,2.23352868972079,2.8576028824369457,2.9889869230087047,3.3502930345812465,3.6459071258678266,4.0729052577261475,4.499903389584615,4.204289298297958,5.353899653301404,5.550975714159124,6.3064339474470525,6.142203896732173,6.56920202859068,6.602048038733512,7.751658393737001,8.11296450530949,8.769884708168396,7.981580464737676,8.671346677739539,8.769884708168558,9.952341073314878,8.474270616881977,9.196882840026785,8.835576728454303,8.835576728454464,9.196882840026952,8.474270616881977,9.952341073314878,8.769884708168558,8.67134667773938,7.981580464737676,8.769884708168558,8.11296450530949,7.751658393736719,6.602048038733633,6.56920202859068,6.142203896732286,6.3064339474470525,5.550975714159124,5.353899653301404,4.204289298297882,4.499903389584615,4.072905257726221,3.6459071258678266,3.350293034581124,2.9889869230087593,2.8576028824369457,2.233528689720831,1.8393765680053902,1.4452244462899495,1.7736845477194187,1.5766084868617631,1.0182263144315553,0.9525342941456485,0.5583821724302077,0.6897662130019963,0.5912281825731611,0.45984414200134754,0.4926901521443009,0.26276808114362715,0.26276808114362715,0.26276808114362715,0.2627680811436176,0.22992207100067377,0.16423005071476698,0.0656920202859044,0.032846010142953394,0.13138404057181358,0.06569202028590679,0.032846010142953394,0.0985380304288602,0.032846010142953394,0.0,0.0328460101429522,0.5,0.042354552544113695
1.01,top_k,0.05,False,False,100,100,normal,0.4,1.2,1.2,1.5,0.3,0.3415883312566081,0.3447565646314759,0.3479247980063438,0.3510930313812116,0.35426126475607944,0.35742949813094727,0.36059773150581514,0.36376596488068297,0.3669341982555508,0.3701024316304186,0.3732706650052865,0.3764388983801543,0.37960713175502214,0.38277536512988997,0.38594359850475785,0.38911183187962567,0.3922800652544935,0.39544829862936137,0.3986165320042292,0.401784765379097,0.40495299875396484,0.4081212321288327,0.41128946550370055,0.41445769887856837,0.41762593225343625,0.4207941656283041,0.4239623990031719,0.4271306323780397,0.4302988657529076,0.4334670991277754,0.43663533250264325,0.4398035658775111,0.44297179925237895,0.4461400326272468,0.4493082660021146,0.4524764993769824,0.4556447327518503,0.4588129661267181,0.461981199501586,0.4651494328764538,0.46831766625132165,0.4714858996261895,0.4746541330010573,0.4778223663759252,0.480990599750793,0.4841588331256609,0.4873270665005287,0.49049529987539653,0.49366353325026435,0.4968317666251322,0.5,0.5031682333748679,0.5063364667497356,0.5095047001246036,0.5126729334994714,0.5158411668743392,0.519009400249207,0.5221776336240749,0.5253458669989428,0.5285141003738105,0.5316823337486785,0.5348505671235463,0.5380188004984141,0.5411870338732819,0.5443552672481498,0.5475235006230177,0.5506917339978854,0.5538599673727533,0.5570282007476212,0.560196434122489,0.5633646674973568,0.5665329008722246,0.5697011342470925,0.5728693676219603,0.5760376009968282,0.579205834371696,0.5823740677465639,0.5855423011214317,0.5887105344962995,0.5918787678711674,0.5950470012460352,0.5982152346209031,0.6013834679957708,0.6045517013706387,0.6077199347455066,0.6108881681203744,0.6140564014952423,0.61722463487011,0.620392868244978,0.6235611016198457,0.6267293349947136,0.6298975683695814,0.6330658017444493,0.6362340351193171,0.6394022684941849,0.6425705018690528,0.6457387352439206,0.6489069686187885,0.6520752019936563,0.6552434353685241,0.658411668743392,0.09468999423456795,0.0,0.0,0.0,0.0631266628230453,0.06312666282304419,0.0631266628230453,0.0631266628230453,0.1262533256460906,0.0946899942345663,0.1262533256460906,0.0631266628230453,0.4418866397613171,0.4103233083497873,0.3787599769382718,0.2525066512921812,0.7890832852880524,0.9784632737572021,0.8206466166995889,1.0100266051687248,0.8522099481110966,1.0415899365802475,1.1994065936378606,1.6728565648106712,1.6412932333991779,2.367249855864199,2.3041231930411534,2.1778698673950245,2.903826489860084,3.0616431469176972,3.2825864667982985,4.071669752086422,4.134796414909467,4.355739734790125,4.9554430316090565,5.6498363226624555,5.649836322662554,6.5967362650081185,5.870779642543213,7.196439561827165,6.249539619481485,6.754552922065847,8.11177617276118,8.395846155465025,9.595252749102718,7.606762870176959,8.080212841349798,8.269592829818935,8.522099481111116,9.40587276063375,9.40587276063342,8.522099481111415,8.269592829818645,8.080212841349798,7.606762870176959,9.595252749102885,8.395846155465025,8.111776172761036,6.754552922066084,6.249539619481266,7.196439561827165,5.870779642543213,6.596736265008235,5.649836322662554,5.649836322662357,4.95544303160923,4.355739734789973,4.134796414909467,4.071669752086422,3.2825864667983558,3.0616431469176972,2.903826489860084,2.1778698673950627,2.304123193041073,2.367249855864199,1.6412932333991779,1.6728565648107003,1.1994065936378606,1.041589936580211,0.8522099481111414,1.0100266051686895,0.8206466166996177,0.9784632737571679,0.7890832852880663,0.2525066512921812,0.3787599769382585,0.41032330834980885,0.44188663976130166,0.06312666282304752,0.12625332564608618,0.09468999423456795,0.1262533256460906,0.0631266628230453,0.0631266628230453,0.06312666282304309,0.06312666282304752,0.0,0.0,0.0,0.09468999423456795,0.5,0.04495104199852779
1.01,top_k,0.05,False,False,100,100,normal,0.4,1.2,1.2,1.5,0.4,0.3372360355022944,0.34049131479224853,0.34374659408220265,0.34700187337215677,0.3502571526621109,0.353512431952065,0.3567677112420191,0.3600229905319732,0.3632782698219273,0.3665335491118814,0.3697888284018355,0.37304410769178964,0.37629938698174376,0.37955466627169787,0.382809945561652,0.3860652248516061,0.3893205041415602,0.39257578343151434,0.39583106272146845,0.39908634201142257,0.40234162130137663,0.40559690059133074,0.40885217988128486,0.412107459171239,0.4153627384611931,0.4186180177511472,0.4218732970411013,0.42512857633105544,0.42838385562100956,0.4316391349109637,0.4348944142009178,0.43814969349087185,0.441404972780826,0.4446602520707801,0.4479155313607342,0.4511708106506883,0.45442608994064243,0.45768136923059655,0.46093664852055066,0.4641919278105048,0.4674472071004589,0.470702486390413,0.47395776568036707,0.47721304497032124,0.4804683242602753,0.4837236035502295,0.48697888284018354,0.4902341621301377,0.49348944142009177,0.4967447207100459,0.5,0.5032552792899541,0.5065105585799082,0.5097658378698624,0.5130211171598165,0.5162763964497705,0.5195316757397247,0.5227869550296788,0.5260422343196329,0.529297513609587,0.5325527928995412,0.5358080721894952,0.5390633514794494,0.5423186307694035,0.5455739100593575,0.5488291893493117,0.5520844686392659,0.5553397479292199,0.558595027219174,0.5618503065091282,0.5651055857990822,0.5683608650890364,0.5716161443789904,0.5748714236689446,0.5781267029588987,0.5813819822488528,0.5846372615388069,0.587892540828761,0.5911478201187151,0.5944030994086693,0.5976583786986234,0.6009136579885774,0.6041689372785316,0.6074242165684858,0.6106794958584398,0.6139347751483939,0.617190054438348,0.6204453337283021,0.6237006130182563,0.6269558923082104,0.6302111715981644,0.6334664508881186,0.6367217301780728,0.6399770094680268,0.6432322887579809,0.6464875680479351,0.6497428473378891,0.6529981266278433,0.6562534059177973,0.6595086852077514,0.6627639644977056,0.030719330383909862,0.0,0.0,0.0,0.030719330383909862,0.0,0.0,0.09215799115172958,0.09215799115172958,0.030719330383909862,0.061438660767819724,0.09215799115172958,0.3071933038390986,0.18431598230345916,0.215035312687369,0.12287732153563945,0.3686319646069183,0.3993512949908282,0.3993512949908282,0.6143866076782077,0.9522992419012056,0.7065445988299268,1.0751765634368453,1.0444572330529351,1.2902118761242143,1.2902118761242143,1.6281245103472226,1.8738791534185018,2.4882657610966987,2.5189850914806087,2.949055716855397,3.5020036637656644,4.423583575283096,3.9013549587565524,4.546460896818659,5.437321477952046,5.375882817184226,6.420340050237161,5.406602147568136,6.72753335407626,7.403358622522276,7.126884649067209,7.556955274441697,8.601412507494908,9.461553758244078,8.202061212504073,9.000763802485436,9.922343714003055,9.645869740547697,10.075940365922435,10.075940365922607,9.645869740547532,9.922343714002716,9.000763802485743,8.202061212504073,9.461553758244078,8.601412507494908,7.556955274441697,7.126884649067209,7.40335862252215,6.727533354076375,5.4066021475680435,6.420340050237271,5.375882817184317,5.4373214779519525,4.546460896818582,3.9013549587566185,4.423583575283096,3.5020036637656644,2.949055716855397,2.518985091480566,2.4882657610967414,1.8738791534184696,1.6281245103472506,1.290211876124192,1.2902118761242363,1.0444572330529531,1.0751765634368269,0.7065445988299148,0.9522992419012221,0.6143866076782077,0.3993512949908214,0.3993512949908214,0.3686319646069246,0.12287732153564154,0.2150353126873727,0.18431598230345603,0.3071933038390934,0.09215799115173115,0.06143866076782077,0.03071933038390934,0.09215799115172801,0.09215799115173115,0.0,0.0,0.030719330383910386,0.0,0.0,0.0,0.03071933038390934,0.5,0.04178205313957792
1.01,top_k,0.05,False,False,100,100,normal,0.4,1.2,1.6,0.5,0.1,0.20089548264672927,0.2068775729937947,0.2128596633408601,0.21884175368792552,0.22482384403499092,0.23080593438205635,0.23678802472912175,0.24277011507618718,0.2487522054232526,0.25473429577031803,0.2607163861173834,0.26669847646444883,0.27268056681151426,0.2786626571585797,0.28464474750564506,0.2906268378527105,0.2966089281997759,0.30259101854684134,0.30857310889390677,0.31455519924097214,0.32053728958803757,0.326519379935103,0.33250147028216837,0.3384835606292338,0.3444656509762992,0.35044774132336465,0.3564298316704301,0.3624119220174955,0.36839401236456093,0.3743761027116263,0.38035819305869173,0.3863402834057571,0.39232237375282253,0.39830446409988796,0.4042865544469534,0.4102686447940188,0.41625073514108424,0.42223282548814967,0.42821491583521504,0.43419700618228046,0.44017909652934584,0.44616118687641126,0.4521432772234767,0.4581253675705421,0.46410745791760755,0.470089548264673,0.4760716386117384,0.48205372895880383,0.48803581930586926,0.4940179096529346,0.5,0.5059820903470654,0.5119641806941309,0.5179462710411963,0.5239283613882617,0.5299104517353271,0.5358925420823926,0.541874632429458,0.5478567227765233,0.5538388131235887,0.5598209034706542,0.5658029938177196,0.571785084164785,0.5777671745118504,0.5837492648589159,0.5897313552059813,0.5957134455530467,0.601695535900112,0.6076776262471775,0.6136597165942429,0.6196418069413083,0.6256238972883738,0.6316059876354392,0.6375880779825046,0.64357016832957,0.6495522586766355,0.6555343490237008,0.6615164393707662,0.6674985297178316,0.6734806200648971,0.6794627104119625,0.6854448007590279,0.6914268911060933,0.6974089814531588,0.7033910718002242,0.7093731621472896,0.715355252494355,0.7213373428414204,0.7273194331884858,0.7333015235355512,0.7392836138826167,0.7452657042296821,0.7512477945767475,0.7572298849238129,0.7632119752708784,0.7691940656179438,0.7751761559650092,0.7811582463120745,0.78714033665914,0.7931224270062054,0.7991045173532708,0.03343312929035115,0.033433129290351304,0.016716564645175576,0.0,0.016716564645175576,0.05014969393552696,0.016716564645175576,0.08358282322587787,0.10029938787105344,0.050149693935527186,0.0668662585807023,0.08358282322587787,0.1337325171614046,0.13373251716140583,0.2841815989679847,0.20059877574210688,0.2507484696776336,0.4346306807745649,0.41791411612939317,0.668662585807023,0.40119755148421377,0.8859779261943137,0.8358282322587788,1.1534429605171146,1.2035926544526414,1.136726395871939,1.688373029162733,2.1397202745824737,1.8889718049048574,2.072854016001771,2.407185308905305,2.306885921034229,2.1731534038728246,2.540917826066687,2.8752491189701983,3.376746058325466,2.9588319421960767,2.9755485068412795,3.293163235099588,3.6776442219386607,3.6442110926482756,3.92839269161626,3.7445104805193283,3.8782429976807333,4.045408644132489,4.07884177342284,3.7445104805193283,4.011975514842137,3.644211092648342,3.794660174454855,3.794660174454855,3.6442110926482756,4.011975514842137,3.7445104805193283,4.07884177342284,4.045408644132489,3.8782429976807333,3.744510480519398,3.92839269161626,3.6442110926482756,3.6776442219386265,3.293163235099588,2.975548506841252,2.9588319421960767,3.376746058325466,2.8752491189701983,2.5409178260667344,2.1731534038728246,2.306885921034229,2.407185308905283,2.072854016001771,1.8889718049048398,2.1397202745824737,1.688373029162733,1.136726395871939,1.2035926544526636,1.1534429605171146,0.8358282322587788,0.8859779261943055,0.40119755148421377,0.668662585807023,0.4179141161293894,0.4346306807745649,0.2507484696776336,0.20059877574210688,0.2841815989679847,0.13373251716140708,0.1337325171614046,0.08358282322587787,0.0668662585807023,0.05014969393552672,0.10029938787105344,0.08358282322587787,0.016716564645175576,0.05014969393552672,0.016716564645175576,0.0,0.016716564645175576,0.03343312929035115,0.03343312929035115,0.5,0.09032481447323891
1.01,top_k,0.05,False,False,100,100,normal,0.4,1.2,1.6,0.5,0.2,0.15054580226342862,0.15753488621816006,0.16452397017289147,0.1715130541276229,0.17850213808235432,0.18549122203708576,0.19248030599181717,0.19946938994654861,0.20645847390128003,0.21344755785601147,0.2204366418107429,0.22742572576547432,0.23441480972020573,0.24140389367493717,0.2483929776296686,0.2553820615844,0.26237114553913143,0.26936022949386285,0.2763493134485943,0.2833383974033257,0.2903274813580572,0.2973165653127886,0.30430564926752,0.31129473322225143,0.31828381717698284,0.32527290113171425,0.3322619850864457,0.33925106904117713,0.3462401529959086,0.35322923695064,0.3602183209053714,0.36720740486010284,0.37419648881483425,0.3811855727695657,0.38817465672429713,0.3951637406790286,0.40215282463376,0.4091419085884914,0.41613099254322283,0.42312007649795425,0.4301091604526857,0.4370982444074171,0.44408732836214854,0.45107641231687995,0.4580654962716114,0.46505458022634283,0.47204366418107424,0.47903274813580565,0.4860218320905371,0.49301091604526853,0.49999999999999994,0.5069890839547314,0.5139781679094628,0.5209672518641942,0.5279563358189256,0.5349454197736572,0.5419345037283885,0.54892358768312,0.5559126716378513,0.5629017555925828,0.5698908395473142,0.5768799235020456,0.5838690074567771,0.5908580914115085,0.59784717536624,0.6048362593209713,0.6118253432757028,0.6188144272304342,0.6258035111851656,0.632792595139897,0.6397816790946285,0.64677076304936,0.6537598470040914,0.6607489309588228,0.6677380149135542,0.6747270988682856,0.681716182823017,0.6887052667777485,0.6956943507324799,0.7026834346872113,0.7096725186419428,0.7166616025966742,0.7236506865514056,0.730639770506137,0.7376288544608685,0.7446179384155999,0.7516070223703313,0.7585961063250628,0.7655851902797942,0.7725742742345256,0.779563358189257,0.7865524421439885,0.7935415260987199,0.8005306100534513,0.8075196940081827,0.8145087779629142,0.8214978619176456,0.828486945872377,0.8354760298271084,0.8424651137818399,0.8494541977365713,0.014308026723917436,0.0,0.0,0.0,0.0,0.0,0.0,0.0,0.0,0.0,0.0,0.0,0.0,0.0,0.014308026723917493,0.0,0.014308026723917493,0.028616053447834758,0.014308026723917493,0.11446421379133903,0.057232106895669974,0.15738829396309242,0.2003123741348449,0.1430802672391749,0.30046856120226734,0.31477658792618235,0.3433926413740198,0.5580130422327777,0.6438612025762872,0.7583254163676271,1.0587939775698945,1.1732581913612345,1.3592625387721509,1.6168070198026765,1.9601996611766808,1.8457354473853564,2.2892842758267986,2.818681264611746,3.104841799090096,3.2336140396053277,3.448234440464116,4.206559856831743,3.9060912956294755,4.793188952512322,5.02211738009504,5.179505674058133,5.19381370078205,4.950577246475413,5.465666208536482,5.236737780953803,5.236737780953761,5.465666208536482,4.9505772464754525,5.19381370078205,5.17950567405805,5.0221173800951195,4.793188952512284,3.9060912956295373,4.206559856831676,3.448234440464116,3.233614039605353,3.104841799090096,2.818681264611746,2.289284275826762,1.8457354473853858,1.9601996611766654,1.6168070198026765,1.359262538772162,1.1732581913612345,1.0587939775698945,0.7583254163676151,0.6438612025762872,0.5580130422327823,0.3433926413740198,0.31477658792618485,0.30046856120226734,0.1430802672391749,0.2003123741348449,0.15738829396309242,0.057232106895669065,0.11446421379133995,0.014308026723917493,0.028616053447834987,0.014308026723917493,0.0,0.014308026723917493,0.0,0.0,0.0,0.0,0.0,0.0,0.0,0.0,0.0,0.0,0.0,0.0,0.0,0.014308026723917493,0.5,0.07233246725804252
1.01,top_k,0.05,False,False,100,100,normal,0.4,1.2,1.6,0.5,0.3,0.22291355307530256,0.2284552820137965,0.23399701095229045,0.2395387398907844,0.24508046882927836,0.2506221977677723,0.25616392670626625,0.2617056556447602,0.26724738458325414,0.27278911352174806,0.27833084246024203,0.283872571398736,0.2894143003372299,0.2949560292757239,0.30049775821421787,0.3060394871527118,0.3115812160912057,0.3171229450296997,0.32266467396819365,0.32820640290668757,0.33374813184518154,0.33928986078367546,0.34483158972216943,0.35037331866066335,0.3559150475991573,0.3614567765376513,0.3669985054761452,0.3725402344146391,0.37808196335313315,0.38362369229162707,0.389165421230121,0.39470715016861496,0.40024887910710893,0.40579060804560285,0.41133233698409677,0.41687406592259074,0.4224157948610847,0.42795752379957863,0.4334992527380726,0.4390409816765666,0.4445827106150605,0.4501244395535544,0.4556661684920484,0.46120789743054236,0.4667496263690363,0.47229135530753025,0.4778330842460242,0.48337481318451814,0.48891654212301205,0.4944582710615061,0.5,0.5055417289384939,0.5110834578769878,0.5166251868154819,0.5221669157539758,0.5277086446924697,0.5332503736309637,0.5387921025694576,0.5443338315079516,0.5498755604464455,0.5554172893849395,0.5609590183234334,0.5665007472619273,0.5720424762004213,0.5775842051389153,0.5831259340774092,0.5886676630159031,0.5942093919543971,0.5997511208928911,0.605292849831385,0.6108345787698789,0.6163763077083729,0.6219180366468668,0.6274597655853608,0.6330014945238548,0.6385432234623487,0.6440849524008426,0.6496266813393365,0.6551684102778306,0.6607101392163245,0.6662518681548184,0.6717935970933124,0.6773353260318064,0.6828770549703003,0.6884187839087942,0.6939605128472882,0.6995022417857821,0.705043970724276,0.7105856996627701,0.716127428601264,0.7216691575397579,0.7272108864782519,0.7327526154167459,0.7382943443552398,0.7438360732937337,0.7493778022322277,0.7549195311707216,0.7604612601092156,0.7660029890477096,0.7715447179862035,0.7770864469246974,0.01804491001091378,0.03608982002182756,0.0,0.018044910010913694,0.01804491001091387,0.018044910010913694,0.0,0.0,0.03608982002182774,0.07217964004365478,0.05413473003274109,0.0,0.07217964004365478,0.05413473003274109,0.10826946006548324,0.07217964004365549,0.12631437007639587,0.18044910010913692,0.21653892013096648,0.36089820021827385,0.46916766028376067,0.5593922103383244,0.6676616704038133,0.34285329020736016,0.7939760404802024,0.9563802305784352,0.8661556805238659,1.2270538807421187,1.3172784307967127,1.5157724409167652,2.021029921222334,2.1292993812878156,2.273658661375148,2.580422131560684,3.067634701855328,2.7789161416807087,3.1398143418990143,3.2480838019644644,3.6811616422263933,4.7277664228594345,4.348823312630243,4.763856242881214,4.330778402619287,4.745811332870349,5.03452989304492,5.323248453219539,5.214978993154109,5.882640663557923,5.359338273241312,5.395428093263248,5.395428093263248,5.359338273241421,5.882640663557805,5.214978993154109,5.323248453219593,5.03452989304487,4.745811332870349,4.3307784026193294,4.763856242881262,4.348823312630157,4.7277664228594345,3.6811616422264297,3.2480838019644973,3.1398143418989513,2.7789161416807366,3.0676347018553582,2.580422131560632,2.273658661375148,2.1292993812878374,2.021029921222354,1.515772440916735,1.3172784307967127,1.2270538807421434,0.8661556805238486,0.9563802305784352,0.7939760404802104,0.3428532902073636,0.6676616704038,0.5593922103383301,0.46916766028376067,0.36089820021827024,0.21653892013096648,0.18044910010913873,0.12631437007639712,0.07217964004365404,0.10826946006548324,0.05413473003274162,0.07217964004365404,0.0,0.05413473003274162,0.07217964004365404,0.03608982002182774,0.0,0.0,0.01804491001091351,0.01804491001091387,0.01804491001091387,0.0,0.03608982002182774,0.01804491001091387,0.5,0.07068602721395027
1.01,top_k,0.05,False,False,100,100,normal,0.4,1.2,1.6,0.5,0.4,0.16020354507347415,0.16699947417200467,0.17379540327053516,0.1805913323690657,0.1873872614675962,0.19418319056612673,0.20097911966465726,0.20777504876318775,0.21457097786171828,0.2213669069602488,0.2281628360587793,0.23495876515730982,0.24175469425584034,0.24855062335437086,0.2553465524529014,0.2621424815514319,0.2689384106499624,0.27573433974849293,0.2825302688470234,0.2893261979455539,0.29612212704408447,0.302918056142615,0.30971398524114546,0.316509914339676,0.32330584343820656,0.33010177253673706,0.33689770163526755,0.3436936307337981,0.3504895598323286,0.3572854889308591,0.36408141802938965,0.37087734712792014,0.37767327622645064,0.3844692053249812,0.39126513442351174,0.3980610635220422,0.40485699262057273,0.4116529217191033,0.4184488508176337,0.4252447799161643,0.4320407090146948,0.43883663811322526,0.4456325672117558,0.45242849631028637,0.4592244254088168,0.46602035450734736,0.4728162836058779,0.47961221270440846,0.4864081418029389,0.49320407090146945,0.5,0.5067959290985304,0.513591858197061,0.5203877872955915,0.527183716394122,0.5339796454926525,0.5407755745911831,0.5475715036897135,0.5543674327882441,0.5611633618867746,0.5679592909853051,0.5747552200838356,0.5815511491823662,0.5883470782808967,0.5951430073794272,0.6019389364779577,0.6087348655764883,0.6155307946750187,0.6223267237735493,0.6291226528720798,0.6359185819706102,0.6427145110691408,0.6495104401676713,0.6563063692662018,0.6631022983647323,0.6698982274632629,0.6766941565617933,0.6834900856603239,0.6902860147588544,0.6970819438573849,0.7038778729559154,0.710673802054446,0.7174697311529764,0.724265660251507,0.7310615893500375,0.737857518448568,0.7446534475470985,0.751449376645629,0.7582453057441595,0.76504123484269,0.7718371639412206,0.7786330930397511,0.7854290221382816,0.7922249512368121,0.7990208803353427,0.8058168094338731,0.8126127385324037,0.8194086676309342,0.8262045967294647,0.8330005258279952,0.8397964549265258,0.01471469147928911,0.0,0.0,0.0,0.0,0.0,0.0,0.01471469147928911,0.0,0.0,0.0,0.0,0.0,0.0,0.02942938295857834,0.0,0.014714691479289046,0.0,0.02942938295857834,0.07357345739644523,0.029429382958578092,0.11771753183431431,0.2501497551479138,0.17657629775146857,0.2501497551479159,0.39729666994080753,0.35315259550293715,0.5297288932544101,0.6180170421301451,0.7357345739644524,1.0153137120709526,1.1771753183431335,1.5597572968046391,1.7069042115975295,2.0600568071005005,1.8687658178697093,2.457353477041271,2.545641625917047,3.1783733595264345,3.443237806153637,3.8699638590530827,4.223116454555957,4.693986581893206,4.693986581893283,5.1059979433133,4.826418805206808,5.370862389940503,5.768159059881401,4.958851028520409,5.4150064643783695,5.4150064643784575,4.958851028520409,5.768159059881307,5.37086238994059,4.826418805206808,5.1059979433133,4.693986581893283,4.693986581893206,4.223116454555957,3.8699638590530827,3.443237806153637,3.1783733595264345,2.545641625917005,2.4573534770413112,1.8687658178697093,2.060056807100467,1.7069042115975575,1.5597572968046391,1.1771753183431237,1.015313712070961,0.7357345739644524,0.61801704213014,0.5297288932544144,0.35315259550293715,0.3972966699408043,0.25014975514791793,0.17657629775146857,0.2501497551479138,0.11771753183431431,0.029429382958578092,0.07357345739644523,0.029429382958578578,0.0,0.014714691479289046,0.0,0.029429382958578092,0.0,0.0,0.0,0.0,0.0,0.0,0.014714691479289046,0.0,0.0,0.0,0.0,0.0,0.0,0.014714691479289046,0.5,0.07017946766172582
1.01,top_k,0.05,False,False,100,100,normal,0.4,1.2,1.6,0.75,0.1,0.2593084932603439,0.264122323395137,0.2689361535299301,0.27374998366472325,0.2785638137995164,0.2833776439343095,0.2881914740691026,0.29300530420389576,0.2978191343386889,0.302632964473482,0.3074467946082751,0.31226062474306826,0.31707445487786134,0.3218882850126545,0.3267021151474476,0.3315159452822407,0.33632977541703385,0.341143605551827,0.3459574356866201,0.3507712658214132,0.35558509595620635,0.36039892609099944,0.3652127562257926,0.3700265863605857,0.3748404164953788,0.37965424663017194,0.3844680767649651,0.38928190689975817,0.3940957370345513,0.39890956716934445,0.40372339730413753,0.40853722743893073,0.4133510575737238,0.4181648877085169,0.4229787178433101,0.4277925479781032,0.4326063781128963,0.43742020824768946,0.44223403838248254,0.4470478685172757,0.4518616986520688,0.4566755287868619,0.46148935892165505,0.4663031890564482,0.47111701919124127,0.4759308493260344,0.48074467946082755,0.48555850959562064,0.4903723397304138,0.4951861698652069,0.5,0.5048138301347931,0.5096276602695863,0.5144414904043794,0.5192553205391726,0.5240691506739656,0.5288829808087587,0.5336968109435518,0.538510641078345,0.5433244712131382,0.5481383013479313,0.5529521314827244,0.5577659616175175,0.5625797917523105,0.5673936218871037,0.5722074520218969,0.57702128215669,0.5818351122914831,0.5866489424262762,0.5914627725610693,0.5962766026958625,0.6010904328306557,0.6059042629654487,0.6107180931002418,0.6155319232350349,0.6203457533698281,0.6251595835046212,0.6299734136394144,0.6347872437742075,0.6396010739090006,0.6444149040437936,0.6492287341785868,0.6540425643133799,0.6588563944481731,0.6636702245829662,0.6684840547177593,0.6732978848525524,0.6781117149873456,0.6829255451221387,0.6877393752569319,0.6925532053917249,0.697367035526518,0.7021808656613111,0.7069946957961043,0.7118085259308975,0.7166223560656906,0.7214361862004837,0.7262500163352767,0.7310638464700698,0.735877676604863,0.7406915067396561,0.041546958326271394,0.0,0.0,0.0,0.08309391665254375,0.16618783330508557,0.08309391665254279,0.08309391665254279,0.12464087497881562,0.1038673958156785,0.1246408749788142,0.2700552291207672,0.477790020752121,0.43624306242584965,0.6024308957309422,0.45701654158898536,0.7062982915466137,0.7270717707097578,0.7686187290360208,0.685524812383478,1.0802209164830687,1.1840883122987347,1.4125965830932274,1.620331374724603,1.7449722497033986,2.472044020413148,1.952707041334778,1.7657457288665344,2.6382318537182337,2.5759114162288563,2.9706075203283704,2.9913809994915748,3.614585374385653,3.282209707775402,3.406850582754294,3.3860771035911186,3.42762406191739,3.656132332711925,3.843093645180104,3.843093645180104,4.507844978400498,3.759999728527561,4.071601915974596,5.463425019904752,4.362430624258496,4.445524540911039,4.819447165847538,4.279336707605953,4.445524540911039,4.902541082500082,4.902541082500082,4.445524540910988,4.279336707606003,4.819447165847427,4.44552454091109,4.362430624258547,5.463425019904752,4.07160191597455,3.759999728527518,4.507844978400498,3.8430936451801485,3.8430936451801485,3.656132332711925,3.4276240619173506,3.3860771035910795,3.406850582754294,3.2822097077754777,3.614585374385653,2.9913809994915748,2.9706075203283704,2.575911416228797,2.638231853718264,1.7657457288665548,1.952707041334778,2.4720440204131195,1.7449722497034188,1.6203313747245656,1.4125965830932437,1.1840883122987482,1.0802209164830687,0.6855248123834701,0.7686187290360297,0.727071770709741,0.7062982915466218,0.45701654158899063,0.6024308957309422,0.4362430624258446,0.47779002075212657,0.27005522912076096,0.12464087497881562,0.10386739581567968,0.12464087497881562,0.08309391665254183,0.08309391665254183,0.1661878333050875,0.08309391665254375,0.0,0.0,0.0,0.04154695832627187,0.5,0.07859876191842234
1.01,top_k,0.05,False,False,100,100,normal,0.4,1.2,1.6,0.75,0.2,0.27032623755983004,0.2749197128086334,0.27951318805743686,0.28410666330624024,0.2887001385550436,0.29329361380384705,0.29788708905265043,0.3024805643014538,0.30707403955025725,0.31166751479906063,0.316260990047864,0.32085446529666745,0.3254479405454708,0.33004141579427426,0.33463489104307764,0.339228366291881,0.3438218415406844,0.34841531678948784,0.3530087920382912,0.35760226728709466,0.36219574253589804,0.3667892177847014,0.3713826930335048,0.37597616828230823,0.3805696435311116,0.38516311877991505,0.38975659402871843,0.3943500692775218,0.3989435445263252,0.4035370197751286,0.40813049502393206,0.41272397027273544,0.4173174455215388,0.4219109207703422,0.4265043960191456,0.431097871267949,0.43569134651675245,0.44028482176555583,0.4448782970143592,0.4494717722631626,0.45406524751196603,0.4586587227607694,0.46325219800957285,0.4678456732583762,0.4724391485071796,0.477032623755983,0.4816260990047864,0.4862195742535898,0.49081304950239324,0.4954065247511966,0.5,0.5045934752488034,0.5091869504976068,0.5137804257464103,0.5183739009952136,0.522967376244017,0.5275608514928204,0.5321543267416238,0.5367478019904273,0.5413412772392305,0.545934752488034,0.5505282277368374,0.5551217029856408,0.5597151782344443,0.5643086534832475,0.568902128732051,0.5734956039808544,0.5780890792296578,0.5826825544784612,0.5872760297272646,0.591869504976068,0.5964629802248713,0.6010564554736748,0.6056499307224782,0.6102434059712816,0.6148368812200851,0.6194303564688883,0.6240238317176918,0.6286173069664952,0.6332107822152986,0.6378042574641021,0.6423977327129053,0.6469912079617088,0.6515846832105122,0.6561781584593156,0.660771633708119,0.6653651089569224,0.6699585842057258,0.6745520594545291,0.6791455347033326,0.683739009952136,0.6883324852009394,0.6929259604497429,0.6975194356985461,0.7021129109473496,0.706706386196153,0.7112998614449564,0.7158933366937598,0.7204868119425631,0.7250802871913666,0.72967376244017,0.02177000954256811,0.0,0.0,0.02177000954256811,0.04354001908513569,0.0,0.08708003817027243,0.06531002862770353,0.06531002862770433,0.06531002862770433,0.10885004771283922,0.02177000954256811,0.13062005725540707,0.19593008588311298,0.2394701049682492,0.21770009542568108,0.30478013359594985,0.39186017176622595,0.5224802290216283,0.5224802290216346,0.7184103149047475,0.7837203435324519,0.9578804198729851,0.9143404007878606,1.5021306584371812,1.2626605534689503,1.2844305630115183,1.6980607443203124,1.6109807061500205,2.3293910210547595,2.5253211069379007,2.655941164193309,2.41647105922506,3.047801335959535,3.2437314218426088,3.5702815649811264,4.092761794002803,3.9839117462899636,5.115952242503505,4.179841832173026,4.83294211845012,5.790822538323046,5.398962366556891,6.139142691004206,5.507812414269732,6.182682710089267,5.094182232960937,5.986752624206157,5.98675262420623,7.009943072706931,7.009943072706931,5.98675262420623,5.986752624206085,5.094182232960937,6.182682710089343,5.507812414269732,6.139142691004206,5.39896236655676,5.7908225383232566,4.832942118450003,4.179841832173077,5.115952242503505,3.983911746289867,4.092761794002903,3.5702815649810837,3.243731421842648,3.047801335959535,2.41647105922506,2.655941164193309,2.5253211069378394,2.329391021054844,1.610980706150001,1.6980607443203124,1.2844305630115183,1.2626605534689197,1.5021306584372356,0.9143404007878384,0.9578804198729968,0.7837203435324519,0.7184103149047302,0.5224802290216473,0.522480229021622,0.39186017176622595,0.3047801335959535,0.21770009542568108,0.2394701049682492,0.19593008588310823,0.13062005725541181,0.02177000954256758,0.10885004771284054,0.06531002862770433,0.06531002862770274,0.06531002862770591,0.08708003817027032,0.0,0.04354001908513622,0.02177000954256811,0.0,0.0,0.02177000954256811,0.5,0.06321282846586705
1.01,top_k,0.05,False,False,100,100,normal,0.4,1.2,1.6,0.75,0.3,0.27044349871030354,0.27503462873609746,0.2796257587618914,0.28421688878768536,0.2888080188134793,0.2933991488392732,0.2979902788650671,0.30258140889086105,0.30717253891665497,0.3117636689424489,0.31635479896824287,0.3209459289940368,0.3255370590198307,0.33012818904562463,0.3347193190714186,0.33931044909721253,0.34390157912300645,0.3484927091488004,0.3530838391745943,0.3576749692003882,0.36226609922618214,0.36685722925197606,0.37144835927777003,0.37603948930356396,0.3806306193293579,0.3852217493551518,0.3898128793809458,0.3944040094067397,0.3989951394325336,0.40358626945832754,0.40817739948412146,0.4127685295099154,0.4173596595357093,0.4219507895615032,0.4265419195872972,0.4311330496130911,0.43572417963888505,0.440315309664679,0.44490643969047294,0.44949756971626686,0.4540886997420608,0.4586798297678547,0.46327095979364863,0.46786208981944255,0.47245321984523647,0.4770443498710304,0.48163547989682437,0.4862266099226183,0.4908177399484122,0.4954088699742062,0.5000000000000001,0.504591130025794,0.509182260051588,0.5137733900773819,0.5183645201031758,0.5229556501289697,0.5275467801547638,0.5321379101805577,0.5367290402063516,0.5413201702321455,0.5459113002579394,0.5505024302837334,0.5550935603095273,0.5596846903353212,0.5642758203611151,0.568866950386909,0.573458080412703,0.5780492104384969,0.5826403404642908,0.5872314704900847,0.5918226005158786,0.5964137305416726,0.6010048605674665,0.6055959905932605,0.6101871206190544,0.6147782506448484,0.6193693806706423,0.6239605106964362,0.6285516407222301,0.6331427707480242,0.6377339007738181,0.642325030799612,0.6469161608254059,0.6515072908511998,0.6560984208769938,0.6606895509027877,0.6652806809285816,0.6698718109543755,0.6744629409801695,0.6790540710059634,0.6836452010317573,0.6882363310575512,0.6928274610833451,0.6974185911091391,0.702009721134933,0.7066008511607269,0.7111919811865208,0.7157831112123149,0.7203742412381088,0.7249653712639027,0.7295565012896966,0.021781130013347312,0.0,0.0,0.021781130013347312,0.043562260026694624,0.06534339004004193,0.021781130013347312,0.08712452005338925,0.13068678008008386,0.15246791009342936,0.06534339004004193,0.08712452005338925,0.1524679100934312,0.28315469017351164,0.1960301701201258,0.3702792102269043,0.4356226002669462,0.4356226002669462,0.3920603402402516,0.4356226002669462,0.696996160427114,0.849464070520535,0.8494640705205451,1.328648930814186,0.9365885905739344,1.263305540774129,1.6335847510010484,1.7860526610944796,1.938520571187911,2.439486561494899,2.4830488215215936,2.6790789916417195,2.4177054314815516,3.0057959418418925,3.0711393318819713,4.138414702535989,3.550324192175569,3.855260012362474,4.0948524425092945,4.595818432816283,4.900754253003146,5.663093803470301,5.031441033083229,5.619531543443607,5.880905103603775,5.837342843577009,5.771999453537038,6.272965443844026,6.752150304137585,6.164059793777289,6.164059793777289,6.7521503041376665,6.272965443844026,5.771999453537038,5.83734284357708,5.880905103603632,5.619531543443607,5.031441033083229,5.663093803470301,4.900754253003146,4.595818432816283,4.0948524425092945,3.855260012362474,3.5503241921756117,4.138414702535989,3.0711393318819713,3.005795941841929,2.4177054314815516,2.6790789916417195,2.4830488215215936,2.439486561494899,1.938520571187911,1.7860526610944365,1.6335847510010484,1.2633055407741443,0.9365885905739344,1.328648930814186,0.8494640705205451,0.8494640705205245,0.696996160427114,0.4356226002669462,0.3920603402402516,0.4356226002669462,0.4356226002669462,0.3702792102269043,0.1960301701201258,0.2831546901735151,0.1524679100934312,0.08712452005338925,0.06534339004004193,0.1524679100934312,0.13068678008008386,0.08712452005338925,0.021781130013347312,0.06534339004004193,0.043562260026694624,0.021781130013346785,0.0,0.0,0.021781130013347312,0.5,0.06426604362745311
1.01,top_k,0.05,False,False,100,100,normal,0.4,1.2,1.6,0.75,0.4,0.23917873693942482,0.2443951622006363,0.24961158746184783,0.2548280127230593,0.26004443798427085,0.2652608632454823,0.27047728850669384,0.27569371376790536,0.2809101390291169,0.28612656429032834,0.29134298955153987,0.2965594148127514,0.30177584007396285,0.3069922653351744,0.3122086905963859,0.31742511585759736,0.3226415411188089,0.3278579663800204,0.33307439164123187,0.3382908169024434,0.3435072421636549,0.3487236674248664,0.3539400926860779,0.3591565179472894,0.3643729432085009,0.3695893684697124,0.37480579373092393,0.3800222189921354,0.3852386442533469,0.39045506951455844,0.3956714947757699,0.4008879200369815,0.40610434529819295,0.4113207705594044,0.416537195820616,0.42175362108182746,0.426970046343039,0.4321864716042505,0.43740289686546197,0.4426193221266735,0.447835747387885,0.4530521726490965,0.458268597910308,0.4634850231715195,0.468701448432731,0.4739178736939425,0.479134298955154,0.4843507242163655,0.489567149477577,0.49478357473878853,0.5,0.5052164252612115,0.510432850522423,0.5156492757836345,0.5208657010448461,0.5260821263060576,0.531298551567269,0.5365149768284805,0.5417314020896921,0.5469478273509036,0.5521642526121151,0.5573806778733266,0.562597103134538,0.5678135283957495,0.5730299536569611,0.5782463789181727,0.5834628041793841,0.5886792294405956,0.593895654701807,0.5991120799630185,0.6043285052242301,0.6095449304854417,0.6147613557466531,0.6199777810078646,0.6251942062690761,0.6304106315302876,0.6356270567914991,0.6408434820527107,0.6460599073139222,0.6512763325751336,0.6564927578363451,0.6617091830975567,0.6669256083587681,0.6721420336199797,0.6773584588811912,0.6825748841424026,0.6877913094036141,0.6930077346648257,0.6982241599260371,0.7034405851872487,0.7086570104484602,0.7138734357096717,0.7190898609708831,0.7243062862320947,0.7295227114933063,0.7347391367545177,0.7399555620157292,0.7451719872769407,0.7503884125381522,0.7556048377993637,0.7608212630605752,0.019170216190689832,0.0,0.038340432381379665,0.0,0.0,0.0,0.0,0.05751064857206918,0.03834043238137986,0.0,0.019170216190689728,0.01917021619068993,0.038340432381379456,0.11502129714413836,0.03834043238137986,0.15336172952551783,0.1341915133348281,0.21087237809758927,0.1341915133348281,0.28755324286034595,0.32589367524172885,0.4409149723858637,0.7859788638182789,0.6901277828648376,0.6901277828648301,0.9393405933437967,0.9201703771531167,1.1118725390600042,1.2844044847762117,1.4952768628738147,1.7636598895434363,1.9361918352596832,2.262085510501412,2.6838302666965332,2.9138728609848696,2.415447240026906,3.910724102900705,3.9874049676635055,3.6423410762310486,4.21744756195174,4.562511453384204,5.022596641960709,5.137617939104847,5.578532911490771,5.6743839924441595,5.463511614346572,5.846915938160429,5.731894641016229,6.517873504834507,6.594554369597336,6.594554369597336,6.517873504834438,5.731894641016289,5.846915938160305,5.463511614346631,5.67438399244422,5.578532911490771,5.137617939104793,5.022596641960655,4.562511453384204,4.217447561951785,3.6423410762310873,3.9874049676635055,3.9107241029006627,2.41544724002688,2.9138728609848696,2.6838302666965905,2.262085510501412,1.9361918352596832,1.7636598895434363,1.495276862873783,1.2844044847762255,1.1118725390600162,0.9201703771531167,0.9393405933437867,0.6901277828648376,0.6901277828648229,0.7859788638182872,0.44091497238586846,0.32589367524172885,0.2875532428603429,0.13419151333482954,0.21087237809758477,0.13419151333482954,0.15336172952551944,0.03834043238137986,0.11502129714413713,0.03834043238137986,0.019170216190689524,0.01917021619068993,0.0,0.03834043238137986,0.057510648572068564,0.0,0.0,0.0,0.0,0.03834043238137905,0.0,0.01917021619068993,0.5,0.06427273813193284
1.01,top_k,0.05,False,False,100,100,normal,0.4,1.2,1.6,1.0,0.1,0.2345749023140709,0.23988340426778948,0.24519190622150808,0.2505004081752267,0.25580891012894524,0.2611174120826638,0.2664259140363824,0.271734415990101,0.2770429179438196,0.28235141989753815,0.2876599218512567,0.29296842380497534,0.2982769257586939,0.3035854277124125,0.30889392966613105,0.3142024316198496,0.31951093357356825,0.3248194355272868,0.3301279374810054,0.335436439434724,0.3407449413884426,0.34605344334216115,0.3513619452958797,0.3566704472495983,0.36197894920331686,0.3672874511570355,0.37259595311075405,0.3779044550644727,0.38321295701819125,0.3885214589719098,0.3938299609256284,0.39913846287934696,0.4044469648330655,0.4097554667867841,0.4150639687405027,0.4203724706942213,0.4256809726479399,0.4309894746016585,0.43629797655537705,0.4416064785090956,0.4469149804628142,0.45222348241653276,0.4575319843702514,0.46284048632396996,0.4681489882776886,0.47345749023140715,0.4787659921851257,0.4840744941388443,0.48938299609256286,0.49469149804628143,0.5,0.5053085019537187,0.5106170039074371,0.5159255058611558,0.5212340078148744,0.526542509768593,0.5318510117223115,0.5371595136760301,0.5424680156297488,0.5477765175834672,0.5530850195371859,0.5583935214909044,0.5637020234446231,0.5690105253983416,0.5743190273520602,0.5796275293057788,0.5849360312594973,0.590244533213216,0.5955530351669345,0.6008615371206532,0.6061700390743716,0.6114785410280903,0.6167870429818089,0.6220955449355274,0.627404046889246,0.6327125488429646,0.6380210507966833,0.6433295527504017,0.6486380547041204,0.653946556657839,0.6592550586115575,0.6645635605652761,0.6698720625189947,0.6751805644727132,0.6804890664264318,0.6857975683801505,0.691106070333869,0.6964145722875876,0.7017230742413062,0.7070315761950248,0.7123400781487433,0.7176485801024619,0.7229570820561806,0.728265584009899,0.7335740859636177,0.7388825879173362,0.7441910898710549,0.7494995918247733,0.754808093778492,0.7601165957322107,0.7654250976859291,0.01883770616867734,0.0,0.0,0.01883770616867734,0.03767541233735468,0.0,0.01883770616867714,0.03767541233735468,0.0,0.03767541233735468,0.0941885308433857,0.056513118506032016,0.07535082467470935,0.07535082467470935,0.13186394318074138,0.056513118506031426,0.1507016493494187,0.2448901801928054,0.4897803603856057,0.3014032986988374,0.4332672418795788,0.6028065973976748,0.6216443035663521,0.8665344837591576,1.2621263133013685,1.2621263133013818,1.3939902564821085,1.902608323036411,1.902608323036411,1.8649329106990564,2.354713271084667,2.3735509772533447,2.97635757465102,2.919844456144957,3.0140329869883744,3.334273991855854,3.899405176916209,3.6545149967234036,3.9182428830848863,4.332672418795788,4.050106826265628,4.803615073012671,5.0296675470368495,4.74710195450664,4.6529134236633025,4.765939660675366,4.634075717494625,5.293395433398332,4.690588836000657,4.784777366844044,4.784777366843944,4.690588836000755,5.293395433398222,4.634075717494625,4.765939660675366,4.6529134236633025,4.7471019545066895,5.029667547036744,4.803615073012822,4.0501068262655435,4.3326724187958785,3.9182428830848046,3.6545149967234036,3.899405176916209,3.3342739918558886,3.0140329869883744,2.9198444561449266,2.976357574651082,2.373550977253295,2.3547132710847167,1.8649329106990176,1.902608323036411,1.902608323036411,1.393990256482123,1.2621263133013818,1.2621263133013552,0.8665344837591756,0.6216443035663392,0.6028065973976748,0.4332672418795788,0.3014032986988374,0.4897803603856108,0.2448901801928054,0.1507016493494187,0.05651311850603083,0.13186394318074413,0.07535082467470779,0.07535082467470935,0.056513118506032016,0.0941885308433867,0.03767541233735468,0.0,0.03767541233735546,0.018837706168676947,0.0,0.03767541233735389,0.01883770616867773,0.0,0.0,0.01883770616867773,0.5,0.0728901205524817
1.01,top_k,0.05,False,False,100,100,normal,0.4,1.2,1.6,1.0,0.2,0.288420393952537,0.29265198607348625,0.2968835781944355,0.30111517031538476,0.305346762436334,0.3095783545572833,0.31380994667823253,0.3180415387991818,0.3222731309201311,0.32650472304108036,0.3307363151620296,0.33496790728297887,0.33919949940392813,0.3434310915248774,0.34766268364582664,0.3518942757667759,0.35612586788772516,0.3603574600086744,0.36458905212962367,0.3688206442505729,0.3730522363715222,0.37728382849247144,0.3815154206134207,0.38574701273436995,0.3899786048553192,0.39421019697626847,0.3984417890972177,0.40267338121816704,0.4069049733391163,0.41113656546006555,0.4153681575810148,0.41959974970196406,0.4238313418229133,0.4280629339438626,0.43229452606481183,0.4365261181857611,0.44075771030671035,0.44498930242765966,0.4492208945486089,0.4534524866695582,0.45768407879050743,0.4619156709114567,0.46614726303240595,0.4703788551533552,0.47461044727430446,0.4788420393952537,0.483073631516203,0.48730522363715223,0.4915368157581015,0.49576840787905074,0.5,0.5042315921209493,0.5084631842418985,0.5126947763628478,0.516926368483797,0.5211579606047463,0.5253895527256955,0.5296211448466448,0.533852736967594,0.5380843290885433,0.5423159212094926,0.5465475133304418,0.5507791054513911,0.5550106975723403,0.5592422896932896,0.5634738818142389,0.5677054739351881,0.5719370660561374,0.5761686581770866,0.5804002502980359,0.5846318424189851,0.5888634345399344,0.5930950266608837,0.597326618781833,0.6015582109027823,0.6057898030237315,0.6100213951446808,0.61425298726563,0.6184845793865793,0.6227161715075286,0.6269477636284778,0.6311793557494271,0.6354109478703763,0.6396425399913256,0.6438741321122748,0.6481057242332241,0.6523373163541734,0.6565689084751226,0.660800500596072,0.6650320927170212,0.6692636848379705,0.6734952769589198,0.677726869079869,0.6819584612008183,0.6861900533217675,0.6904216454427168,0.694653237563666,0.6988848296846153,0.7031164218055646,0.7073480139265138,0.7115796060474631,0.023631767226555706,0.023631767226555706,0.023631767226555706,0.023631767226555706,0.07089530167966712,0.04726353445311141,0.04726353445311141,0.047263534453110795,0.023631767226555706,0.07089530167966712,0.16542237058588993,0.14179060335933424,0.18905413781244565,0.2599494394921128,0.2835812067186685,0.33084474117177987,0.5435306462107813,0.3781082756248913,0.49626711175766985,0.638057715117004,0.6853212495701154,0.9925342235153397,0.8743753873825612,0.9216389218356726,1.134324826874674,1.4888013352730094,1.6305919386323222,1.8905413781244567,2.0559637487103464,2.174122584843125,2.7412849982804617,2.3868084898821262,3.119393273905353,3.1666568083584647,3.615660385663023,3.9228733596082472,4.230086333553416,4.631826376404919,4.962671117576699,4.51366754027214,5.435306462107813,5.458938229334368,6.026100642771706,6.096995944451373,7.0422666335136,6.522367754529375,6.120627711677928,6.687790125115265,7.278584305779157,6.522367754529375,6.522367754529375,7.278584305779157,6.687790125115265,6.120627711677928,6.522367754529375,7.0422666335136,6.096995944451373,6.026100642771706,5.458938229334368,5.435306462107813,4.51366754027214,4.962671117576699,4.631826376404919,4.230086333553471,3.9228733596082472,3.615660385663023,3.1666568083584647,3.119393273905353,2.3868084898821262,2.7412849982804617,2.174122584843125,2.0559637487103464,1.8905413781244067,1.6305919386323438,1.4888013352730094,1.134324826874674,0.9216389218356726,0.8743753873825612,0.9925342235153397,0.6853212495701154,0.638057715117004,0.49626711175766985,0.3781082756248913,0.5435306462107813,0.33084474117177987,0.2835812067186685,0.2599494394921128,0.18905413781244068,0.14179060335933424,0.16542237058588993,0.07089530167966712,0.023631767226555706,0.04726353445311141,0.04726353445311141,0.04726353445311141,0.07089530167966712,0.023631767226555706,0.023631767226555706,0.023631767226555706,0.023631767226555706,0.5,0.05871600303782964
1.01,top_k,0.05,False,False,100,100,normal,0.4,1.2,1.6,1.0,0.3,0.271353821552534,0.27592674512148335,0.28049966869043264,0.285072592259382,0.2896455158283313,0.2942184393972806,0.29879136296622993,0.3033642865351793,0.30793721010412856,0.3125101336730779,0.31708305724202723,0.3216559808109765,0.32622890437992585,0.33080182794887514,0.3353747515178245,0.3399476750867738,0.34452059865572315,0.34909352222467244,0.3536664457936218,0.35823936936257106,0.3628122929315204,0.36738521650046974,0.3719581400694191,0.37653106363836836,0.3811039872073177,0.385676910776267,0.3902498343452163,0.39482275791416566,0.399395681483115,0.4039686050520643,0.40854152862101356,0.4131144521899629,0.41768737575891224,0.4222602993278616,0.4268332228968109,0.4314061464657602,0.4359790700347095,0.4405519936036588,0.44512491717260816,0.4496978407415575,0.4542707643105068,0.4588436878794561,0.4634166114484054,0.46798953501735474,0.4725624585863041,0.4771353821552534,0.4817083057242027,0.48628122929315204,0.4908541528621013,0.49542707643105066,0.5,0.5045729235689493,0.5091458471378987,0.513718770706848,0.5182916942757972,0.5228646178447466,0.5274375414136959,0.5320104649826451,0.5365833885515945,0.5411563121205438,0.5457292356894932,0.5503021592584425,0.5548750828273918,0.5594480063963412,0.5640209299652905,0.5685938535342399,0.5731667771031891,0.5777397006721384,0.5823126242410878,0.586885547810037,0.5914584713789863,0.5960313949479357,0.600604318516885,0.6051772420858343,0.6097501656547837,0.614323089223733,0.6188960127926824,0.6234689363616317,0.6280418599305809,0.6326147834995303,0.6371877070684795,0.6417606306374288,0.6463335542063782,0.6509064777753275,0.6554794013442768,0.6600523249132262,0.6646252484821755,0.6691981720511249,0.6737710956200742,0.6783440191890234,0.6829169427579728,0.6874898663269221,0.6920627898958713,0.6966357134648207,0.70120863703377,0.7057815606027193,0.7103544841716687,0.714927407740618,0.7195003313095674,0.7240732548785167,0.7286461784474659,0.021867848542016132,0.0,0.021867848542016132,0.0,0.0,0.0,0.0,0.0437356970840328,0.0,0.021867848542016132,0.0656035456260492,0.13120709125209679,0.0874713941680656,0.15307493979411294,0.19681063687814518,0.17494278833612906,0.39362127375629513,0.19681063687814518,0.5466962135504099,0.4154891222983065,0.3498855766722581,0.7872425475125807,0.5466962135504099,0.7653746989705646,0.9184496387646887,1.0715245785587904,1.290203063978952,1.4432780037730646,1.705692186277279,1.924370671697443,2.0555777629495164,2.4054633396217744,2.9084238560881457,3.0614987958822586,3.192705887134394,3.476987918180607,4.417305405487259,3.936212737562904,4.876530224869597,4.942133770495706,4.417305405487259,5.248283650083935,6.297940380100646,5.816847712176291,5.510697832588065,7.172654321781379,6.647825956772904,5.838715560718378,7.150786473239275,6.691561653856936,6.691561653856936,7.150786473239275,5.838715560718307,6.647825956773065,7.172654321781291,5.510697832588065,5.816847712176432,6.297940380100646,5.248283650083872,4.417305405487259,4.942133770495646,4.876530224869597,3.936212737562904,4.417305405487259,3.4769879181805647,3.1927058871344327,3.0614987958822586,2.9084238560881457,2.405463339621833,2.0555777629495164,1.9243706716974196,1.7056921862772583,1.4432780037730646,1.290203063978952,1.0715245785587904,0.9184496387646776,0.7653746989705646,0.5466962135504165,0.7872425475125807,0.3498855766722666,0.4154891222983065,0.5466962135504032,0.19681063687814518,0.39362127375629036,0.17494278833612906,0.19681063687814518,0.15307493979411294,0.08747139416806453,0.13120709125209998,0.06560354562604839,0.021867848542016132,0.0,0.043735697084032264,0.0,0.0,0.0,0.0,0.021867848542016132,0.0,0.021867848542016663,0.5,0.05917284293443009
1.01,top_k,0.05,False,False,100,100,normal,0.4,1.2,1.6,1.0,0.4,0.2957276951891661,0.2998131412853828,0.3038985873815994,0.3079840334778161,0.3120694795740328,0.3161549256702495,0.32024037176646614,0.32432581786268283,0.3284112639588995,0.33249671005511616,0.33658215615133286,0.34066760224754955,0.34475304834376624,0.3488384944399829,0.3529239405361996,0.35700938663241627,0.36109483272863296,0.3651802788248496,0.3692657249210663,0.373351171017283,0.37743661711349963,0.3815220632097163,0.385607509305933,0.38969295540214965,0.39377840149836635,0.39786384759458304,0.40194929369079974,0.40603473978701643,0.41012018588323307,0.41420563197944976,0.41829107807566646,0.4223765241718831,0.4264619702680998,0.4305474163643165,0.4346328624605331,0.4387183085567498,0.4428037546529665,0.44688920074918315,0.4509746468453999,0.45506009294161653,0.45914553903783323,0.4632309851340499,0.46731643123026656,0.47140187732648325,0.47548732342269995,0.4795727695189166,0.4836582156151333,0.48774366171135,0.4918291078075666,0.4959145539037833,0.5,0.5040854460962166,0.5081708921924334,0.51225633828865,0.5163417843848668,0.5204272304810834,0.5245126765773,0.5285981226735168,0.5326835687697334,0.5367690148659501,0.5408544609621668,0.5449399070583835,0.5490253531546001,0.5531107992508169,0.5571962453470335,0.5612816914432501,0.5653671375394669,0.5694525836356835,0.5735380297319002,0.5776234758281169,0.5817089219243335,0.5857943680205502,0.5898798141167669,0.5939652602129836,0.5980507063092002,0.602136152405417,0.6062215985016337,0.6103070445978502,0.614392490694067,0.6184779367902837,0.6225633828865004,0.626648828982717,0.6307342750789338,0.6348197211751504,0.638905167271367,0.6429906133675838,0.6470760594638004,0.6511615055600171,0.6552469516562338,0.6593323977524504,0.6634178438486671,0.6675032899448838,0.6715887360411005,0.6756741821373171,0.6797596282335339,0.6838450743297505,0.6879305204259671,0.6920159665221839,0.6961014126184005,0.7001868587146172,0.7042723048108339,0.024477131173656772,0.0,0.0,0.024477131173656772,0.024477131173656772,0.09790852469462842,0.0734313935209703,0.024477131173656772,0.0734313935209713,0.0734313935209703,0.0734313935209703,0.12238565586828386,0.09790852469462842,0.2937255740838812,0.1468627870419406,0.36715696760485156,0.5140197546467992,0.538496885820449,0.39163409877850835,0.685359672862399,0.7832681975570167,0.7587910663833599,1.1014709028145697,1.1014709028145548,1.688922050982317,1.3217650833774657,2.0071247562398553,2.0071247562398824,2.1050332809344825,2.3742817238447067,2.2274189368027963,2.9372557408388125,3.769478200743143,3.010687134359824,3.9163409877850834,4.0632037748270236,3.9408181189587936,4.993334759425914,5.507354514072849,4.944380497078668,6.168237055761507,6.217191318108904,6.486439761019045,6.192714186935163,5.850034350504048,6.266145580456134,6.486439761019045,6.1437599245879335,7.171799433881435,7.196276565055091,7.1962765650551885,7.171799433881337,6.1437599245879335,6.486439761018956,6.266145580456219,5.850034350504048,6.192714186935079,6.486439761019133,6.217191318108904,6.168237055761423,4.944380497078735,5.507354514072849,4.993334759425914,3.9408181189587936,4.0632037748270795,3.91634098778503,3.010687134359824,3.769478200743194,2.9372557408387725,2.2274189368027963,2.374281723844739,2.1050332809344536,2.0071247562398824,2.0071247562398824,1.3217650833774477,1.6889220509822942,1.1014709028145997,1.1014709028145397,0.7587910663833496,0.7832681975570274,0.685359672862399,0.391634098778503,0.5384968858204563,0.5140197546467992,0.36715696760484656,0.1468627870419426,0.2937255740838852,0.09790852469462576,0.12238565586828552,0.0734313935209713,0.07343139352096932,0.0734313935209713,0.024477131173657105,0.07343139352096932,0.09790852469462842,0.024477131173657105,0.02447713117365644,0.0,0.0,0.02447713117365644,0.5,0.056905160963929675
1.01,top_k,0.05,False,False,100,100,normal,0.4,1.2,1.6,1.25,0.1,0.3018234301528743,0.30578696154981677,0.3097504929467593,0.3137140243437018,0.3176775557406443,0.3216410871375868,0.3256046185345294,0.3295681499314719,0.3335316813284144,0.3374952127253569,0.34145874412229943,0.34542227551924193,0.3493858069161844,0.353349338313127,0.3573128697100695,0.361276401107012,0.3652399325039545,0.36920346390089703,0.37316699529783953,0.37713052669478203,0.3810940580917246,0.3850575894886671,0.3890211208856096,0.3929846522825521,0.39694818367949464,0.40091171507643714,0.40487524647337964,0.4088387778703222,0.4128023092672647,0.4167658406642072,0.4207293720611497,0.42469290345809224,0.42865643485503474,0.4326199662519773,0.4365834976489198,0.4405470290458623,0.4445105604428048,0.4484740918397473,0.4524376232366898,0.45640115463363234,0.46036468603057484,0.4643282174275174,0.4682917488244599,0.4722552802214024,0.4762188116183449,0.4801823430152874,0.48414587441222995,0.48810940580917245,0.492072937206115,0.4960364686030575,0.5,0.5039635313969425,0.507927062793885,0.5118905941908276,0.51585412558777,0.5198176569847126,0.5237811883816551,0.5277447197785976,0.5317082511755401,0.5356717825724826,0.5396353139694252,0.5435988453663676,0.5475623767633102,0.5515259081602527,0.5554894395571952,0.5594529709541377,0.5634165023510802,0.5673800337480228,0.5713435651449652,0.5753070965419078,0.5792706279388503,0.5832341593357928,0.5871976907327353,0.5911612221296778,0.5951247535266204,0.5990882849235628,0.6030518163205054,0.6070153477174479,0.6109788791143904,0.6149424105113329,0.6189059419082754,0.622869473305218,0.6268330047021604,0.630796536099103,0.6347600674960455,0.638723598892988,0.6426871302899305,0.646650661686873,0.6506141930838156,0.654577724480758,0.6585412558777006,0.6625047872746431,0.6664683186715856,0.6704318500685281,0.6743953814654706,0.6783589128624132,0.6823224442593556,0.6862859756562982,0.6902495070532407,0.6942130384501832,0.6981765698471257,0.050460051900757405,0.02523002595037835,0.0,0.0,0.025230025950378702,0.07569007785113505,0.050460051900757405,0.050460051900757405,0.1766101816526509,0.1513801557022701,0.1513801557022722,0.3027603114045444,0.3027603114045402,0.40368041520605924,0.22707023355340833,0.45414046710681666,0.6055206228090804,0.8578208823128758,1.0344310639655268,1.1858112196677824,1.2867313234693138,1.4128814532212073,1.8922519462784029,1.5390315829730792,1.8417918943776455,2.4977725690874917,2.4220824912363215,2.699612776690521,3.2546733475988527,3.002373088095066,3.809733918507131,3.431283529251503,3.759273866606374,3.8601939704079413,3.9863441001598354,4.390024515365894,4.66755480082006,4.541404671068166,5.34876550148021,4.768474904621575,4.8946250343734,5.020775164125362,5.575835735033693,5.651525812884829,5.399225553381042,5.5506057090832375,5.146925293877255,5.4749156312321015,6.23181640974354,6.660726850899977,6.660726850899977,6.23181640974354,5.474915631232025,5.146925293877399,5.550605709083159,5.399225553381042,5.651525812884829,5.575835735033693,5.020775164125362,4.894625034373331,4.7684749046217085,5.348765501480135,4.541404671068166,4.66755480082006,4.390024515365894,3.9863441001598354,3.860193970407834,3.759273866606532,3.4312835292514072,3.809733918507184,3.002373088095066,3.2546733475988527,2.699612776690521,2.4220824912362877,2.4977725690875614,1.8417918943775937,1.539031582973101,1.8922519462784029,1.4128814532212073,1.2867313234693138,1.1858112196677657,1.0344310639655558,0.8578208823128518,0.6055206228090888,0.45414046710681666,0.22707023355340833,0.40368041520605924,0.30276031140453596,0.30276031140455295,0.15138015570226798,0.1513801557022722,0.1766101816526509,0.050460051900757405,0.050460051900757405,0.07569007785113399,0.025230025950379407,0.0,0.0,0.025230025950378702,0.050460051900757405,0.5,0.0626087384627661
1.01,top_k,0.05,False,False,100,100,normal,0.4,1.2,1.6,1.25,0.2,0.2834168184670047,0.2877484820976646,0.2920801457283245,0.2964118093589844,0.3007434729896443,0.3050751366203043,0.3094068002509642,0.3137384638816241,0.318070127512284,0.32240179114294387,0.32673345477360377,0.33106511840426367,0.33539678203492357,0.33972844566558347,0.34406010929624337,0.34839177292690326,0.3527234365575632,0.35705510018822306,0.361386763818883,0.3657184274495429,0.3700500910802028,0.3743817547108627,0.3787134183415226,0.3830450819721825,0.3873767456028424,0.3917084092335023,0.3960400728641622,0.40037173649482216,0.404703400125482,0.40903506375614196,0.41336672738680186,0.41769839101746176,0.42203005464812166,0.42636171827878155,0.43069338190944145,0.43502504554010135,0.4393567091707613,0.44368837280142115,0.4480200364320811,0.45235170006274095,0.4566833636934009,0.4610150273240608,0.4653466909547207,0.4696783545853806,0.4740100182160405,0.4783416818467004,0.4826733454773603,0.48700500910802025,0.4913366727386801,0.49566833636934005,0.4999999999999999,0.5043316636306598,0.5086633272613197,0.5129949908919796,0.5173266545226396,0.5216583181532994,0.5259899817839593,0.5303216454146192,0.5346533090452792,0.538984972675939,0.543316636306599,0.5476482999372589,0.5519799635679188,0.5563116271985786,0.5606432908292386,0.5649749544598985,0.5693066180905584,0.5736382817212182,0.5779699453518782,0.5823016089825381,0.586633272613198,0.5909649362438579,0.5952965998745179,0.5996282635051777,0.6039599271358376,0.6082915907664975,0.6126232543971575,0.6169549180278173,0.6212865816584772,0.6256182452891371,0.6299499089197971,0.6342815725504569,0.6386132361811169,0.6429448998117768,0.6472765634424367,0.6516082270730965,0.6559398907037565,0.6602715543344164,0.6646032179650763,0.6689348815957361,0.6732665452263961,0.677598208857056,0.6819298724877159,0.6862615361183758,0.6905931997490358,0.6949248633796956,0.6992565270103555,0.7035881906410154,0.7079198542716754,0.7122515179023352,0.7165831815329952,0.023085818412166434,0.023085818412166434,0.0,0.0,0.0,0.023085818412166434,0.0,0.023085818412166434,0.0,0.04617163682433287,0.023085818412166434,0.04617163682433287,0.023085818412166434,0.11542909206083218,0.023085818412166434,0.1154290920608307,0.18468654729733386,0.27702982094599365,0.16160072888516505,0.3232014577703301,0.3924589130068294,0.4155447314189958,0.5771454603041608,0.530973823479828,0.7387461891893259,0.8541752812501582,1.1773767390204732,1.2928058310813368,1.5698356520272976,1.9161229282098142,2.0546378386828126,2.5163542069261413,2.539440025338308,2.4932683885139753,3.647559309122297,3.8322458564195787,4.0631040405413446,4.801850229730556,4.87110768496718,6.094656060811861,5.586768055744277,5.63293969256861,6.140827697636271,5.725282966217276,6.579458247467435,7.225861163008093,6.971917160474174,6.902659705237852,8.634096086150135,8.218551354731355,8.218551354731146,8.634096086150358,6.902659705237676,6.971917160474174,7.225861163008187,6.579458247467519,5.725282966217202,6.140827697636193,5.632939692568682,5.586768055744206,6.094656060811861,4.87110768496718,4.80185022973068,4.063104040541241,3.8322458564195787,3.647559309122343,2.493268388514007,2.539440025338275,2.5163542069261093,2.054637838682839,1.9161229282097894,1.5698356520272976,1.2928058310813368,1.1773767390205032,0.8541752812501472,0.7387461891893164,0.5309738234798348,0.5771454603041684,0.4155447314189905,0.3924589130068244,0.3232014577703342,0.16160072888516297,0.27702982094599365,0.18468654729733386,0.11542909206083365,0.02308581841216614,0.1154290920608307,0.023085818412166732,0.046171636824333465,0.02308581841216614,0.04617163682433228,0.0,0.02308581841216614,0.0,0.023085818412166732,0.0,0.0,0.0,0.023085818412166732,0.02308581841216614,0.5,0.05193028393441289
1.01,top_k,0.05,False,False,100,100,normal,0.4,1.2,1.6,1.25,0.3,0.29079660270411833,0.29498067065003597,0.2991647385959536,0.30334880654187124,0.3075328744877889,0.3117169424337065,0.31590101037962415,0.3200850783255418,0.3242691462714594,0.32845321421737705,0.3326372821632947,0.3368213501092123,0.34100541805512996,0.34518948600104754,0.3493735539469652,0.3535576218928828,0.35774168983880045,0.3619257577847181,0.3661098257306357,0.37029389367655335,0.374477961622471,0.3786620295683886,0.38284609751430626,0.3870301654602239,0.39121423340614153,0.39539830135205917,0.3995823692979768,0.40376643724389444,0.4079505051898121,0.4121345731357297,0.4163186410816473,0.4205027090275649,0.42468677697348256,0.4288708449194002,0.43305491286531783,0.43723898081123547,0.4414230487571531,0.44560711670307074,0.4497911846489884,0.453975252594906,0.45815932054082364,0.4623433884867413,0.4665274564326589,0.47071152437857655,0.4748955923244942,0.4790796602704118,0.48326372821632946,0.4874477961622471,0.49163186410816473,0.49581593205408236,0.5,0.5041840679459176,0.5083681358918353,0.5125522038377529,0.5167362717836705,0.5209203397295882,0.5251044076755058,0.5292884756214234,0.5334725435673411,0.5376566115132586,0.5418406794591764,0.5460247474050939,0.5502088153510116,0.5543928832969292,0.5585769512428469,0.5627610191887644,0.5669450871346822,0.5711291550805997,0.5753132230265174,0.579497290972435,0.5836813589183527,0.5878654268642702,0.592049494810188,0.5962335627561055,0.6004176307020233,0.6046016986479408,0.6087857665938584,0.612969834539776,0.6171539024856937,0.6213379704316113,0.625522038377529,0.6297061063234466,0.6338901742693642,0.6380742422152819,0.6422583101611995,0.6464423781071171,0.6506264460530348,0.6548105139989524,0.65899458194487,0.6631786498907877,0.6673627178367053,0.671546785782623,0.6757308537285406,0.6799149216744582,0.6840989896203759,0.6882830575662935,0.6924671255122111,0.6966511934581288,0.7008352614040463,0.705019329349964,0.7092033972958817,0.047800370975126856,0.0,0.0,0.0,0.023900185487563428,0.0,0.0,0.0,0.023900185487563428,0.023900185487563428,0.047800370975126856,0.09560074195025371,0.09560074195025499,0.11950092743781715,0.09560074195025371,0.2390018548756343,0.26290204036319775,0.28680222585076115,0.501903895238832,0.549704266213959,0.6453050081642127,0.7648059356020297,0.7648059356020297,0.6931053791393395,1.1472089034030446,1.4340111292538056,1.3384103873035522,1.505711685716496,1.768613726079694,2.151016693880737,2.605120218144414,2.6290204036319773,2.724621145582231,3.1309242988708093,3.608928008622078,4.11083190386091,4.158632274836037,4.588835613612178,5.210240436288828,5.114639694338575,5.831645258965477,5.664343960552533,6.500850452617253,6.787652678468015,7.098355089806339,6.739852307492887,7.3851573156571,6.69205193651776,7.552458614070044,6.739852307492887,6.739852307492887,7.552458614070044,6.69205193651776,7.3851573156571,6.739852307492887,7.098355089806339,6.787652678468015,6.500850452617253,5.664343960552683,5.831645258965322,5.11463969433871,5.210240436288689,4.5888356136123,4.158632274835926,4.110831903861019,3.608928008621982,3.1309242988708923,2.7246211455821587,2.629020403632047,2.6051202181443447,2.151016693880766,1.7686137260796468,1.505711685716536,1.3384103873035165,1.4340111292538438,1.1472089034030446,0.6931053791393395,0.7648059356020297,0.7648059356020297,0.6453050081642127,0.549704266213959,0.501903895238832,0.28680222585076115,0.26290204036319775,0.2390018548756343,0.09560074195025371,0.11950092743781715,0.09560074195025371,0.09560074195025371,0.047800370975126856,0.023900185487563428,0.023900185487563428,0.0,0.0,0.0,0.023900185487563428,0.0,0.0,0.0,0.047800370975126856,0.5,0.05406671887189903
1.01,top_k,0.05,False,False,100,100,normal,0.4,1.2,1.6,1.25,0.4,0.33077261617009945,0.33415716384669747,0.3375417115232955,0.3409262591998935,0.3443108068764915,0.34769535455308953,0.35107990222968755,0.3544644499062855,0.3578489975828835,0.36123354525948154,0.36461809293607955,0.36800264061267757,0.3713871882892756,0.3747717359658736,0.3781562836424716,0.38154083131906963,0.38492537899566764,0.38830992667226566,0.3916944743488637,0.39507902202546163,0.39846356970205965,0.40184811737865767,0.4052326650552557,0.4086172127318537,0.4120017604084517,0.4153863080850497,0.41877085576164774,0.42215540343824576,0.4255399511148438,0.4289244987914418,0.4323090464680398,0.4356935941446378,0.43907814182123583,0.44246268949783385,0.4458472371744318,0.4492317848510298,0.45261633252762784,0.45600088020422586,0.45938542788082387,0.4627699755574219,0.4661545232340199,0.4695390709106179,0.4729236185872159,0.4763081662638139,0.4796927139404119,0.4830772616170099,0.48646180929360794,0.48984635697020595,0.49323090464680397,0.496615452323402,0.5,0.503384547676598,0.506769095353196,0.510153643029794,0.5135381907063921,0.5169227383829901,0.5203072860595881,0.5236918337361861,0.5270763814127841,0.5304609290893821,0.5338454767659802,0.5372300244425781,0.5406145721191762,0.5439991197957741,0.5473836674723722,0.5507682151489701,0.5541527628255682,0.5575373105021662,0.5609218581787642,0.5643064058553622,0.5676909535319602,0.5710755012085582,0.5744600488851562,0.5778445965617542,0.5812291442383523,0.5846136919149503,0.5879982395915483,0.5913827872681463,0.5947673349447443,0.5981518826213423,0.6015364302979403,0.6049209779745384,0.6083055256511364,0.6116900733277344,0.6150746210043323,0.6184591686809304,0.6218437163575283,0.6252282640341265,0.6286128117107244,0.6319973593873225,0.6353819070639204,0.6387664547405185,0.6421510024171164,0.6455355500937145,0.6489200977703125,0.6523046454469106,0.6556891931235085,0.6590737408001065,0.6624582884767045,0.6658428361533025,0.6692273838299005,0.02954604560350445,0.02954604560350445,0.0,0.0590920912070089,0.0590920912070089,0.26591441043154007,0.17727627362102963,0.17727627362102671,0.2363683648280356,0.26591441043154007,0.29546045603504456,0.20682231922453115,0.6795590488806024,0.5318288208630801,0.26591441043154007,0.8568353225016292,0.9454734593121424,0.7681971856911157,1.2113878697437024,1.0045655505191513,1.4477562345717183,1.3591180977612047,1.772762736210267,1.6545785537962492,1.8614008730207807,2.068223192245312,2.422775739487365,2.215953420262834,3.1023347883679673,3.4273412900065168,3.4273412900065168,3.7228017460415614,4.077354293283614,3.9591701108696618,4.786459387767721,5.0819198438027655,4.195538475697632,5.495564482251829,5.9978472575114035,6.263761667942944,6.559222123977989,6.175123531132532,6.2046695767359346,6.4114918959604665,7.209235127255086,7.741063948118168,8.243346723377742,7.179689081651582,7.888794176135688,7.711517902514662,7.711517902514662,7.888794176135688,7.179689081651582,8.243346723377742,7.741063948118168,7.209235127255086,6.4114918959604665,6.2046695767359346,6.175123531132431,6.559222123977989,6.263761667943149,5.997847257511207,5.495564482252008,4.195538475697495,5.0819198438029325,4.7864593877675645,3.959170110869726,4.077354293283614,3.7228017460415614,3.4273412900065168,3.4273412900065168,3.1023347883679673,2.215953420262834,2.422775739487365,2.068223192245312,1.8614008730207807,1.6545785537962492,1.772762736210267,1.3591180977612047,1.4477562345717183,1.0045655505191513,1.2113878697436824,0.7681971856911157,0.9454734593121735,0.856835322501601,0.2659144104315488,0.5318288208630627,0.6795590488806247,0.20682231922452438,0.2954604560350542,0.26591441043153136,0.23636836482804338,0.17727627362102089,0.17727627362103254,0.26591441043153136,0.059092091207010845,0.0590920912070089,0.0,0.02954604560350445,0.02954604560350445,0.5,0.0523062169746825
1.01,top_k,0.05,False,False,100,100,normal,0.4,1.2,1.6,1.5,0.1,0.317383683532123,0.3210360098614805,0.3246883361908381,0.3283406625201956,0.33199298884955314,0.33564531517891066,0.33929764150826824,0.34294996783762577,0.3466022941669833,0.3502546204963408,0.3539069468256984,0.3575592731550559,0.36121159948441345,0.36486392581377103,0.36851625214312855,0.3721685784724861,0.3758209048018436,0.3794732311312012,0.3831255574605587,0.38677788378991623,0.3904302101192738,0.39408253644863134,0.39773486277798886,0.4013871891073464,0.40503951543670397,0.4086918417660615,0.412344168095419,0.4159964944247766,0.4196488207541341,0.42330114708349165,0.42695347341284917,0.43060579974220675,0.4342581260715643,0.4379104524009218,0.4415627787302794,0.4452151050596369,0.44886743138899443,0.45251975771835196,0.4561720840477095,0.45982441037706706,0.4634767367064246,0.46712906303578217,0.4707813893651397,0.4744337156944972,0.47808604202385474,0.48173836835321227,0.48539069468256985,0.48904302101192737,0.49269534734128495,0.4963476736706425,0.5,0.5036523263293575,0.507304652658715,0.5109569789880726,0.5146093053174301,0.5182616316467877,0.5219139579761453,0.5255662843055028,0.5292186106348603,0.5328709369642178,0.5365232632935755,0.540175589622933,0.5438279159522905,0.547480242281648,0.5511325686110056,0.5547848949403631,0.5584372212697206,0.5620895475990781,0.5657418739284357,0.5693942002577932,0.5730465265871508,0.5766988529165084,0.5803511792458659,0.5840035055752235,0.587655831904581,0.5913081582339386,0.5949604845632961,0.5986128108926536,0.6022651372220111,0.6059174635513687,0.6095697898807262,0.6132221162100837,0.6168744425394412,0.6205267688687988,0.6241790951981564,0.6278314215275139,0.6314837478568714,0.635136074186229,0.6387884005155866,0.6424407268449441,0.6460930531743017,0.6497453795036592,0.6533977058330167,0.6570500321623742,0.6607023584917318,0.6643546848210893,0.6680070111504468,0.6716593374798043,0.675311663809162,0.6789639901385195,0.682616316467877,0.027379809738302015,0.0,0.027379809738302015,0.0,0.0,0.05475961947660319,0.08213942921490604,0.027379809738302015,0.05475961947660403,0.24641828764471438,0.2737980973830201,0.13689904869151004,0.38331733633622234,0.43807695581283224,0.43807695581283224,0.38331733633622816,0.5475961947660319,0.4928365752894362,0.5749760045043423,0.9856731505788575,1.0404327700554765,0.9856731505788724,1.4237501063917046,1.3142308674384766,2.053485730372651,1.9987261108960468,2.3820434472322387,2.601081925138691,2.7379809738302012,3.53199545624096,3.3677165978110963,3.477235836764356,3.504615646502658,3.531995456240906,5.03788499184757,4.709327274987946,4.517668606819832,5.6676206158285165,5.7223802353050335,5.968798522949839,5.037884991847494,5.886659093734933,6.269976430071161,7.33778900986494,6.844952434575503,6.981851483266907,7.502067868294752,6.51639471771578,6.817572624837201,6.954471673528712,6.954471673528712,6.817572624837201,6.51639471771588,7.502067868294752,6.981851483266801,6.844952434575503,7.33778900986494,6.269976430071161,5.886659093734933,5.037884991847418,5.968798522949839,5.7223802353051205,5.6676206158285165,4.517668606819832,4.709327274987946,5.03788499184757,3.53199545624096,3.504615646502658,3.477235836764356,3.3677165978110453,3.53199545624096,2.7379809738302012,2.601081925138612,2.382043447232275,1.9987261108960468,2.053485730372651,1.3142308674384966,1.4237501063917046,0.9856731505788724,1.0404327700554765,0.9856731505788724,0.5749760045043423,0.4928365752894362,0.5475961947660236,0.38331733633622816,0.43807695581283224,0.43807695581283224,0.3833173363362165,0.13689904869151004,0.2737980973830201,0.2464182876447181,0.05475961947660403,0.027379809738302015,0.08213942921490604,0.05475961947660403,0.0,0.0,0.02737980973830118,0.0,0.027379809738302015,0.5,0.05387054812695626
1.01,top_k,0.05,False,False,100,100,normal,0.4,1.2,1.6,1.5,0.2,0.3097267128120396,0.31353217855579885,0.317337644299558,0.32114311004331725,0.3249485757870764,0.32875404153083565,0.3325595072745949,0.33636497301835405,0.3401704387621133,0.34397590450587245,0.3477813702496317,0.3515868359933909,0.3553923017371501,0.3591977674809093,0.36300323322466854,0.3668086989684277,0.37061416471218694,0.3744196304559461,0.37822509619970535,0.3820305619434645,0.38583602768722375,0.389641493430983,0.39344695917474215,0.3972524249185014,0.4010578906622606,0.4048633564060198,0.408668822149779,0.41247428789353824,0.4162797536372974,0.42008521938105664,0.4238906851248158,0.42769615086857504,0.4315016166123342,0.43530708235609344,0.4391125480998527,0.44291801384361185,0.4467234795873711,0.4505289453311303,0.4543344110748895,0.4581398768186487,0.46194534256240793,0.4657508083061671,0.4695562740499263,0.4733617397936855,0.47716720553744474,0.4809726712812039,0.48477813702496314,0.48858360276872237,0.49238906851248154,0.49619453425624077,0.5,0.5038054657437592,0.5076109314875183,0.5114163972312776,0.5152218629750368,0.519027328718796,0.5228327944625553,0.5266382602063144,0.5304437259500736,0.5342491916938328,0.5380546574375921,0.5418601231813512,0.5456655889251105,0.5494710546688697,0.5532765204126289,0.557081986156388,0.5608874519001472,0.5646929176439065,0.5684983833876657,0.572303849131425,0.5761093148751841,0.5799147806189433,0.5837202463627025,0.5875257121064617,0.5913311778502209,0.5951366435939802,0.5989421093377394,0.6027475750814986,0.6065530408252577,0.6103585065690169,0.6141639723127762,0.6179694380565354,0.6217749038002947,0.6255803695440538,0.629385835287813,0.6331913010315722,0.6369967667753313,0.6408022325190906,0.6446076982628499,0.6484131640066091,0.6522186297503683,0.6560240954941274,0.6598295612378866,0.6636350269816459,0.6674404927254051,0.6712459584691643,0.6750514242129235,0.6788568899566827,0.6826623557004419,0.686467821444201,0.6902732871879603,0.026277992428126555,0.05255598485625387,0.0,0.0,0.026277992428126555,0.05255598485625311,0.05255598485625387,0.0,0.18394594699688857,0.13138996214063278,0.07883397728437966,0.07883397728438081,0.21022393942501244,0.18394594699688588,0.26277992428126934,0.26277992428126556,0.47300386370628483,0.8146177652719232,0.9197297349844428,1.0511196971250623,0.6569498107031639,1.28762162897822,1.3664556062625808,1.4452895835469604,1.7080695078282508,1.4978455684032137,1.7343475002563526,2.548965265528313,3.074525114090807,2.8643011746658362,2.9956911368064274,3.363583030800248,4.2570347733565015,3.784030909650224,4.80887261434723,5.203042500769058,4.624926667350274,4.388424735497199,5.833714319044095,5.64976837204721,4.940262576487864,5.991382273612942,6.280440190322246,6.17532822060974,7.016223978309892,5.465822425050323,6.543220114603512,6.700888069172369,6.937390001025411,7.384115872303562,7.38411587230367,6.937390001025512,6.700888069172173,6.543220114603607,5.465822425050403,7.0162239783096885,6.17532822060983,6.280440190322339,5.991382273612942,4.94026257648772,5.6497683720472915,5.83371431904401,4.388424735497199,4.624926667350341,5.203042500769134,4.80887261434723,3.784030909650169,4.2570347733565645,3.3635830308001498,2.995691136806471,2.8643011746658362,3.074525114090852,2.548965265528313,1.7343475002563276,1.4978455684031917,1.7080695078282508,1.4452895835469814,1.3664556062626008,1.28762162897822,0.6569498107031543,1.0511196971250774,0.919729734984416,0.8146177652719351,0.47300386370628483,0.26277992428126934,0.26277992428126934,0.18394594699688321,0.21022393942500936,0.07883397728438081,0.07883397728438081,0.13138996214063467,0.18394594699688857,0.0,0.05255598485625387,0.05255598485625234,0.026277992428126937,0.0,0.0,0.05255598485625387,0.02627799242812617,0.5,0.05550340865166633
1.01,top_k,0.05,False,False,100,100,normal,0.4,1.2,1.6,1.5,0.3,0.28621567946684073,0.2904913658775039,0.29476705228816713,0.2990427386988303,0.3033184251094935,0.30759411152015664,0.31186979793081987,0.31614548434148304,0.3204211707521462,0.3246968571628094,0.3289725435734726,0.3332482299841358,0.33752391639479895,0.3417996028054622,0.34607528921612535,0.3503509756267885,0.3546266620374517,0.35890234844811486,0.3631780348587781,0.36745372126944126,0.37172940768010443,0.37600509409076766,0.3802807805014308,0.384556466912094,0.3888321533227572,0.3931078397334204,0.39738352614408357,0.40165921255474674,0.4059348989654099,0.41021058537607313,0.4144862717867363,0.4187619581973995,0.4230376446080627,0.4273133310187259,0.43158901742938904,0.43586470384005227,0.4401403902507154,0.4444160766613786,0.4486917630720418,0.45296744948270495,0.4572431358933682,0.46151882230403135,0.4657945087146945,0.47007019512535775,0.47434588153602086,0.4786215679466841,0.48289725435734726,0.48717294076801043,0.49144862717867366,0.49572431358933683,0.5,0.5042756864106632,0.5085513728213265,0.5128270592319896,0.5171027456426528,0.5213784320533159,0.5256541184639791,0.5299298048746424,0.5342054912853055,0.5384811776959687,0.5427568641066318,0.547032550517295,0.5513082369279583,0.5555839233386215,0.5598596097492846,0.5641352961599477,0.568410982570611,0.5726866689812742,0.5769623553919374,0.5812380418026005,0.5855137282132638,0.5897894146239269,0.5940651010345901,0.5983407874452533,0.6026164738559165,0.6068921602665797,0.6111678466772428,0.615443533087906,0.6197192194985692,0.6239949059092325,0.6282705923198956,0.6325462787305588,0.6368219651412219,0.6410976515518851,0.6453733379625484,0.6496490243732116,0.6539247107838747,0.6582003971945378,0.662476083605201,0.6667517700158643,0.6710274564265275,0.6753031428371906,0.6795788292478537,0.683854515658517,0.6881302020691802,0.6924058884798434,0.6966815748905066,0.7009572613011698,0.7052329477118329,0.7095086341224961,0.7137843205331593,0.02338805758780839,0.0,0.0,0.0,0.0,0.0,0.0,0.04677611517561678,0.02338805758780839,0.02338805758780809,0.04677611517561678,0.02338805758780839,0.0,0.11694028793904195,0.11694028793904195,0.09355223035123356,0.16371640311465874,0.11694028793904045,0.2572686334658923,0.14032834552685036,0.4911492093439699,0.5613133821074014,0.3742089214049342,0.5847014396952023,0.8653581307489104,0.8185820155732937,1.2629551097416531,1.0524625914513777,1.4032834552684854,1.6605520887343959,1.8476565494368629,1.8944326646124552,2.736402737773582,2.9702833136516658,3.7654772716371023,3.835641444400626,4.724387632737233,4.350178711332362,5.09859655414223,5.285701014844628,6.080894972830182,6.4784919518229245,5.963954684891062,7.109969506693844,7.203521737044891,7.55434260086211,7.226909794632793,7.133357564281467,7.343850082571835,8.068879867793894,8.06887986779379,7.343850082571739,7.133357564281652,7.226909794632699,7.554342600862209,7.203521737044891,7.109969506693659,5.963954684891217,6.47849195182284,6.080894972830261,5.285701014844628,5.098596554142163,4.350178711332305,4.724387632737357,3.835641444400626,3.7654772716371023,2.970283313651627,2.7364027377735463,1.8944326646125043,1.8476565494368387,1.6605520887344174,1.4032834552684854,1.052462591451364,1.2629551097416367,0.8185820155733043,0.8653581307489218,0.5847014396952023,0.37420892140492945,0.5613133821073941,0.4911492093439826,0.14032834552684853,0.2572686334658957,0.11694028793904045,0.16371640311465663,0.09355223035123236,0.11694028793904347,0.11694028793904347,0.0,0.02338805758780809,0.04677611517561618,0.023388057587808694,0.023388057587808694,0.04677611517561618,0.0,0.0,0.0,0.0,0.0,0.0,0.02338805758780809,0.5,0.0505345547496465
1.01,top_k,0.05,False,False,100,100,normal,0.4,1.2,1.6,1.5,0.4,0.28013346086067725,0.28453079164346373,0.28892812242625016,0.29332545320903664,0.29772278399182306,0.30212011477460954,0.30651744555739596,0.31091477634018244,0.31531210712296887,0.31970943790575534,0.3241067686885418,0.32850409947132825,0.3329014302541147,0.33729876103690115,0.34169609181968763,0.3460934226024741,0.35049075338526053,0.35488808416804696,0.35928541495083344,0.3636827457336199,0.36808007651640634,0.3724774072991928,0.37687473808197924,0.3812720688647657,0.3856693996475522,0.3900667304303386,0.39446406121312505,0.39886139199591153,0.403258722778698,0.4076560535614845,0.4120533843442709,0.41645071512705734,0.4208480459098438,0.4252453766926303,0.4296427074754167,0.43404003825820314,0.4384373690409896,0.4428346998237761,0.4472320306065626,0.451629361389349,0.45602669217213543,0.4604240229549219,0.4648213537377084,0.4692186845204948,0.4736160153032813,0.4780133460860677,0.4824106768688542,0.4868080076516407,0.4912053384344271,0.4956026692172135,0.5,0.5043973307827865,0.508794661565573,0.5131919923483594,0.5175893231311458,0.5219866539139323,0.5263839846967188,0.5307813154795051,0.5351786462622916,0.5395759770450781,0.5439733078278646,0.548370638610651,0.5527679693934375,0.5571653001762239,0.5615626309590104,0.5659599617417969,0.5703572925245832,0.5747546233073697,0.5791519540901562,0.5835492848729427,0.5879466156557291,0.5923439464385156,0.596741277221302,0.6011386080040885,0.605535938786875,0.6099332695696613,0.6143306003524478,0.6187279311352343,0.6231252619180208,0.6275225927008072,0.6319199234835937,0.6363172542663802,0.6407145850491666,0.645111915831953,0.6495092466147394,0.6539065773975259,0.6583039081803124,0.6627012389630988,0.6670985697458853,0.6714959005286718,0.6758932313114583,0.6802905620942447,0.6846878928770311,0.6890852236598175,0.693482554442604,0.6978798852253905,0.7022772160081769,0.7066745467909634,0.7110718775737499,0.7154692083565364,0.7198665391393227,0.02274106837526389,0.0,0.0,0.0,0.0,0.0,0.02274106837526389,0.022741068375264174,0.0,0.0,0.0,0.02274106837526389,0.04548213675052835,0.09096427350105556,0.04548213675052778,0.13644641025158505,0.11370534187632088,0.20466961537737496,0.3411160256289583,0.20466961537737757,0.3411160256289583,0.4548213675052835,0.5685267093815972,0.7731963247589722,0.6594909828826611,0.7959373931342462,1.0460891452621388,1.1143123503879306,1.1597944871384582,1.8875086751469266,2.1604014956500968,2.365071111027444,2.615222863155347,3.16100850416172,3.479383461415418,3.9114637605453884,4.184356581048555,4.843847563931208,4.525472606677571,5.617043888690251,5.116740384434374,5.548820683564388,5.6852670938160434,6.799579444203903,6.276534871572912,7.322624016834972,7.208918674958651,7.390847221960857,7.481811495461913,7.936632862967097,7.936632862967097,7.481811495461819,7.3908472219607635,7.208918674958835,7.322624016834972,6.276534871572833,6.799579444204074,5.6852670938159715,5.548820683564388,5.116740384434374,5.61704388869018,4.525472606677513,4.84384756393133,4.184356581048555,3.9114637605453884,3.4793834614154626,3.16100850416168,2.615222863155347,2.365071111027444,2.1604014956500692,1.8875086751469026,1.1597944871384875,1.1143123503879306,1.0460891452621388,0.7959373931342562,0.6594909828826527,0.7731963247589722,0.5685267093815972,0.4548213675052777,0.3411160256289583,0.20466961537737496,0.3411160256289669,0.20466961537737496,0.11370534187632231,0.13644641025158333,0.04548213675052778,0.09096427350105556,0.04548213675052778,0.02274106837526389,0.0,0.0,0.0,0.02274106837526446,0.02274106837526389,0.0,0.0,0.0,0.0,0.0,0.02274106837526446,0.5,0.052349606837793446
1.01,top_k,0.05,False,False,100,100,normal,0.4,1.2,2.0,0.5,0.1,0.19540935131297815,0.2015011642867186,0.20759297726045903,0.21368479023419948,0.2197766032079399,0.22586841618168035,0.23196022915542078,0.23805204212916123,0.24414385510290165,0.2502356680766421,0.25632748105038256,0.262419294024123,0.2685111069978634,0.27460291997160385,0.2806947329453443,0.2867865459190847,0.29287835889282515,0.2989701718665656,0.30506198484030606,0.3111537978140465,0.3172456107877869,0.32333742376152735,0.3294292367352678,0.3355210497090082,0.3416128626827487,0.3477046756564891,0.35379648863022956,0.35988830160397,0.3659801145777104,0.37207192755145085,0.3781637405251913,0.3842555534989317,0.3903473664726722,0.3964391794464126,0.40253099242015306,0.4086228053938935,0.4147146183676339,0.4208064313413744,0.4268982443151148,0.43299005728885526,0.4390818702625957,0.4451736832363361,0.45126549621007656,0.457357309183817,0.46344912215755746,0.46954093513129785,0.4756327481050383,0.48172456107877876,0.4878163740525192,0.49390818702625966,0.5,0.5060918129737405,0.512183625947481,0.5182754389212214,0.5243672518949618,0.5304590648687022,0.5365508778424427,0.5426426908161832,0.5487345037899236,0.554826316763664,0.5609181297374044,0.5670099427111449,0.5731017556848853,0.5791935686586258,0.5852853816323662,0.5913771946061066,0.5974690075798471,0.6035608205535875,0.609652633527328,0.6157444465010684,0.6218362594748088,0.6279280724485492,0.6340198854222897,0.6401116983960302,0.6462035113697706,0.652295324343511,0.6583871373172514,0.6644789502909919,0.6705707632647324,0.6766625762384728,0.6827543892122132,0.6888462021859536,0.6949380151596941,0.7010298281334346,0.707121641107175,0.7132134540809154,0.7193052670546558,0.7253970800283962,0.7314888930021368,0.7375807059758772,0.7436725189496176,0.749764331923358,0.7558561448970984,0.761947957870839,0.7680397708445794,0.7741315838183198,0.7802233967920602,0.7863152097658006,0.7924070227395412,0.7984988357132816,0.8045906486870219,0.0328309488262568,0.032830948826256943,0.0492464232393852,0.06566189765251389,0.0984928464787704,0.04924642323938542,0.08207737206564199,0.09849284647877084,0.1477392697181556,0.16415474413128398,0.16415474413128398,0.2790630650231853,0.36114043708882476,0.45963328356759514,0.6073725532857563,0.5088797068069804,0.5581261300463655,0.8536046694826768,0.9356820415483187,1.3132379530502838,1.395315325115914,1.2311605809846298,1.4938081715946978,1.7892867110309791,1.8221176598572688,2.1996735713592055,2.3309973666642327,1.8713640830966545,2.084765250467307,2.593644957274287,2.724968752579339,2.6100604316873914,2.724968752579339,2.774215175818699,2.724968752579314,2.872708022297496,2.6100604316873914,2.8234615990581102,3.086109189668139,3.0204472920156253,3.16818656173381,2.6593068549268004,3.0204472920156253,2.6428913805136722,2.872708022297496,2.8234615990580845,2.9876163431893685,2.8070461246449563,2.593644957274287,2.8562925478843932,2.8562925478843155,2.5936449572742633,2.8070461246449816,2.9876163431893956,2.8234615990581102,2.8727080222974437,2.642891380513648,3.020447292015653,2.659306854926825,3.16818656173381,3.020447292015598,3.0861091896681674,2.8234615990580587,2.6100604316874394,2.872708022297496,2.724968752579289,2.774215175818725,2.724968752579289,2.6100604316874394,2.724968752579339,2.5936449572743108,2.0847652504672873,1.8713640830966203,2.3309973666642536,2.1996735713592255,1.8221176598572688,1.7892867110309791,1.4938081715946705,1.231160580984641,1.3953153251159265,1.3132379530502838,0.9356820415483101,0.8536046694826689,0.5581261300463706,0.508879706806985,0.6073725532857563,0.4596332835675993,0.3611404370888149,0.2790630650231853,0.16415474413128547,0.16415474413128547,0.14773926971815693,0.0984928464787677,0.08207737206564274,0.04924642323938564,0.09849284647877128,0.06566189765251419,0.04924642323938385,0.032830948826257096,0.03283094882625769,0.5,0.11087621034676878
1.01,top_k,0.05,False,False,100,100,normal,0.4,1.2,2.0,0.5,0.2,0.22317312051746793,0.22870965810711857,0.23424619569676922,0.23978273328641986,0.2453192708760705,0.25085580846572114,0.25639234605537176,0.2619288836450224,0.26746542123467304,0.2730019588243237,0.2785384964139743,0.284075034003625,0.2896115715932756,0.2951481091829263,0.3006846467725769,0.30622118436222756,0.3117577219518782,0.31729425954152884,0.32283079713117946,0.32836733472083013,0.33390387231048074,0.3394404099001314,0.344976947489782,0.3505134850794327,0.3560500226690833,0.3615865602587339,0.3671230978483846,0.37265963543803526,0.3781961730276859,0.3837327106173365,0.38926924820698716,0.39480578579663783,0.40034232338628845,0.40587886097593906,0.41141539856558973,0.4169519361552404,0.422488473744891,0.4280250113345416,0.4335615489241923,0.43909808651384297,0.4446346241034936,0.4501711616931442,0.45570769928279486,0.46124423687244553,0.46678077446209615,0.47231731205174676,0.47785384964139743,0.4833903872310481,0.48892692482069866,0.49446346241034933,0.5,0.5055365375896507,0.5110730751793012,0.5166096127689519,0.5221461503586026,0.5276826879482532,0.5332192255379038,0.5387557631275545,0.5442923007172051,0.5498288383068558,0.5553653758965064,0.560901913486157,0.5664384510758077,0.5719749886654584,0.5775115262551089,0.5830480638447596,0.5885846014344103,0.5941211390240608,0.5996576766137115,0.6051942142033622,0.6107307517930128,0.6162672893826634,0.6218038269723141,0.6273403645619647,0.6328769021516154,0.638413439741266,0.6439499773309166,0.6494865149205673,0.655023052510218,0.6605595900998685,0.6660961276895192,0.6716326652791699,0.6771692028688205,0.6827057404584711,0.6882422780481218,0.6937788156377724,0.6993153532274231,0.7048518908170737,0.7103884284067243,0.715924965996375,0.7214615035860257,0.7269980411756763,0.7325345787653269,0.7380711163549776,0.7436076539446282,0.7491441915342789,0.7546807291239295,0.7602172667135801,0.7657538043032308,0.7712903418928814,0.776826879482532,0.05418548960288557,0.018061829867628523,0.018061829867628523,0.036123659735257045,0.018061829867628523,0.10837097920577168,0.07224731947051373,0.10837097920577168,0.07224731947051373,0.07224731947051445,0.12643280907339904,0.09030914933814307,0.18061829867628432,0.18061829867628615,0.3251129376173118,0.3070511077496864,0.34317476748494025,0.3612365973525723,0.37929842722019713,0.5057312362936012,0.7044113648375089,0.7766586843080304,0.7405350245727658,0.9030914933814307,1.2643280907340029,1.2823899206016187,1.49913187901316,0.9934006427195738,1.8061829867628614,1.9326157958362422,2.167419584115412,2.384161542526977,2.5105943516003775,3.0705110774968336,2.926016438555806,2.926016438555836,3.4136858449818077,3.811046102069599,3.7207369527314573,3.937478911143038,3.937478911143038,3.5401186540551732,4.316777338363195,4.4432101474366394,4.641890275980554,4.732199425318649,4.641890275980508,4.443210147436684,4.623828446112879,4.84057040452442,4.84057040452442,4.623828446112972,4.443210147436595,4.641890275980508,4.732199425318649,4.6418902759806,4.443210147436595,4.316777338363195,3.5401186540551732,3.937478911143077,3.9374789111429984,3.7207369527314573,3.811046102069599,3.413685844981842,2.926016438555806,2.926016438555806,3.070511077496895,2.510594351600352,2.384161542526953,2.167419584115412,1.932615795836281,1.8061829867628432,0.9934006427195639,1.49913187901316,1.2823899206016445,1.2643280907339904,0.9030914933814216,0.7405350245727658,0.7766586843080382,0.7044113648375089,0.5057312362935962,0.37929842722019713,0.3612365973525759,0.34317476748494025,0.30705110774968336,0.3251129376173118,0.18061829867628795,0.18061829867628432,0.09030914933814216,0.12643280907339904,0.07224731947051373,0.07224731947051519,0.1083709792057706,0.07224731947051373,0.1083709792057706,0.018061829867628797,0.036123659735256865,0.018061829867628432,0.018061829867628797,0.0541854896028853,0.5,0.08119329161367303
1.01,top_k,0.05,False,False,100,100,normal,0.4,1.2,2.0,0.5,0.3,0.2190489753953013,0.22466799588739528,0.23028701637948926,0.23590603687158324,0.2415250573636772,0.24714407785577117,0.25276309834786514,0.2583821188399591,0.2640011393320531,0.26962015982414705,0.27523918031624106,0.280858200808335,0.28647722130042896,0.29209624179252297,0.297715262284617,0.30333428277671093,0.3089533032688049,0.3145723237608989,0.32019134425299284,0.32581036474508684,0.3314293852371808,0.33704840572927475,0.34266742622136875,0.3482864467134627,0.3539054672055567,0.35952448769765066,0.3651435081897446,0.3707625286818386,0.37638154917393263,0.3820005696660266,0.38761959015812053,0.3932386106502145,0.3988576311423085,0.4044766516344025,0.41009567212649645,0.4157146926185904,0.42133371311068435,0.42695273360277836,0.43257175409487236,0.4381907745869663,0.44380979507906027,0.44942881557115427,0.4550478360632482,0.46066685655534223,0.4662858770474362,0.47190489753953013,0.4775239180316241,0.48314293852371815,0.4887619590158121,0.49438097950790605,0.5,0.5056190204920941,0.511238040984188,0.516857061476282,0.5224760819683759,0.5280951024604699,0.5337141229525639,0.5393331434446579,0.5449521639367518,0.5505711844288458,0.5561902049209397,0.5618092254130338,0.5674282459051277,0.5730472663972217,0.5786662868893157,0.5842853073814096,0.5899043278735037,0.5955233483655976,0.6011423688576916,0.6067613893497855,0.6123804098418796,0.6179994303339735,0.6236184508260675,0.6292374713181614,0.6348564918102554,0.6404755123023494,0.6460945327944434,0.6517135532865374,0.6573325737786313,0.6629515942707253,0.6685706147628193,0.6741896352549133,0.6798086557470072,0.6854276762391012,0.6910466967311951,0.6966657172232892,0.7022847377153831,0.7079037582074771,0.713522778699571,0.7191417991916651,0.724760819683759,0.730379840175853,0.735998860667947,0.741617881160041,0.747236901652135,0.7528559221442289,0.7584749426363229,0.7640939631284168,0.7697129836205109,0.7753320041126048,0.7809510246046988,0.05339008825863923,0.0,0.0,0.0,0.0,0.0,0.017796696086213166,0.03559339217242598,0.0,0.1423735686897039,0.08898348043106584,0.106780176517279,0.16017026477591692,0.23135704912076885,0.23135704912077118,0.2669504412931975,0.49830749041396377,0.24915374520698433,0.42712070606911173,0.533900882586395,0.7118678434485267,0.6050876669312416,0.8008513238795925,1.0678017651727794,1.174581941690069,1.4059389908108402,1.3525489025521873,1.3169555103797612,1.6550927360178245,1.6906861281902508,1.8508563929661694,1.957636569483429,2.3491638833801147,2.5271308442422695,2.9186581581389595,3.2923887759494357,3.0610317268286344,3.648322697673663,3.577135913328846,3.4703557368115674,3.826289658535793,4.022053315484175,4.16442688417384,4.5559541980705704,4.716124462846489,4.805107943277555,4.698327766760183,4.66273437458785,4.751717855018915,5.303415433691524,5.303415433691419,4.751717855018915,4.66273437458785,4.698327766760276,4.805107943277555,4.716124462846396,4.5559541980705704,4.1644268841738805,4.022053315484175,3.826289658535831,3.470355736811499,3.577135913328846,3.6483226976736987,3.0610317268286646,3.2923887759494357,2.9186581581389013,2.5271308442422695,2.349163883380138,1.9576365694834483,1.8508563929661326,1.6906861281902508,1.6550927360178245,1.316955510379774,1.3525489025522006,1.4059389908108124,1.174581941690069,1.06780176517279,0.8008513238795925,0.6050876669312476,0.7118678434485126,0.533900882586395,0.427120706069116,0.24915374520698433,0.49830749041396866,0.26695044129319223,0.23135704912077118,0.23135704912077118,0.16017026477591847,0.10678017651727689,0.08898348043106584,0.14237356868970533,0.0,0.035593392172425624,0.017796696086213166,0.0,0.0,0.0,0.0,0.0,0.0533900882586395,0.5,0.08026174346554919
1.01,top_k,0.05,False,False,100,100,normal,0.4,1.2,2.0,0.5,0.4,0.20026152246449577,0.20625629201520584,0.21225106156591594,0.21824583111662602,0.22424060066733612,0.2302353702180462,0.2362301397687563,0.24222490931946636,0.24821967887017643,0.25421444842088653,0.26020921797159663,0.2662039875223067,0.2721987570730168,0.27819352662372687,0.28418829617443697,0.290183065725147,0.2961778352758571,0.3021726048265672,0.30816737437727726,0.31416214392798736,0.32015691347869746,0.32615168302940756,0.33214645258011766,0.3381412221308277,0.34413599168153775,0.35013076123224784,0.35612553078295794,0.36212030033366804,0.36811506988437814,0.37410983943508824,0.3801046089857983,0.3860993785365084,0.39209414808721843,0.39808891763792853,0.40408368718863863,0.41007845673934873,0.41607322629005883,0.4220679958407689,0.42806276539147897,0.434057534942189,0.4400523044928991,0.4460470740436092,0.4520418435943193,0.4580366131450294,0.4640313826957395,0.4700261522464495,0.4760209217971596,0.4820156913478697,0.4880104608985798,0.4940052304492899,0.5,0.5059947695507101,0.5119895391014201,0.5179843086521302,0.5239790782028403,0.5299738477535504,0.5359686173042605,0.5419633868549706,0.5479581564056807,0.5539529259563907,0.5599476955071008,0.5659424650578109,0.571937234608521,0.5779320041592311,0.5839267737099412,0.5899215432606513,0.5959163128113613,0.6019110823620714,0.6079058519127815,0.6139006214634916,0.6198953910142017,0.6258901605649118,0.6318849301156219,0.6378796996663318,0.643874469217042,0.649869238767752,0.6558640083184621,0.6618587778691722,0.6678535474198823,0.6738483169705924,0.6798430865213025,0.6858378560720125,0.6918326256227226,0.6978273951734327,0.7038221647241428,0.7098169342748529,0.715811703825563,0.7218064733762731,0.7278012429269832,0.7337960124776932,0.7397907820284033,0.7457855515791134,0.7517803211298235,0.7577750906805336,0.7637698602312437,0.7697646297819538,0.7757593993326638,0.7817541688833739,0.787748938434084,0.7937437079847941,0.7997384775355042,0.033362416738156396,0.0,0.0,0.0,0.0,0.01668120836907812,0.033362416738156396,0.0,0.01668120836907812,0.06672483347631249,0.0667248334763131,0.05004362510723436,0.18349329205985931,0.05004362510723436,0.16681208369078276,0.1668120836907812,0.10008725021446872,0.31694295901248726,0.4003490008578749,0.4003490008578749,0.3002617506434062,0.41703020922695305,0.5671610845486613,0.6172047096558962,0.9007852519302185,0.817379210084828,1.2010470025736248,1.3011342527880934,1.251090627680859,1.6180772118005926,1.768208087122281,1.9850637959203148,2.4020940051472497,2.4020940051472497,2.7023557557906557,2.8858490478505145,3.219473215232107,3.736590674673499,3.236154423601185,3.5197349658754837,3.5530973826136396,4.6040135098655615,4.186983300638609,4.103577258793218,4.487245051282098,4.720781968449108,4.387157801067546,4.720781968449108,4.804188010294499,4.920956468878045,4.920956468878045,4.804188010294587,4.720781968449108,4.387157801067546,4.720781968449108,4.487245051282015,4.103577258793218,4.186983300638609,4.604013509865647,3.5530973826136396,3.5197349658754837,3.2361544236011555,3.736590674673499,3.2194732152320773,2.8858490478505145,2.702355755790706,2.4020940051472497,2.4020940051472497,1.9850637959202964,1.768208087122281,1.6180772118005777,1.251090627680859,1.3011342527881176,1.2010470025736248,0.817379210084828,0.9007852519302185,0.6172047096558905,0.5671610845486561,0.41703020922695305,0.3002617506434062,0.40034900085788233,0.4003490008578749,0.3169429590124843,0.10008725021446872,0.1668120836907812,0.1668120836907812,0.05004362510723436,0.18349329205985931,0.05004362510723529,0.06672483347631249,0.06672483347631249,0.01668120836907812,0.0,0.03336241673815624,0.01668120836907812,0.0,0.0,0.0,0.0,0.03336241673815624,0.5,0.08020813246890547
1.01,top_k,0.05,False,False,100,100,normal,0.4,1.2,2.0,0.75,0.1,0.2103023168333379,0.21609627049667113,0.22189022416000437,0.2276841778233376,0.23347813148667085,0.2392720851500041,0.24506603881333733,0.25085999247667057,0.2566539461400038,0.26244789980333705,0.2682418534666703,0.27403580713000353,0.27982976079333677,0.28562371445667,0.2914176681200033,0.29721162178333654,0.3030055754466698,0.308799529110003,0.31459348277333626,0.3203874364366695,0.32618139010000274,0.331975343763336,0.3377692974266692,0.34356325109000246,0.3493572047533357,0.35515115841666894,0.3609451120800022,0.3667390657433355,0.3725330194066687,0.37832697307000196,0.3841209267333352,0.38991488039666844,0.3957088340600017,0.4015027877233349,0.40729674138666816,0.4130906950500014,0.41888464871333464,0.4246786023766679,0.4304725560400011,0.43626650970333436,0.4420604633666676,0.44785441703000084,0.4536483706933341,0.4594423243566673,0.46523627802000056,0.4710302316833338,0.47682418534666704,0.4826181390100003,0.4884120926733335,0.49420604633666676,0.5,0.5057939536633332,0.5115879073266665,0.5173818609899997,0.523175814653333,0.5289697683166663,0.5347637219799994,0.5405576756433328,0.5463516293066659,0.5521455829699993,0.5579395366333324,0.5637334902966658,0.5695274439599989,0.5753213976233322,0.5811153512866654,0.5869093049499987,0.5927032586133318,0.5984972122766652,0.6042911659399983,0.6100851196033317,0.6158790732666648,0.6216730269299982,0.6274669805933313,0.6332609342566646,0.6390548879199978,0.6448488415833311,0.6506427952466644,0.6564367489099976,0.6622307025733308,0.6680246562366641,0.6738186098999973,0.6796125635633306,0.6854065172266638,0.691200470889997,0.6969944245533303,0.7027883782166635,0.7085823318799968,0.71437628554333,0.7201702392066632,0.7259641928699965,0.7317581465333297,0.737552100196663,0.7433460538599962,0.7491400075233294,0.7549339611866627,0.7607279148499959,0.7665218685133292,0.7723158221766624,0.7781097758399956,0.7839037295033289,0.7896976831666621,0.034518743438645444,0.0,0.0,0.017259371719322722,0.05177811515796816,0.034518743438645444,0.017259371719322722,0.05177811515796816,0.06903748687729089,0.05177811515796816,0.13807497375458178,0.2934093192284863,0.15533434547390448,0.24163120407051578,0.31066869094780897,0.27614994750916355,0.5522998950183271,0.6558561253342634,0.7076342404922316,1.0355623031593633,1.1218591617559768,1.3980091092651403,1.2081560203525905,1.363490365826495,2.1574214649153403,1.6741590567743039,1.8985308891254813,1.7777152870902402,2.3472745538278903,2.416312040705181,3.0031306791621533,2.4335714124245036,3.227502511513349,2.53712764274044,2.9686119357235077,2.8995744488462174,3.5381712024611582,3.451874343864544,3.6935055479350622,3.1584650246360577,3.5036524590225127,3.4000962287065764,3.1757243963553807,3.2620212549519945,3.6072086893384485,3.0203900508814763,2.8995744488462174,3.2620212549519945,3.5036524590225127,3.6935055479350622,3.6935055479350622,3.5036524590225127,3.2620212549519945,2.8995744488462174,3.020390050881418,3.6072086893385173,3.262021254951932,3.1757243963554416,3.4000962287065106,3.5036524590225797,3.1584650246359978,3.693505547935133,3.451874343864478,3.5381712024612257,2.8995744488461614,2.968611935723565,2.5371276427403915,3.2275025115134106,2.433571412424457,3.003130679162211,2.4163120407051344,2.3472745538279347,1.777715287090206,1.8985308891255357,1.674159056774272,2.1574214649153403,1.363490365826495,1.2081560203525905,1.3980091092651403,1.1218591617559768,1.0355623031593633,0.7076342404922316,0.6558561253342634,0.5522998950183271,0.27614994750916355,0.31066869094780897,0.2416312040705181,0.15533434547390448,0.2934093192284863,0.13807497375458178,0.05177811515796816,0.06903748687729089,0.05177811515796816,0.017259371719322722,0.034518743438645444,0.05177811515796816,0.017259371719322722,0.0,0.0,0.034518743438645444,0.5,0.09675195255417698
1.01,top_k,0.05,False,False,100,100,normal,0.4,1.2,2.0,0.75,0.2,0.24292910308234744,0.24807052102070049,0.25321193895905353,0.25835335689740657,0.26349477483575967,0.2686361927741127,0.27377761071246576,0.2789190286508188,0.28406044658917184,0.2892018645275249,0.29434328246587793,0.29948470040423103,0.3046261183425841,0.3097675362809371,0.31490895421929016,0.3200503721576432,0.3251917900959963,0.33033320803434935,0.3354746259727024,0.34061604391105543,0.3457574618494085,0.3508988797877615,0.35604029772611456,0.36118171566446766,0.3663231336028207,0.37146455154117375,0.3766059694795268,0.38174738741787984,0.38688880535623293,0.3920302232945859,0.397171641232939,0.40231305917129206,0.4074544771096451,0.41259589504799815,0.4177373129863512,0.4228787309247043,0.4280201488630573,0.4331615668014104,0.4383029847397634,0.44344440267811647,0.4485858206164695,0.45372723855482255,0.45886865649317565,0.46401007443152864,0.46915149236988174,0.4742929103082348,0.4794343282465878,0.4845757461849409,0.4897171641232939,0.494858582061647,0.5,0.5051414179383531,0.5102828358767062,0.5154242538150592,0.5205656717534122,0.5257070896917653,0.5308485076301184,0.5359899255684715,0.5411313435068245,0.5462727614451774,0.5514141793835305,0.5565555973218836,0.5616970152602367,0.5668384331985897,0.5719798511369427,0.5771212690752958,0.5822626870136489,0.5874041049520019,0.592545522890355,0.597686940828708,0.6028283587670611,0.6079697767054142,0.6131111946437672,0.6182526125821202,0.6233940305204733,0.6285354484588264,0.6336768663971795,0.6388182843355324,0.6439597022738854,0.6491011202122385,0.6542425381505916,0.6593839560889447,0.6645253740272977,0.6696667919656507,0.6748082099040038,0.6799496278423569,0.6850910457807099,0.690232463719063,0.695373881657416,0.7005152995957691,0.7056567175341222,0.7107981354724752,0.7159395534108282,0.7210809713491813,0.7262223892875344,0.7313638072258875,0.7365052251642404,0.7416466431025934,0.7467880610409465,0.7519294789792996,0.7570708969176526,0.03889977480882759,0.019449887404413797,0.0,0.019449887404413585,0.019449887404413797,0.03889977480882759,0.0,0.019449887404413797,0.05834966221324139,0.05834966221324139,0.15559909923530868,0.11669932442648279,0.17504898663972415,0.23339864885296557,0.13614921183089657,0.19449887404413585,0.25284853625737935,0.31119819847062075,0.3889977480882759,0.564046734728,0.7001959465588966,0.758545608772138,0.9335945954118521,0.7974453835809656,1.1669932442648276,1.2642426812868968,1.1864431316692414,1.3225923435001237,1.7504898663972603,1.9644386278457722,1.906088965632552,2.3534363759340695,2.2172871641031726,2.6840844618091038,3.520429620198859,3.403730295772451,3.0341824350885194,3.4815298453900696,3.7538282690518625,4.395674553397518,3.889977480882759,5.1542201621696,4.629073202250534,5.329269148809322,5.932215658346208,5.679367122088828,5.1542201621696,5.173670049574125,5.445968473235804,5.465418360640336,5.465418360640218,5.445968473235804,5.173670049574125,5.154220162169711,5.679367122088767,5.932215658346144,5.329269148809322,4.629073202250534,5.154220162169711,3.8899774808827168,4.395674553397471,3.7538282690518217,3.4815298453901073,3.0341824350885847,3.4037302957723776,3.520429620198859,2.6840844618091326,2.2172871641031486,2.353436375934095,1.9060889656325315,1.9644386278457722,1.7504898663972603,1.3225923435001523,1.1864431316692288,1.264242681286883,1.166993244264815,0.7974453835809742,0.9335945954118723,0.7585456087721298,0.7001959465588891,0.5640467347279939,0.3889977480882801,0.3111981984706241,0.2528485362573766,0.19449887404413585,0.13614921183089804,0.23339864885296302,0.17504898663972604,0.11669932442648151,0.15559909923530868,0.05834966221324202,0.05834966221324202,0.019449887404413585,0.0,0.03889977480882717,0.019449887404414005,0.019449887404414005,0.0,0.019449887404413585,0.03889977480882801,0.5,0.07108284370273765
1.01,top_k,0.05,False,False,100,100,normal,0.4,1.2,2.0,0.75,0.3,0.25043468205802805,0.2554259884168675,0.2604172947757069,0.26540860113454634,0.2703999074933858,0.27539121385222526,0.2803825202110647,0.2853738265699041,0.29036513292874355,0.295356439287583,0.3003477456464224,0.3053390520052619,0.31033035836410133,0.31532166472294076,0.3203129710817802,0.3253042774406196,0.3302955837994591,0.33528689015829855,0.340278196517138,0.3452695028759774,0.35026080923481684,0.35525211559365627,0.3602434219524957,0.3652347283113352,0.3702260346701746,0.37521734102901405,0.3802086473878535,0.3851999537466929,0.3901912601055324,0.3951825664643718,0.40017387282321126,0.4051651791820507,0.4101564855408901,0.41514779189972956,0.420139098258569,0.4251304046174085,0.43012171097624785,0.43511301733508734,0.44010432369392677,0.4450956300527662,0.45008693641160563,0.45507824277044506,0.46006954912928455,0.4650608554881239,0.4700521618469634,0.47504346820580284,0.4800347745646423,0.48502608092348176,0.49001738728232114,0.4950086936411606,0.5,0.5049913063588395,0.509982612717679,0.5149739190765183,0.5199652254353577,0.5249565317941973,0.5299478381530367,0.5349391445118761,0.5399304508707156,0.544921757229555,0.5499130635883944,0.5549043699472339,0.5598956763060734,0.5648869826649128,0.5698782890237521,0.5748695953825916,0.5798609017414311,0.5848522081002705,0.58984351445911,0.5948348208179495,0.5998261271767888,0.6048174335356282,0.6098087398944677,0.6148000462533072,0.6197913526121466,0.6247826589709861,0.6297739653298255,0.6347652716886649,0.6397565780475043,0.6447478844063438,0.6497391907651833,0.6547304971240226,0.6597218034828621,0.6647131098417016,0.669704416200541,0.6746957225593804,0.6796870289182199,0.6846783352770593,0.6896696416358987,0.6946609479947382,0.6996522543535777,0.7046435607124171,0.7096348670712564,0.714626173430096,0.7196174797889354,0.7246087861477748,0.7296000925066143,0.7345913988654538,0.7395827052242931,0.7445740115831325,0.749565317941972,0.04006967026694463,0.06010450540041694,0.020034835133472314,0.0,0.08013934053388926,0.10017417566736157,0.10017417566736157,0.06010450540041694,0.04006967026694463,0.1602786810677785,0.06010450540041627,0.10017417566736157,0.26045285673514007,0.1803135162012508,0.2804876918686124,0.3405921972690255,0.4207315378029186,0.5609753837372248,0.3606270324025016,0.6811843945380586,0.641114724271114,0.6210798891376417,0.8214282404723557,1.3022642836757004,1.5627171404108404,1.1620204377413943,1.462542964743479,1.2421597782752696,1.8432048322794734,2.0635880187476254,2.2238666998154266,2.4242150511501497,3.005225270020847,3.125434280821681,3.1655039510885903,3.6062703240250564,3.826653510493169,3.4860613132241824,3.9067928510271015,3.626305159158489,4.76829076176641,5.128917794168855,5.068813288768551,5.0487784536349665,5.10888295903544,5.048778453635022,4.547907575298164,5.810102188707035,5.189022299569271,5.429440321171057,5.429440321170937,5.189022299569271,5.810102188707035,4.547907575298266,5.048778453634855,5.108882959035497,5.048778453635078,5.068813288768438,5.128917794168855,4.768290761766464,3.626305159158448,3.9067928510270575,3.4860613132242206,3.826653510493254,3.6062703240249765,3.1655039510885903,3.1254342808217155,3.0052252700208135,2.424215051150123,2.2238666998154515,2.063588018747671,1.8432048322794323,1.2421597782752696,1.462542964743495,1.1620204377413812,1.562717140410823,1.3022642836757148,0.821428240472374,0.6210798891376348,0.6411147242711068,0.6811843945380662,0.3606270324024976,0.5609753837372186,0.4207315378029232,0.3405921972690331,0.2804876918686093,0.1803135162012488,0.26045285673514296,0.10017417566736045,0.06010450540041627,0.1602786810677803,0.04006967026694507,0.060104505400414926,0.10017417566736268,0.10017417566736268,0.08013934053388835,0.0,0.020034835133472536,0.06010450540041761,0.04006967026694418,0.5,0.07255779312115453
1.01,top_k,0.05,False,False,100,100,normal,0.4,1.2,2.0,0.75,0.4,0.21572364010489384,0.22140916730279597,0.22709469450069808,0.23278022169860021,0.23846574889650232,0.24415127609440446,0.24983680329230656,0.2555223304902087,0.26120785768811083,0.26689338488601294,0.27257891208391505,0.2782644392818172,0.2839499664797193,0.2896354936776214,0.2953210208755236,0.3010065480734257,0.3066920752713278,0.31237760246922996,0.31806312966713207,0.3237486568650342,0.32943418406293634,0.33511971126083845,0.34080523845874056,0.3464907656566427,0.35217629285454477,0.35786182005244693,0.36354734725034904,0.36923287444825115,0.3749184016461533,0.3806039288440554,0.3862894560419575,0.3919749832398597,0.3976605104377618,0.4033460376356639,0.40903156483356606,0.41471709203146817,0.4204026192293703,0.42608814642727244,0.43177367362517455,0.43745920082307665,0.4431447280209788,0.44883025521888087,0.45451578241678303,0.4602013096146852,0.46588683681258725,0.4715723640104894,0.47725789120839157,0.4829434184062936,0.4886289456041958,0.49431447280209795,0.5,0.5056855271979022,0.5113710543958042,0.5170565815937064,0.5227421087916085,0.5284276359895106,0.5341131631874128,0.5397986903853149,0.545484217583217,0.5511697447811191,0.5568552719790213,0.5625407991769233,0.5682263263748255,0.5739118535727277,0.5795973807706297,0.5852829079685319,0.590968435166434,0.5966539623643361,0.6023394895622383,0.6080250167601403,0.6137105439580425,0.6193960711559446,0.6250815983538467,0.6307671255517489,0.636452652749651,0.6421381799475531,0.6478237071454552,0.6535092343433574,0.6591947615412594,0.6648802887391616,0.6705658159370638,0.6762513431349658,0.681936870332868,0.6876223975307701,0.6933079247286722,0.6989934519265744,0.7046789791244765,0.7103645063223786,0.7160500335202807,0.7217355607181829,0.727421087916085,0.7331066151139871,0.7387921423118893,0.7444776695097913,0.7501631967076935,0.7558487239055957,0.7615342511034977,0.7672197783013999,0.772905305499302,0.7785908326972041,0.7842763598951062,0.017588518446785082,0.0,0.0,0.01758851844678517,0.0,0.01758851844678517,0.0,0.0,0.01758851844678517,0.03517703689357034,0.017588518446784995,0.03517703689357034,0.03517703689357034,0.08794259223392499,0.17588518446785167,0.08794259223392584,0.10553111068070999,0.24623925825499238,0.211062221361422,0.2814162951485599,0.2814162951485627,0.422124442722844,0.4924785165099799,0.6683637009778429,0.8794259223392499,1.0201340699135397,1.1784307359346062,0.9146029592328198,1.4422585126363838,1.3894929572960284,1.8116174000188547,1.8643829553592277,2.198564805848146,2.7262203592516743,2.8845170252727677,2.814162951485627,3.236287394208439,3.2011103573149007,3.7639429476120263,4.04535924276055,4.2036559087816965,4.15089035344126,5.083081831120864,4.9423736835466805,4.71372294373838,4.959962201993369,5.505206273843812,5.083081831120864,5.4348522000565636,5.241378497142031,5.2413784971419295,5.43485220005667,5.083081831120864,5.5052062738437035,4.9599622019934655,4.71372294373838,4.942373683546584,5.083081831120963,4.15089035344126,4.203655908781614,4.045359242760628,3.763942947611989,3.2011103573148696,3.2362873942085026,2.8141629514855997,2.8845170252727397,2.726220359251728,2.1985648058481244,1.864382955359246,1.8116174000188547,1.3894929572960146,1.442258512636398,0.9146029592328198,1.178430735934595,1.0201340699135497,0.8794259223392499,0.6683637009778298,0.49247851650998953,0.42212444272283994,0.2814162951485599,0.2814162951485655,0.21106222136141997,0.24623925825498996,0.10553111068071205,0.08794259223392499,0.17588518446784998,0.0879425922339267,0.03517703689356999,0.03517703689356999,0.017588518446785342,0.03517703689356999,0.017588518446784995,0.0,0.0,0.017588518446784995,0.0,0.017588518446784995,0.0,0.0,0.017588518446784995,0.5,0.07227283939788663
1.01,top_k,0.05,False,False,100,100,normal,0.4,1.2,2.0,1.0,0.1,0.24831393509393654,0.2533476563920578,0.2583813776901791,0.26341509898830034,0.26844882028642164,0.2734825415845429,0.2785162628826642,0.2835499841807854,0.2885837054789067,0.29361742677702796,0.29865114807514925,0.3036848693732705,0.3087185906713918,0.31375231196951303,0.31878603326763433,0.32381975456575557,0.32885347586387687,0.3338871971619981,0.3389209184601194,0.34395463975824064,0.34898836105636194,0.3540220823544832,0.3590558036526045,0.3640895249507257,0.369123246248847,0.37415696754696826,0.37919068884508955,0.38422441014321085,0.3892581314413321,0.39429185273945333,0.3993255740375746,0.4043592953356959,0.40939301663381716,0.4144267379319384,0.4194604592300597,0.424494180528181,0.42952790182630224,0.4345616231244235,0.4395953444225448,0.4446290657206661,0.4496627870187873,0.45469650831690855,0.45973022961502985,0.46476395091315115,0.4697976722112724,0.47483139350939363,0.4798651148075149,0.4848988361056362,0.4899325574037575,0.49496627870187876,0.5,0.5050337212981213,0.5100674425962426,0.5151011638943638,0.5201348851924851,0.5251686064906064,0.5302023277887277,0.5352360490868489,0.5402697703849701,0.5453034916830914,0.5503372129812127,0.5553709342793339,0.5604046555774552,0.5654383768755765,0.5704720981736978,0.5755058194718191,0.5805395407699403,0.5855732620680616,0.5906069833661829,0.5956407046643042,0.6006744259624254,0.6057081472605467,0.610741868558668,0.6157755898567893,0.6208093111549104,0.6258430324530317,0.630876753751153,0.6359104750492743,0.6409441963473955,0.6459779176455168,0.6510116389436381,0.6560453602417594,0.6610790815398806,0.6661128028380019,0.6711465241361232,0.6761802454342445,0.6812139667323657,0.686247688030487,0.6912814093286083,0.6963151306267296,0.7013488519248507,0.706382573222972,0.7114162945210933,0.7164500158192146,0.7214837371173358,0.7265174584154571,0.7315511797135784,0.7365849010116997,0.741618622309821,0.7466523436079422,0.7516860649060635,0.059598055242345,0.03973203682822979,0.059598055242345335,0.09933009207057447,0.1390621288988058,0.11919611048468937,0.09933009207057557,0.15892814731291915,0.25825823938349646,0.3178562946258383,0.536382497181108,0.45691842352464257,0.39732036828230227,0.5959805524234468,0.6953106444940289,0.9337028654634,1.0330329575339858,1.3111572153315831,1.3310232337457126,1.3906212889880425,1.4700853626445183,1.5098173994727317,1.7482096204421298,1.6290135099574212,2.0461998966538566,2.423654246522017,2.284592117623213,2.9004386884608064,2.4633862833502738,3.2182949830866128,3.138830909430153,3.2381610015007634,3.5162852592983747,3.138830909430153,3.397089148813647,3.794409517095987,3.1388309094301876,3.6156153513689104,3.595749332954796,3.3374910935713387,3.695079425025411,3.675213406611255,2.9004386884607745,3.7745434986818713,3.0196347989454972,3.238161001500728,3.436821185641876,3.5560172961265657,3.4964192408842596,2.9004386884608064,2.9004386884607745,3.496419240884221,3.5560172961266443,3.436821185641876,3.238161001500728,3.0196347989454635,3.7745434986819126,2.9004386884607745,3.675213406611255,3.6950794250253702,3.3374910935713755,3.595749332954796,3.6156153513689104,3.138830909430153,3.7944095170959447,3.397089148813722,3.138830909430153,3.5162852592983365,3.238161001500728,3.1388309094302227,3.2182949830866128,2.463386283350247,2.9004386884607745,2.284592117623263,2.423654246522017,2.046199896653834,1.6290135099574212,1.7482096204421491,1.5098173994727317,1.470085362644502,1.3906212889880425,1.331023233745727,1.3111572153315831,1.0330329575339745,0.9337028654634,0.6953106444940366,0.5959805524234468,0.3973203682822979,0.45691842352464257,0.536382497181114,0.3178562946258383,0.2582582393834936,0.15892814731291915,0.09933009207057665,0.11919611048468937,0.13906212889880426,0.09933009207057447,0.05959805524234468,0.03973203682823066,0.05959805524234468,0.5,0.09383194419325722
1.01,top_k,0.05,False,False,100,100,normal,0.4,1.2,2.0,1.0,0.2,0.23925150788287658,0.24446647772521904,0.24968144756756153,0.254896417409904,0.2601113872522465,0.2653263570945889,0.2705413269369314,0.2757562967792739,0.2809712666216163,0.2861862364639588,0.2914012063063013,0.2966161761486438,0.3018311459909862,0.3070461158333287,0.3122610856756711,0.3174760555180136,0.3226910253603561,0.3279059952026986,0.3331209650450411,0.3383359348873835,0.343550904729726,0.3487658745720684,0.3539808444144109,0.3591958142567534,0.3644107840990959,0.3696257539414383,0.3748407237837808,0.38005569362612324,0.3852706634684657,0.3904856333108082,0.3957006031531507,0.4009155729954932,0.4061305428378356,0.41134551268017805,0.41656048252252054,0.421775452364863,0.4269904222072055,0.432205392049548,0.43742036189189043,0.4426353317342329,0.44785030157657535,0.45306527141891784,0.4582802412612603,0.4634952111036028,0.46871018094594524,0.47392515078828773,0.47914012063063016,0.48435509047297265,0.48957006031531514,0.4947850301576576,0.5,0.5052149698423425,0.510429939684685,0.5156449095270275,0.52085987936937,0.5260748492117124,0.5312898190540549,0.5365047888963974,0.5417197587387399,0.5469347285810824,0.5521496984234248,0.5573646682657672,0.5625796381081097,0.5677946079504521,0.5730095777927946,0.5782245476351371,0.5834395174774796,0.5886544873198221,0.5938694571621645,0.599084427004507,0.6042993968468495,0.609514366689192,0.6147293365315345,0.6199443063738769,0.6251592762162194,0.6303742460585618,0.6355892159009042,0.6408041857432467,0.6460191555855892,0.6512341254279317,0.6564490952702742,0.6616640651126167,0.6668790349549591,0.6720940047973016,0.6773089746396441,0.6825239444819865,0.687738914324329,0.6929538841666715,0.6981688540090139,0.7033838238513563,0.7085987936936988,0.7138137635360413,0.7190287333783838,0.7242437032207263,0.7294586730630688,0.7346736429054113,0.7398886127477537,0.7451035825900962,0.7503185524324387,0.7555335222747812,0.7607484921171235,0.019175566306838317,0.019175566306838216,0.0,0.0,0.0,0.019175566306838216,0.03835113261367643,0.0,0.07670226522735286,0.07670226522735286,0.09587783153419108,0.1917556630683842,0.07670226522735286,0.28763349460257626,0.2301067956820586,0.21093122937522038,0.42186245875044076,0.30680906090941146,0.5177402902846373,0.4985647239777936,0.72867151965986,0.6327936881256611,1.0546561468761018,0.882076050114558,1.4381674730128815,1.3614652077855134,1.3614652077855278,1.7449765339222776,2.0901367274453655,2.492823619888968,2.0901367274453655,3.144792874321501,2.3585946557411255,2.7996326807983793,3.4324263689240406,3.1447928743214675,3.5091286341513936,3.911815526595038,4.62131147994801,3.681708730912977,4.640487046254848,3.7584109961402903,4.659662612561687,4.640487046254898,4.372029117959113,4.85141827563012,4.851418275630069,4.7171893114822,4.928120540857421,4.889769408243849,4.889769408243745,4.928120540857421,4.7171893114822,4.851418275630069,4.851418275630069,4.372029117959113,4.640487046254848,4.659662612561687,3.7584109961402903,4.640487046254947,3.6817087309129377,4.62131147994801,3.9118155265950794,3.5091286341513936,3.1447928743214675,3.4324263689240406,2.7996326807983793,2.3585946557411,3.1447928743214675,2.0901367274453655,2.492823619888968,2.0901367274453655,1.7449765339223147,1.3614652077855134,1.3614652077855134,1.4381674730128966,0.882076050114558,1.0546561468761018,0.6327936881256611,0.7286715196598522,0.4985647239777936,0.5177402902846319,0.30680906090941146,0.42186245875044076,0.21093122937522485,0.2301067956820586,0.2876334946025732,0.0767022652273545,0.19175566306838215,0.09587783153419108,0.07670226522735286,0.07670226522735286,0.0,0.03835113261367643,0.019175566306838216,0.0,0.0,0.0,0.019175566306838216,0.019175566306839035,0.5,0.07581693743134077
1.01,top_k,0.05,False,False,100,100,normal,0.4,1.2,2.0,1.0,0.3,0.245625757190953,0.25071324204713397,0.2558007269033149,0.26088821175949584,0.26597569661567677,0.2710631814718577,0.27615066632803864,0.2812381511842196,0.2863256360404005,0.29141312089658145,0.2965006057527624,0.3015880906089433,0.30667557546512425,0.3117630603213052,0.3168505451774861,0.3219380300336671,0.32702551488984805,0.332112999746029,0.3372004846022099,0.34228796945839085,0.3473754543145718,0.3524629391707527,0.35755042402693366,0.3626379088831146,0.3677253937392956,0.3728128785954765,0.37790036345165745,0.3829878483078384,0.3880753331640193,0.39316281802020026,0.3982503028763812,0.4033377877325621,0.40842527258874306,0.413512757444924,0.41860024230110493,0.42368772715728586,0.4287752120134668,0.43386269686964773,0.43895018172582867,0.4440376665820096,0.44912515143819054,0.4542126362943715,0.45930012115055247,0.4643876060067334,0.46947509086291433,0.47456257571909527,0.4796500605752762,0.48473754543145714,0.48982503028763813,0.49491251514381907,0.5,0.5050874848561809,0.5101749697123619,0.5152624545685428,0.5203499394247237,0.5254374242809047,0.5305249091370856,0.5356123939932665,0.5406998788494475,0.5457873637056284,0.5508748485618093,0.5559623334179903,0.5610498182741712,0.5661373031303522,0.5712247879865331,0.576312272842714,0.581399757698895,0.5864872425550759,0.5915747274112568,0.5966622122674378,0.6017496971236187,0.6068371819797997,0.6119246668359807,0.6170121516921616,0.6220996365483425,0.6271871214045235,0.6322746062607044,0.6373620911168854,0.6424495759730663,0.6475370608292472,0.6526245456854282,0.6577120305416091,0.66279951539779,0.667887000253971,0.6729744851101519,0.6780619699663328,0.6831494548225138,0.6882369396786947,0.6933244245348756,0.6984119093910566,0.7034993942472375,0.7085868791034184,0.7136743639595994,0.7187618488157803,0.7238493336719612,0.7289368185281422,0.7340243033843232,0.7391117882405042,0.7441992730966851,0.749286757952866,0.754374242809047,0.01965607816571808,0.0,0.019656078165718186,0.019656078165718186,0.019656078165718186,0.019656078165718186,0.0,0.05896823449715456,0.05896823449715456,0.03931215633143637,0.05896823449715456,0.17690470349146367,0.07862431266287274,0.1572486253257455,0.11793646899430782,0.19656078165718185,0.19656078165718185,0.3931215633143637,0.19656078165718185,0.4520897978115183,0.5503701886401092,0.4324337196458001,0.6683066576344183,0.7076188139658469,0.8845235174573183,1.1990207681088094,1.3562693934345549,1.4545497842631456,1.7690470349146366,1.710078800417482,1.8673274257432277,2.1818246763947187,2.8108191776977005,2.7125387868691098,2.92875564669201,3.2825650536749373,3.8329352423150462,3.557750147994992,3.7543109296521733,4.22605680562941,4.953331697760983,4.383305430955107,5.248172870246755,5.366109339241065,5.4250775737382195,5.85751129338402,6.014759918709765,5.444733651903878,5.503701886401092,5.916479527881174,5.916479527881174,5.503701886401092,5.444733651903937,6.014759918709765,5.85751129338402,5.4250775737382195,5.366109339241065,5.248172870246755,4.383305430955155,4.953331697760983,4.22605680562941,3.7543109296521733,3.557750147994992,3.8329352423150462,3.2825650536749373,2.92875564669201,2.7125387868691098,2.8108191776977005,2.1818246763947187,1.8673274257432277,1.710078800417445,1.7690470349146366,1.4545497842631456,1.3562693934345549,1.1990207681088094,0.8845235174573183,0.7076188139658547,0.6683066576344183,0.4324337196458001,0.5503701886401092,0.4520897978115183,0.19656078165718185,0.3931215633143637,0.19656078165718185,0.19656078165718185,0.11793646899430912,0.1572486253257455,0.07862431266287274,0.17690470349146367,0.05896823449715456,0.03931215633143637,0.05896823449715456,0.05896823449715456,0.0,0.019656078165718186,0.019656078165717756,0.019656078165718186,0.019656078165718186,0.0,0.019656078165718186,0.5,0.06750066735521736
1.01,top_k,0.05,False,False,100,100,normal,0.4,1.2,2.0,1.0,0.4,0.24587302451300608,0.25095556402274594,0.25603810353248585,0.2611206430422257,0.26620318255196557,0.2712857220617055,0.27636826157144534,0.28145080108118525,0.2865333405909251,0.29161588010066497,0.2966984196104049,0.30178095912014474,0.3068634986298846,0.3119460381396245,0.3170285776493644,0.32211111715910423,0.32719365666884415,0.332276196178584,0.33735873568832386,0.3424412751980638,0.34752381470780364,0.3526063542175435,0.3576888937272834,0.36277143323702327,0.3678539727467631,0.37293651225650304,0.37801905176624295,0.38310159127598276,0.38818413078572267,0.3932666702954626,0.39834920980520244,0.4034317493149423,0.4085142888246822,0.4135968283344221,0.41867936784416193,0.42376190735390185,0.4288444468636417,0.43392698637338156,0.4390095258831215,0.44409206539286133,0.4491746049026012,0.4542571444123411,0.45933968392208097,0.4644222234318208,0.46950476294156074,0.4745873024513006,0.47966984196104046,0.48475238147078037,0.4898349209805202,0.4949174604902601,0.5,0.5050825395097398,0.5101650790194798,0.5152476185292196,0.5203301580389594,0.5254126975486995,0.5304952370584393,0.5355777765681791,0.5406603160779191,0.5457428555876589,0.5508253950973988,0.5559079346071387,0.5609904741168785,0.5660730136266184,0.5711555531363584,0.5762380926460982,0.5813206321558381,0.586403171665578,0.5914857111753178,0.5965682506850577,0.6016507901947976,0.6067333297045374,0.6118158692142773,0.6168984087240172,0.621980948233757,0.627063487743497,0.6321460272532369,0.6372285667629767,0.6423111062727166,0.6473936457824565,0.6524761852921963,0.6575587248019362,0.6626412643116761,0.6677238038214159,0.6728063433311559,0.6778888828408958,0.6829714223506356,0.6880539618603755,0.6931365013701154,0.6982190408798552,0.7033015803895951,0.708384119899335,0.7134666594090748,0.7185491989188147,0.7236317384285547,0.7287142779382945,0.7337968174480344,0.7388793569577743,0.7439618964675141,0.749044435977254,0.7541269754869939,0.019675203667057835,0.019675203667057623,0.0,0.0,0.019675203667057623,0.0,0.0,0.019675203667057835,0.03935040733411567,0.019675203667057623,0.019675203667057835,0.03935040733411567,0.09837601833528811,0.13772642566940485,0.05902561100117351,0.039350407334115246,0.13772642566940485,0.15740162933646268,0.2557776476717491,0.35415366600704107,0.3344784623399832,0.5902561100117286,0.6886321283470243,0.6886321283470243,0.82635855401642,1.0231105906869964,1.3379138493599474,1.3182386456928608,1.6330419043657827,1.8297939410363786,1.947845163038726,2.439725254715145,2.4397252547151718,2.774203717055155,2.7348533097210095,3.266083808731601,3.679263085739815,4.1908183810832735,4.053091955413914,4.5449720470903605,4.741724083760887,4.584322454424476,4.918800916764459,5.115552953434982,5.115552953435038,6.197689155123219,5.528732230443191,6.45346680279497,5.784509878115004,6.158338747789036,6.15833874778917,5.7845098781148145,6.453466802795041,5.528732230443312,6.197689155123015,5.115552953435094,5.115552953435094,4.918800916764298,4.584322454424526,4.741724083760887,4.544972047090311,4.053091955413958,4.1908183810832735,3.679263085739775,3.2660838087316364,2.7348533097210095,2.7742037170551246,2.4397252547151984,2.439725254715145,1.9478451630387044,1.8297939410363986,1.6330419043657827,1.3182386456928608,1.3379138493599474,1.0231105906869964,0.82635855401642,0.6886321283470318,0.6886321283470167,0.5902561100117286,0.33447846233998685,0.3541536660070372,0.2557776476717491,0.1574016293364644,0.13772642566940335,0.039350407334115246,0.05902561100117415,0.13772642566940335,0.09837601833528811,0.0393504073341161,0.019675203667057623,0.019675203667057623,0.0393504073341161,0.019675203667057623,0.0,0.0,0.019675203667057623,0.0,0.0,0.019675203667057623,0.019675203667057623,0.5,0.0648105459537885
1.01,top_k,0.05,False,False,100,100,normal,0.4,1.2,2.0,1.25,0.1,0.2603062305145125,0.2651001059042223,0.269893981293932,0.27468785668364176,0.27948173207335153,0.28427560746306124,0.289069482852771,0.2938633582424808,0.29865723363219054,0.30345110902190026,0.30824498441161,0.31303885980131974,0.3178327351910295,0.32262661058073927,0.32742048597044904,0.33221436136015875,0.3370082367498685,0.3418021121395783,0.346595987529288,0.35138986291899776,0.35618373830870753,0.3609776136984173,0.365771489088127,0.3705653644778368,0.3753592398675465,0.38015311525725626,0.384946990646966,0.3897408660366758,0.3945347414263855,0.39932861681609527,0.404122492205805,0.40891636759551475,0.4137102429852245,0.4185041183749343,0.42329799376464405,0.42809186915435377,0.43288574454406353,0.43767961993377325,0.442473495323483,0.4472673707131928,0.45206124610290255,0.45685512149261226,0.461648996882322,0.46644287227203174,0.4712367476617415,0.4760306230514513,0.48082449844116104,0.4856183738308708,0.4904122492205805,0.49520612461029023,0.5,0.5047938753897098,0.5095877507794195,0.5143816261691292,0.5191755015588391,0.5239693769485487,0.5287632523382585,0.5335571277279683,0.538351003117678,0.5431448785073878,0.5479387538970975,0.5527326292868073,0.557526504676517,0.5623203800662268,0.5671142554559365,0.5719081308456463,0.5767020062353561,0.5814958816250657,0.5862897570147756,0.5910836324044852,0.595877507794195,0.6006713831839048,0.6054652585736146,0.6102591339633243,0.615053009353034,0.6198468847427439,0.6246407601324535,0.6294346355221633,0.634228510911873,0.6390223863015827,0.6438162616912926,0.6486101370810022,0.653404012470712,0.6581978878604218,0.6629917632501315,0.6677856386398413,0.672579514029551,0.6773733894192608,0.6821672648089705,0.6869611401986803,0.69175501558839,0.6965488909780998,0.7013427663678096,0.7061366417575192,0.7109305171472291,0.7157243925369388,0.7205182679266485,0.7253121433163583,0.730106018706068,0.7348998940957778,0.7396937694854875,0.04171989960967852,0.020859949804839503,0.02085994980483926,0.04171989960967852,0.020859949804839503,0.02085994980483926,0.0,0.04171989960967852,0.041719899609679006,0.08343979921935704,0.1460196486338765,0.22945944785323186,0.35461914668226746,0.41719899609678524,0.41719899609679006,0.41719899609678524,0.6466584439500171,0.584078594535506,0.7300982431693741,1.1472972392661593,1.1055773396564808,1.3141768377048888,1.7313758338016585,1.7939556832161971,1.9608352816548904,1.9399753318500512,2.2528745789226403,2.544913876190419,3.128992470725889,2.6492136252146166,3.2541521695549247,3.587911366432353,3.1498524205307286,3.5461914668226746,3.692211115456592,3.963390462919459,3.9425305131146664,3.8590907138952635,4.005110362529138,4.005110362529138,4.046830262138863,3.921670563309781,4.839508354722764,4.171989960967852,4.213709860577531,4.568329007259798,3.8173708142855847,4.025970312334024,3.817370814285629,4.025970312333977,4.025970312333977,3.8173708142855847,4.025970312334071,3.8173708142854963,4.568329007259904,4.213709860577531,4.171989960967852,4.8395083547227085,3.921670563309781,4.0468302621389105,4.005110362529045,4.005110362529231,3.8590907138952635,3.94253051311462,3.963390462919459,3.692211115456549,3.5461914668227568,3.1498524205306557,3.587911366432436,3.2541521695549247,2.649213625214586,3.128992470725889,2.54491387619039,2.2528745789226923,1.9399753318500064,1.960835281654936,1.7939556832161765,1.7313758338016585,1.314176837704904,1.1055773396564552,1.147297239266186,0.7300982431693741,0.5840785945354993,0.6466584439500171,0.41719899609678524,0.4171989960967949,0.4171989960967756,0.3546191466822756,0.22945944785323186,0.14601964863387482,0.08343979921935704,0.04171989960967852,0.041719899609679485,0.0,0.020859949804839743,0.02085994980483926,0.04171989960967852,0.020859949804839743,0.020859949804838778,0.041719899609679485,0.5,0.07907290512221979
1.01,top_k,0.05,False,False,100,100,normal,0.4,1.2,2.0,1.25,0.2,0.29136322138045706,0.2955359569528479,0.2997086925252388,0.30388142809762964,0.3080541636700205,0.31222689924241137,0.3163996348148022,0.32057237038719305,0.32474510595958395,0.3289178415319748,0.3330905771043656,0.3372633126767565,0.34143604824914736,0.3456087838215382,0.3497815193939291,0.35395425496631994,0.3581269905387108,0.3622997261111016,0.3664724616834925,0.37064519725588335,0.37481793282827425,0.3789906684006651,0.3831634039730559,0.38733613954544677,0.39150887511783766,0.3956816106902285,0.3998543462626194,0.40402708183501024,0.4081998174074011,0.4123725529797919,0.4165452885521828,0.42071802412457365,0.42489075969696455,0.4290634952693554,0.43323623084174623,0.43740896641413707,0.44158170198652796,0.4457544375589188,0.4499271731313097,0.45409990870370054,0.4582726442760914,0.4624453798484822,0.4666181154208731,0.47079085099326395,0.47496358656565485,0.4791363221380457,0.48330905771043653,0.48748179328282737,0.49165452885521826,0.4958272644276091,0.5,0.5041727355723908,0.5083454711447817,0.5125182067171725,0.5166909422895634,0.5208636778619542,0.5250364134343452,0.529209149006736,0.5333818845791268,0.5375546201515177,0.5417273557239086,0.5459000912962995,0.5500728268686903,0.5542455624410811,0.558418298013472,0.5625910335858628,0.5667637691582537,0.5709365047306445,0.5751092403030353,0.5792819758754263,0.5834547114478171,0.587627447020208,0.5918001825925989,0.5959729181649898,0.6001456537373806,0.6043183893097714,0.6084911248821623,0.6126638604545531,0.616836596026944,0.6210093315993348,0.6251820671717256,0.6293548027441166,0.6335275383165074,0.6377002738888983,0.6418730094612892,0.6460457450336801,0.6502184806060709,0.6543912161784617,0.6585639517508526,0.6627366873232434,0.6669094228956343,0.6710821584680251,0.6752548940404159,0.6794276296128069,0.6836003651851977,0.6877731007575886,0.6919458363299795,0.6961185719023704,0.7002913074747612,0.704464043047152,0.7086367786195429,0.023965093945002437,0.047930187890004236,0.023965093945002437,0.023965093945002437,0.07189528183500636,0.09586037578000975,0.047930187890004874,0.07189528183500636,0.11982546972501218,0.1917207515600195,0.14379056367001272,0.14379056367001464,0.16775565761501707,0.3834415031200339,0.2636160333950268,0.383441503120039,0.5991273486250609,0.407406597065036,0.7429179122950756,0.6710226304600594,0.7908481001850804,1.0304990396351048,1.150324509360117,1.1742896033051038,1.6056612943151634,2.0849631732151845,1.9411726095451973,2.3246141126652367,2.3246141126652367,2.5402999581702246,2.3725443005552416,3.115462212850275,3.0435669310153095,3.4030433401903464,3.8823452190903947,4.07406597065036,4.697158413220478,4.721123507165418,4.601298037440468,5.128530104230522,5.464041419460556,5.559901795240491,5.464041419460556,5.871448016525519,5.871448016525598,5.967308392305608,5.967308392305608,6.710226304600593,5.847482922580595,6.470575365150572,6.470575365150658,5.847482922580595,6.710226304600683,5.967308392305608,5.967308392305608,5.8714480165254415,5.871448016525598,5.464041419460556,5.559901795240566,5.46404141946041,5.128530104230522,4.601298037440468,4.721123507165481,4.697158413220478,4.074065970650414,3.8823452190903947,3.4030433401903464,3.0435669310153095,3.1154622128502343,2.3725443005552416,2.5402999581702583,2.3246141126651745,2.3246141126652367,1.9411726095451973,2.084963173215212,1.6056612943151634,1.1742896033051196,1.150324509360117,1.0304990396351048,0.7908481001850804,0.6710226304600504,0.7429179122950756,0.40740659706504145,0.599127348625045,0.383441503120039,0.2636160333950268,0.383441503120039,0.16775565761501707,0.14379056367001464,0.14379056367001464,0.1917207515600195,0.11982546972501218,0.0718952818350054,0.047930187890004874,0.09586037578000975,0.0718952818350054,0.023965093945002437,0.023965093945002437,0.047930187890004874,0.023965093945002437,0.5,0.061369589909864554
1.01,top_k,0.05,False,False,100,100,normal,0.4,1.2,2.0,1.25,0.3,0.25858322361245656,0.2634115591402074,0.2682398946679583,0.27306823019570914,0.27789656572346005,0.2827249012512109,0.2875532367789618,0.29238157230671263,0.2972099078344635,0.30203824336221435,0.30686657888996527,0.31169491441771613,0.316523249945467,0.32135158547321785,0.3261799210009687,0.33100825652871957,0.33583659205647043,0.34066492758422134,0.3454932631119722,0.35032159863972306,0.3551499341674739,0.3599782696952248,0.3648066052229757,0.36963494075072656,0.3744632762784774,0.3792916118062283,0.38411994733397914,0.38894828286173,0.39377661838948086,0.3986049539172317,0.4034332894449826,0.4082616249727335,0.41308996050048435,0.4179182960282352,0.42274663155598613,0.427574967083737,0.43240330261148785,0.4372316381392387,0.44205997366698957,0.44688830919474043,0.4517166447224913,0.45654498025024215,0.461373315777993,0.46620165130574387,0.4710299868334948,0.47585832236124564,0.4806866578889965,0.4855149934167474,0.4903433289444983,0.49517166447224914,0.5,0.5048283355277509,0.5096566710555017,0.5144850065832526,0.5193133421110034,0.5241416776387544,0.5289700131665052,0.5337983486942561,0.5386266842220069,0.5434550197497579,0.5482833552775086,0.5531116908052596,0.5579400263330104,0.5627683618607613,0.5675966973885122,0.572425032916263,0.5772533684440139,0.5820817039717647,0.5869100394995157,0.5917383750272664,0.5965667105550174,0.6013950460827682,0.6062233816105191,0.6110517171382699,0.6158800526660209,0.6207083881937717,0.6255367237215226,0.6303650592492734,0.6351933947770243,0.6400217303047752,0.644850065832526,0.649678401360277,0.6545067368880277,0.6593350724157787,0.6641634079435295,0.6689917434712804,0.6738200789990312,0.6786484145267822,0.683476750054533,0.6883050855822839,0.6931334211100347,0.6979617566377856,0.7027900921655365,0.7076184276932873,0.7124467632210383,0.717275098748789,0.72210343427654,0.7269317698042908,0.7317601053320417,0.7365884408597925,0.7414167763875434,0.020711071015104474,0.0,0.0,0.0,0.0,0.04142214203020895,0.0,0.0,0.0,0.020711071015104235,0.10355535507552238,0.10355535507552238,0.020711071015104474,0.062133213045313426,0.14497749710573132,0.18639963913594026,0.20711071015104235,0.2485328521812537,0.26924392319635815,0.2485328521812537,0.43493249131719397,0.4970657043625017,0.5177767753776118,0.9112871246645969,0.9319981956797013,1.221953189891164,0.9734203377099102,1.221953189891164,1.4290639000422087,1.8018631783140893,2.091818172525528,2.4231953087672236,2.7752835160239995,2.9202610131296973,3.3551935044469245,3.583015285613074,3.4794599305375518,4.411458126217252,4.577146694338089,4.432169197232358,4.929234901594865,5.591989174078208,5.094923469715701,5.364167392911997,5.6334113161084165,6.213321304531342,6.151188091485959,6.461854156712596,6.006210594380298,6.441143085697491,6.441143085697491,6.006210594380298,6.461854156712596,6.151188091486029,6.2133213045312,5.633411316108546,5.364167392911935,5.094923469715818,5.59198917407808,4.929234901594978,4.432169197232255,4.577146694338089,4.411458126217252,3.4794599305375518,3.583015285613074,3.3551935044469245,2.9202610131297306,2.7752835160239355,2.423195308767279,2.091818172525504,1.8018631783141308,1.4290639000421759,1.221953189891192,0.9734203377098878,1.221953189891164,0.9319981956797013,0.9112871246645969,0.5177767753776118,0.4970657043625074,0.43493249131719397,0.24853285218124796,0.26924392319636437,0.24853285218124796,0.20711071015104948,0.186399639135936,0.14497749710573465,0.06213321304531199,0.020711071015104474,0.10355535507552238,0.10355535507552238,0.020711071015104474,0.0,0.0,0.0,0.041422142030209906,0.0,0.0,0.0,0.0,0.020711071015103995,0.5,0.06141439520101477
1.01,top_k,0.05,False,False,100,100,normal,0.4,1.2,2.0,1.25,0.4,0.21644772683530733,0.2221187722986012,0.22778981776189502,0.23346086322518889,0.23913190868848275,0.2448029541517766,0.25047399961507044,0.25614504507836433,0.26181609054165816,0.267487136004952,0.2731581814682459,0.2788292269315397,0.28450027239483355,0.29017131785812744,0.2958423633214213,0.3015134087847151,0.307184454248009,0.31285549971130283,0.31852654517459666,0.32419759063789055,0.3298686361011844,0.3355396815644782,0.3412107270277721,0.346881772491066,0.3525528179543598,0.35822386341765367,0.36389490888094755,0.36956595434424133,0.3752369998075352,0.3809080452708291,0.38657909073412294,0.3922501361974168,0.39792118166071067,0.4035922271240045,0.40926327258729833,0.4149343180505922,0.42060536351388605,0.4262764089771799,0.4319474544404738,0.4376184999037676,0.44328954536706144,0.44896059083035533,0.45463163629364917,0.460302681756943,0.4659737272202369,0.4716447726835307,0.4773158181468246,0.48298686361011844,0.4886579090734123,0.49432895453670617,0.5,0.5056710454632938,0.5113420909265878,0.5170131363898816,0.5226841818531753,0.5283552273164693,0.5340262727797631,0.5396973182430569,0.5453683637063509,0.5510394091696447,0.5567104546329386,0.5623815000962324,0.5680525455595262,0.5737235910228201,0.579394636486114,0.5850656819494078,0.5907367274127017,0.5964077728759956,0.6020788183392893,0.6077498638025832,0.6134209092658771,0.6190919547291709,0.6247630001924648,0.6304340456557587,0.6361050911190524,0.6417761365823463,0.6474471820456402,0.653118227508934,0.6587892729722279,0.6644603184355218,0.6701313638988156,0.6758024093621094,0.6814734548254033,0.6871445002886971,0.692815545751991,0.6984865912152849,0.7041576366785787,0.7098286821418726,0.7154997276051664,0.7211707730684602,0.7268418185317541,0.732512863995048,0.7381839094583419,0.7438549549216357,0.7495260003849296,0.7551970458482234,0.7608680913115172,0.7665391367748111,0.772210182238105,0.7778812277013988,0.7835522731646927,0.017633432961744928,0.0,0.0,0.0,0.0,0.0,0.0,0.0,0.0,0.0,0.0,0.03526686592349002,0.0,0.03526686592349002,0.01763343296174501,0.017633432961744838,0.03526686592349002,0.07053373184698004,0.0881671648087242,0.1410674636939601,0.21160119554094017,0.1763343296174484,0.24686806146442777,0.3350352262731585,0.3703020921966417,0.45846925700536584,0.7053373184698074,0.6524370195845591,1.005105678819456,1.1285397095516807,1.216706874360406,1.7280764302509943,1.340140905092621,1.8691438939449712,2.2923462850268295,2.574481212414772,3.2445516649610826,3.738287787889906,3.6148537571577277,3.932255550469138,4.813927198556342,4.478891972283233,4.672859734862429,5.325296754446941,5.501631084064444,5.625065114796604,6.206968402534245,6.559637061769144,7.159173782468406,6.524370195845655,6.524370195845719,7.159173782468265,6.55963706176921,6.206968402534305,5.625065114796494,5.501631084064497,5.325296754447046,4.672859734862291,4.478891972283277,4.813927198556342,3.9322555504690992,3.6148537571577632,3.738287787889906,3.2445516649610506,2.5744812124147973,2.2923462850268295,1.869143893944953,1.340140905092634,1.7280764302509943,1.2167068743603942,1.1285397095516918,1.005105678819456,0.6524370195845591,0.7053373184698074,0.45846925700536584,0.3703020921966417,0.3350352262731585,0.24686806146442777,0.1763343296174484,0.21160119554094223,0.1410674636939587,0.0881671648087242,0.07053373184698074,0.035266865923489675,0.017633432961744838,0.017633432961745184,0.035266865923489675,0.0,0.03526686592349037,0.0,0.0,0.0,0.0,0.0,0.0,0.0,0.0,0.0,0.0,0.017633432961744838,0.5,0.061206026152377815
1.01,top_k,0.05,False,False,100,100,normal,0.4,1.2,2.0,1.5,0.1,0.2851439040551175,0.28944102597401516,0.2937381478929128,0.2980352698118105,0.30233239173070814,0.3066295136496058,0.3109266355685034,0.31522375748740106,0.3195208794062987,0.32381800132519634,0.32811512324409403,0.33241224516299167,0.3367093670818893,0.34100648900078695,0.3453036109196846,0.3496007328385823,0.3538978547574799,0.35819497667637756,0.3624920985952752,0.36678922051417284,0.3710863424330705,0.3753834643519681,0.3796805862708658,0.38397770818976346,0.3882748301086611,0.39257195202755873,0.39686907394645643,0.40116619586535407,0.4054633177842517,0.40976043970314935,0.414057561622047,0.4183546835409446,0.42265180545984227,0.4269489273787399,0.4312460492976376,0.43554317121653524,0.4398402931354329,0.4441374150543306,0.4484345369732282,0.45273165889212585,0.4570287808110235,0.46132590272992113,0.4656230246488188,0.4699201465677164,0.47421726848661405,0.4785143904055117,0.4828115123244094,0.487108634243307,0.49140575616220467,0.49570287808110236,0.5,0.5042971219188976,0.5085942438377953,0.5128913657566929,0.5171884876755906,0.5214856095944882,0.5257827315133858,0.5300798534322835,0.5343769753511811,0.5386740972700788,0.5429712191889764,0.547268341107874,0.5515654630267718,0.5558625849456694,0.5601597068645671,0.5644568287834647,0.5687539507023623,0.5730510726212601,0.5773481945401577,0.5816453164590554,0.585942438377953,0.5902395602968507,0.5945366822157483,0.5988338041346459,0.6031309260535436,0.6074280479724412,0.6117251698913388,0.6160222918102365,0.6203194137291341,0.6246165356480318,0.6289136575669294,0.633210779485827,0.6375079014047247,0.6418050233236223,0.64610214524252,0.6503992671614177,0.6546963890803154,0.658993510999213,0.6632906329181106,0.6675877548370083,0.6718848767559059,0.6761819986748037,0.6804791205937013,0.6847762425125989,0.6890733644314966,0.6933704863503942,0.6976676082692919,0.7019647301881895,0.7062618521070871,0.7105589740259848,0.7148560959448824,0.04654277997569753,0.0,0.0,0.023271389987848765,0.0698141699635463,0.0698141699635463,0.04654277997569753,0.16289972991494134,0.2094425098906389,0.27925667985418157,0.4654277997569753,0.39561362979342896,0.34907084981773145,0.3257994598298827,0.6283275296719085,0.7912272595868579,0.9308555995139506,1.1402981094045896,1.186840889380287,1.5126403492101697,1.6289972991494137,1.5359117391979986,1.7918970290643548,2.25732482882133,2.3969531687484227,2.1409678788820585,2.8391095785175495,3.0252806984203393,3.0252806984203393,3.2579945982988274,3.4441657182016168,3.4441657182016168,3.4441657182016168,4.09576463786133,4.2586643677763245,4.025950467897837,4.537921047630451,4.863720507460392,4.375021317715568,5.189519967290274,4.607735217594056,4.3517499277277185,3.7234223980558023,4.840449117472543,4.188850197812777,3.7466937880436024,4.32847853773987,4.32847853773987,4.002679077909936,4.025950467897837,4.025950467897837,4.0026790779099874,4.32847853773987,4.32847853773987,3.7466937880436513,4.188850197812777,4.840449117472543,3.7234223980558023,4.3517499277277185,4.607735217594056,5.189519967290274,4.375021317715454,4.863720507460392,4.537921047630509,4.025950467897837,4.2586643677763245,4.0957646378612775,3.4441657182016168,3.4441657182016168,3.4441657182016168,3.2579945982988274,3.0252806984203393,3.0252806984203393,2.8391095785175495,2.1409678788820865,2.3969531687484227,2.25732482882133,1.7918970290643548,1.5359117391980184,1.6289972991494137,1.5126403492101697,1.186840889380287,1.1402981094045896,0.9308555995139506,0.7912272595868376,0.6283275296719166,0.3257994598298827,0.34907084981773145,0.39561362979342896,0.4654277997569753,0.27925667985417796,0.2094425098906389,0.16289972991494134,0.04654277997569753,0.0698141699635463,0.0698141699635463,0.023271389987848765,0.0,0.0,0.04654277997569753,0.5,0.07499341183323226
1.01,top_k,0.05,False,False,100,100,normal,0.4,1.2,2.0,1.5,0.2,0.2954446127171251,0.2995357204627826,0.30362682820844006,0.3077179359540976,0.3118090436997551,0.31590015144541256,0.3199912591910701,0.32408236693672754,0.32817347468238506,0.3322645824280426,0.33635569017370004,0.34044679791935756,0.3445379056650151,0.34862901341067254,0.35272012115633006,0.3568112289019876,0.36090233664764504,0.36499344439330256,0.3690845521389601,0.37317565988461754,0.37726676763027506,0.3813578753759326,0.38544898312159004,0.38954009086724756,0.3936311986129051,0.39772230635856254,0.40181341410422006,0.4059045218498775,0.40999562959553504,0.4140867373411925,0.41817784508685,0.42226895283250754,0.426360060578165,0.4304511683238225,0.43454227606948004,0.4386333838151375,0.442724491560795,0.44681559930645254,0.45090670705211,0.4549978147977675,0.45908892254342504,0.4631800302890825,0.46727113803474,0.47136224578039754,0.475453353526055,0.4795444612717125,0.48363556901737004,0.4877266767630275,0.491817784508685,0.49590889225434254,0.5,0.5040911077456575,0.508182215491315,0.5122733232369725,0.51636443098263,0.5204555387282874,0.524546646473945,0.5286377542196025,0.5327288619652599,0.5368199697109175,0.540911077456575,0.5450021852022324,0.54909329294789,0.5531844006935475,0.5572755084392049,0.5613666161848625,0.56545772393052,0.5695488316761774,0.573639939421835,0.5777310471674925,0.5818221549131499,0.5859132626588075,0.590004370404465,0.5940954781501224,0.59818658589578,0.6022776936414375,0.6063688013870949,0.6104599091327525,0.61455101687841,0.6186421246240674,0.622733232369725,0.6268243401153825,0.6309154478610399,0.6350065556066975,0.639097663352355,0.6431887710980124,0.64727987884367,0.6513709865893275,0.6554620943349849,0.6595532020806425,0.6636443098263,0.6677354175719574,0.671826525317615,0.6759176330632725,0.6800087408089299,0.6840998485545875,0.688190956300245,0.6922820640459024,0.69637317179156,0.7004642795372173,0.7045553872828749,0.024443257478648513,0.0,0.0,0.0,0.04888651495729769,0.048886514957297025,0.024443257478648846,0.024443257478648513,0.048886514957297025,0.09777302991459538,0.1466595448718911,0.09777302991459405,0.34220560470108385,0.1955460598291881,0.1711028023505396,0.34220560470108385,0.2933190897437822,0.5621949220089159,0.7577409818381142,0.6844112094021584,0.7088544668808069,0.9044005267100073,1.1488331014964803,1.3443791613256681,1.2466061314110912,1.3932656762829652,1.417708933761633,2.0532336282064754,2.3954392329075866,2.615428550215391,2.6887583226513363,2.9576341549165104,3.61760210683998,3.8620346816264655,3.617602106840029,3.959807711541059,4.399786346156732,4.570889148507334,4.815321723293757,4.717548693379163,5.108640813037609,5.768608764961049,6.4285767168845585,5.670835735046532,7.0152148963721235,7.186317698722663,6.184144142098158,6.697452549149693,7.064101411329421,6.746339064107081,6.746339064107081,7.064101411329324,6.6974525491497845,6.184144142098158,7.18631769872276,7.0152148963720276,5.670835735046532,6.428576716884646,5.768608764960971,5.108640813037609,4.717548693379227,4.8153217232936925,4.570889148507334,4.399786346156792,3.9598077115410057,3.617602106840029,3.862034681626518,3.6176021068399304,2.9576341549165104,2.6887583226513727,2.6154285502153556,2.3954392329075866,2.053233628206503,1.4177089337615945,1.3932656762829843,1.2466061314110912,1.3443791613256502,1.1488331014964956,0.9044005267100073,0.7088544668807972,0.6844112094021677,0.7577409818381142,0.5621949220089082,0.2933190897437862,0.34220560470108385,0.1711028023505373,0.19554605982919077,0.34220560470108385,0.09777302991459272,0.1466595448718931,0.09777302991459538,0.04888651495729636,0.024443257478648846,0.024443257478648846,0.04888651495729636,0.04888651495729769,0.0,0.0,0.0,0.02444325747864818,0.5,0.0573690616898114
1.01,top_k,0.05,False,False,100,100,normal,0.4,1.2,2.0,1.5,0.3,0.2992305136218107,0.30324590334937446,0.3072612930769383,0.31127668280450205,0.3152920725320658,0.31930746225962964,0.3233228519871934,0.32733824171475717,0.331353631442321,0.33536902116988476,0.33938441089744853,0.34339980062501235,0.3474151903525761,0.35143058008013994,0.3554459698077037,0.3594613595352675,0.36347674926283124,0.36749213899039507,0.37150752871795883,0.37552291844552266,0.3795383081730864,0.3835536979006502,0.38756908762821396,0.3915844773557778,0.39559986708334155,0.3996152568109054,0.40363064653846914,0.4076460362660329,0.4116614259935967,0.4156768157211605,0.41969220544872426,0.4237075951762881,0.42772298490385185,0.4317383746314156,0.4357537643589794,0.4397691540865432,0.44378454381410704,0.4477999335416708,0.45181532326923457,0.45583071299679834,0.45984610272436216,0.4638614924519259,0.46787688217948975,0.4718922719070535,0.4759076616346173,0.47992305136218105,0.4839384410897449,0.48795383081730864,0.49196922054487247,0.49598461027243623,0.5,0.5040153897275638,0.5080307794551275,0.5120461691826914,0.5160615589102552,0.520076948637819,0.5240923383653827,0.5281077280929465,0.5321231178205104,0.5361385075480741,0.5401538972756379,0.5441692870032017,0.5481846767307654,0.5522000664583293,0.556215456185893,0.5602308459134568,0.5642462356410206,0.5682616253685844,0.5722770150961481,0.5762924048237119,0.5803077945512758,0.5843231842788394,0.5883385740064033,0.5923539637339671,0.5963693534615309,0.6003847431890947,0.6044001329166584,0.6084155226442223,0.612430912371786,0.6164463020993498,0.6204616918269137,0.6244770815544773,0.6284924712820412,0.632507861009605,0.6365232507371688,0.6405386404647325,0.6445540301922963,0.6485694199198602,0.6525848096474238,0.6566001993749877,0.6606155891025515,0.6646309788301152,0.6686463685576791,0.6726617582852428,0.6766771480128067,0.6806925377403704,0.6847079274679342,0.688723317195498,0.6927387069230617,0.6967540966506256,0.7007694863781894,0.04980836570534955,0.0,0.024904182852674775,0.0,0.049808365705348856,0.024904182852674775,0.0996167314106991,0.07471254855802328,0.04980836570534955,0.14942509711604865,0.174329279968721,0.12452091426337386,0.09961673141069771,0.22413764567407296,0.2988501942320973,0.4731794742008206,0.32375437708476756,0.42337110849547116,0.5478920227588374,0.49808365705349544,0.9463589484016413,0.8218380341382675,1.0708798626650005,0.9463589484016413,1.51915515401314,1.6187718854238602,1.643676068276535,1.9923346282139818,2.664747565236164,2.440609919562128,2.8141726623522105,2.7892684794995746,3.088118673731672,3.5612981479324923,4.084285987838607,3.9597650735752343,4.38313618207076,4.731794742008207,5.4291118618831,5.9271955189365135,5.578536958999149,5.22987839906163,5.4291118618831,6.275854078874043,6.848650284485562,7.247117210128259,7.296925575833708,7.446350672949654,6.674321004516839,6.350566627432067,6.350566627432067,6.674321004516839,7.446350672949551,7.296925575833708,7.247117210128359,6.848650284485562,6.275854078874043,5.429111861882951,5.229878399061702,5.578536958999149,5.927195518936596,5.4291118618831,4.731794742008076,4.383136182070881,3.9597650735751793,4.084285987838663,3.5612981479324923,3.088118673731672,2.7892684794995746,2.8141726623521715,2.440609919562195,2.664747565236127,1.9923346282139818,1.643676068276535,1.6187718854238153,1.5191551540132031,0.9463589484016153,1.0708798626650151,0.8218380341382675,0.9463589484016153,0.49808365705350927,0.5478920227588298,0.42337110849547116,0.323754377084772,0.4731794742008206,0.2988501942320973,0.22413764567406674,0.09961673141070185,0.12452091426337042,0.1743292799687234,0.14942509711604865,0.04980836570534817,0.07471254855802638,0.09961673141069634,0.024904182852674775,0.04980836570534955,0.0,0.024904182852674775,0.0,0.04980836570534955,0.5,0.05613812775476431
1.01,top_k,0.05,False,False,100,100,normal,0.4,1.2,2.0,1.5,0.4,0.30132963866711693,0.3053030458937746,0.3092764531204322,0.3132498603470899,0.3172232675737476,0.32119667480040526,0.3251700820270629,0.32914348925372056,0.33311689648037823,0.33709030370703585,0.34106371093369353,0.3450371181603512,0.3490105253870089,0.3529839326136665,0.3569573398403242,0.36093074706698186,0.36490415429363954,0.36887756152029716,0.37285096874695484,0.3768243759736125,0.38079778320027013,0.3847711904269278,0.3887445976535855,0.3927180048802431,0.3966914121069008,0.40066481933355846,0.40463822656021614,0.4086116337868738,0.41258504101353144,0.4165584482401891,0.4205318554668468,0.4245052626935044,0.4284786699201621,0.43245207714681977,0.4364254843734774,0.44039889160013507,0.44437229882679274,0.44834570605345037,0.4523191132801081,0.4562925205067657,0.4602659277334234,0.4642393349600811,0.4682127421867387,0.47218614941339637,0.47615955664005405,0.48013296386671167,0.48410637109336935,0.488079778320027,0.49205318554668465,0.4960265927733423,0.5,0.5039734072266576,0.5079468144533154,0.511920221679973,0.5158936289066307,0.5198670361332883,0.523840443359946,0.5278138505866037,0.5317872578132613,0.5357606650399189,0.5397340722665767,0.5437074794932343,0.5476808867198919,0.5516542939465496,0.5556277011732073,0.5596011083998649,0.5635745156265226,0.5675479228531802,0.5715213300798379,0.5754947373064956,0.5794681445331532,0.5834415517598108,0.5874149589864686,0.5913883662131262,0.5953617734397838,0.5993351806664415,0.6033085878930993,0.6072819951197568,0.6112554023464145,0.6152288095730722,0.6192022167997299,0.6231756240263875,0.6271490312530452,0.6311224384797028,0.6350958457063605,0.6390692529330182,0.6430426601596758,0.6470160673863334,0.6509894746129912,0.6549628818396488,0.6589362890663064,0.6629096962929641,0.6668831035196218,0.6708565107462794,0.6748299179729371,0.6788033251995947,0.6827767324262524,0.6867501396529101,0.6907235468795677,0.6946969541062253,0.6986703613328831,0.025167317190419796,0.025167317190420146,0.0,0.07550195157125938,0.0,0.025167317190420146,0.10066926876167918,0.025167317190419796,0.07550195157126044,0.05033463438083959,0.17617122033293856,0.15100390314251877,0.20133853752336117,0.20133853752335837,0.30200780628503754,0.17617122033293856,0.45301170942756264,0.4781790266179762,0.3775097578562969,0.7550195157126044,1.0318600048072115,1.0318600048072115,1.1073619563784864,1.1576965907593106,1.9882180580431639,1.7365448861389658,1.7365448861389658,2.038552692424032,2.1140546439952628,2.7684048909461776,2.6425683049941155,3.1459146488024743,3.397587820706672,3.0200780628504176,3.9009341645150686,4.404280508323464,5.008296120893609,5.108965389655147,5.05863075527445,5.234801975607318,5.3606385615594165,5.587144416273272,5.536809781892355,6.417665883557048,6.593837103890079,6.770008324222925,7.298521985221742,6.921012227365541,6.6190044210804055,7.4243585711738405,7.4243585711739435,6.619004421080314,6.921012227365541,7.2985219852216385,6.770008324223019,6.593837103890079,6.417665883556959,5.5368097818924324,5.587144416273272,5.360638561559342,5.2348019756073905,5.05863075527445,5.108965389655147,5.008296120893609,4.404280508323526,3.900934164515014,3.0200780628504176,3.39758782070672,3.1459146488024303,2.6425683049941155,2.7684048909462162,2.1140546439952335,2.038552692424032,1.73654488613899,1.7365448861389416,1.9882180580431363,1.157696590759359,1.1073619563784556,1.0318600048071973,1.031860004807226,0.7550195157126044,0.37750975785629165,0.4781790266179828,0.45301170942756264,0.1761712203329361,0.30200780628504176,0.20133853752336117,0.20133853752335557,0.15100390314252088,0.17617122033294103,0.05033463438083889,0.07550195157126044,0.025167317190420146,0.10066926876167778,0.025167317190420146,0.0,0.07550195157125834,0.0,0.025167317190420146,0.025167317190419446,0.5,0.05609158296354211
