pct_total,game_mode,win_value_underdog,blind_combo_0,blind_combo_1,level_0,level_1,lognormal,pct_high_mean,high_low_ratio_mean,high_low_ratio_variance,mean_variance_ratio,pct_high_sigma,0,1,2,3,4,5,6,7,8,9,10,11,12,13,14,15,16,17,18,19,20,21,22,23,24,25,26,27,28,29,30,31,32,33,34,35,36,37,38,39,40,41,42,43,44,45,46,47,48,49,50,51,52,53,54,55,56,57,58,59,60,61,62,63,64,65,66,67,68,69,70,71,72,73,74,75,76,77,78,79,80,81,82,83,84,85,86,87,88,89,90,91,92,93,94,95,96,97,98,99,100,101,102,103,104,105,106,107,108,109,110,111,112,113,114,115,116,117,118,119,120,121,122,123,124,125,126,127,128,129,130,131,132,133,134,135,136,137,138,139,140,141,142,143,144,145,146,147,148,149,150,151,152,153,154,155,156,157,158,159,160,161,162,163,164,165,166,167,168,169,170,171,172,173,174,175,176,177,178,179,180,181,182,183,184,185,186,187,188,189,190,191,192,193,194,195,196,197,198,199,200,mean,std
1.01,expected,0.4,False,False,100,100,normal,0.3,1.2,2.0,0.5,0.1,0.1112053403681602,0.11898123356079698,0.12675712675343379,0.1345330199460706,0.14230891313870736,0.15008480633134416,0.15786069952398096,0.16563659271661776,0.17341248590925457,0.18118837910189134,0.18896427229452814,0.19674016548716494,0.20451605867980172,0.21229195187243854,0.22006784506507532,0.2278437382577121,0.23561963145034892,0.2433955246429857,0.2511714178356225,0.2589473110282593,0.26672320422089607,0.2744990974135329,0.2822749906061697,0.29005088379880645,0.2978267769914433,0.30560267018408005,0.3133785633767169,0.32115445656935365,0.3289303497619904,0.33670624295462726,0.34448213614726403,0.3522580293399008,0.36003392253253763,0.3678098157251744,0.37558570891781123,0.383361602110448,0.39113749530308484,0.3989133884957216,0.4066892816883584,0.4144651748809952,0.422241068073632,0.43001696126626876,0.4377928544589056,0.44556874765154236,0.45334464084417914,0.46112053403681597,0.46889642722945274,0.47667232042208957,0.48444821361472634,0.4922241068073631,0.49999999999999994,0.5077758931926367,0.5155517863852735,0.5233276795779103,0.5311035727705471,0.5388794659631839,0.5466553591558206,0.5544312523484575,0.5622071455410943,0.569983038733731,0.5777589319263678,0.5855348251190047,0.5933107183116414,0.6010866115042782,0.608862504696915,0.6166383978895519,0.6244142910821886,0.6321901842748254,0.6399660774674623,0.647741970660099,0.6555178638527358,0.6632937570453726,0.6710696502380095,0.6788455434306462,0.686621436623283,0.6943973298159198,0.7021732230085566,0.7099491162011934,0.7177250093938302,0.7255009025864669,0.7332767957791038,0.7410526889717406,0.7488285821643773,0.7566044753570141,0.764380368549651,0.7721562617422877,0.7799321549349245,0.7877080481275613,0.7954839413201981,0.8032598345128349,0.8110357277054717,0.8188116208981085,0.8265875140907453,0.8343634072833821,0.8421393004760189,0.8499151936686556,0.8576910868612925,0.8654669800539293,0.873242873246566,0.8810187664392028,0.8887946596318397,0.012860258946804055,0.025720517893608064,0.012860258946804032,0.025720517893608155,0.025720517893608064,0.025720517893608064,0.06430129473402017,0.012860258946804032,0.07716155368082447,0.05144103578721613,0.06430129473402017,0.1800436252552571,0.1028820715744319,0.10288207157443262,0.20576414314886524,0.2829256968296877,0.2572051789360816,0.42438854524453157,0.38580776840412234,0.39866802735092643,0.5915719115529834,0.46296932208494684,0.7973360547018529,0.6430129473401994,0.8616373494358733,0.977379679957103,0.964519421010306,1.0031001978507181,1.3631874483612225,1.157423305212367,1.4017682252016446,1.6075323683504983,1.6075323683505098,1.8132965114993622,2.250545315690714,2.3662876462119335,2.3920081641055586,2.3277068693715384,2.803536450403269,2.970719816711742,2.263405574637518,2.739235155669249,3.1636237009138033,3.343667326169061,3.459409656690273,3.240785254594628,2.893558263030897,3.2150647367010197,3.266505772488236,3.61373276405192,3.6137327640519463,3.266505772488213,3.2150647367010428,2.893558263030897,3.2407852545946048,3.4594096566903216,3.3436673261690366,3.1636237009137806,2.7392351556692884,2.2634055746375017,2.9707198167117213,2.803536450403309,2.3277068693715215,2.3920081641055413,2.3662876462119335,2.25054531569073,1.8132965114993622,1.6075323683504983,1.6075323683505214,1.4017682252016346,1.1574233052123588,1.3631874483612225,1.0031001978507252,0.9645194210102991,0.977379679957103,0.8616373494358796,0.6430129473401994,0.7973360547018472,0.4629693220849502,0.5915719115529834,0.3986680273509236,0.3858077684041251,0.42438854524453157,0.25720517893607975,0.28292569682969176,0.2057641431488638,0.1028820715744319,0.10288207157443337,0.18004362525525583,0.06430129473401994,0.05144103578721595,0.07716155368082503,0.012860258946803987,0.06430129473401994,0.025720517893608342,0.025720517893607974,0.025720517893607974,0.012860258946804171,0.025720517893607974,0.012860258946803987,0.5,0.11552180150417736
1.01,expected,0.4,False,False,100,100,normal,0.3,1.2,2.0,0.5,0.2,0.0994109572820843,0.10742273813644261,0.11543451899080093,0.12344629984515923,0.13145808069951753,0.13946986155387586,0.14748164240823416,0.15549342326259247,0.1635052041169508,0.17151698497130913,0.17952876582566743,0.18754054668002573,0.19555232753438406,0.20356410838874237,0.21157588924310067,0.219587670097459,0.2275994509518173,0.2356112318061756,0.24362301266053393,0.25163479351489226,0.25964657436925054,0.26765835522360887,0.2756701360779672,0.2836819169323255,0.2916936977866838,0.29970547864104213,0.3077172594954004,0.31572904034975874,0.32374082120411707,0.33175260205847534,0.3397643829128337,0.347776163767192,0.3557879446215503,0.36379972547590866,0.37181150633026694,0.3798232871846252,0.3878350680389836,0.3958468488933419,0.40385862974770015,0.41187041060205853,0.4198821914564168,0.4278939723107751,0.43590575316513347,0.44391753401949174,0.45192931487385,0.4599410957282084,0.4679528765825667,0.47596465743692495,0.48397643829128334,0.4919882191456416,0.4999999999999999,0.5080117808543583,0.5160235617087165,0.5240353425630748,0.5320471234174332,0.5400589042717915,0.5480706851261498,0.5560824659805081,0.5640942468348664,0.5721060276892248,0.5801178085435831,0.5881295893979414,0.5961413702522997,0.604153151106658,0.6121649319610163,0.6201767128153746,0.628188493669733,0.6362002745240912,0.6442120553784495,0.6522238362328079,0.6602356170871662,0.6682473979415244,0.6762591787958828,0.6842709596502411,0.6922827405045994,0.7002945213589578,0.708306302213316,0.7163180830676743,0.7243298639220327,0.732341644776391,0.7403534256307494,0.7483652064851076,0.7563769873394659,0.7643887681938243,0.7724005490481826,0.7804123299025408,0.7884241107568992,0.7964358916112575,0.8044476724656158,0.8124594533199742,0.8204712341743324,0.8284830150286907,0.8364947958830491,0.8445065767374074,0.8525183575917656,0.860530138446124,0.8685419193004823,0.8765537001548406,0.884565481009199,0.8925772618635572,0.9005890427179156,0.049926477929361314,0.012481619482340328,0.0,0.0249632389646807,0.0,0.0249632389646807,0.0249632389646807,0.049926477929361224,0.08737133637638214,0.06240809741170175,0.06240809741170175,0.11233457534106275,0.1248161948234035,0.1747426727527649,0.2621140091291464,0.18722429223510523,0.23715077016446667,0.287077248093827,0.36196696498786884,0.6615258325640408,0.5117463987759525,0.46181992084659135,0.7488971689404236,0.611599354634675,0.9236398416931827,0.9985295585872315,0.9610847001402036,1.1233457534106275,1.2356803287516989,1.4478678599514754,1.4603494794338159,1.3480149040927625,1.6850186301159298,1.709981869080634,2.096912073033186,2.0220223561391157,2.3715077016446746,2.4963238964680787,2.483842276985704,2.334062843197654,2.6835481887031847,2.7834011445618687,2.983107056279354,2.8083643835265883,3.1453681095497354,3.245221065408502,3.0954416316204174,2.995588675761653,3.619669649878714,3.2077762069614812,3.2077762069614364,3.619669649878714,2.9955886757616943,3.0954416316203743,3.245221065408502,3.145368109549779,2.8083643835265497,2.983107056279354,2.7834011445618687,2.6835481887031847,2.334062843197654,2.483842276985704,2.4963238964680787,2.3715077016446746,2.0220223561391437,2.096912073033157,1.709981869080634,1.685018630115953,1.3480149040927438,1.4603494794338259,1.4478678599514856,1.2356803287516818,1.1233457534106355,0.9610847001402102,0.9985295585872176,0.923639841693189,0.6115993546346793,0.7488971689404132,0.4618199208465945,0.511746398775949,0.6615258325640408,0.3619669649878714,0.28707724809382507,0.23715077016446748,0.1872242922351059,0.2621140091291446,0.1747426727527655,0.12481619482340393,0.11233457534106199,0.06240809741170197,0.06240809741170197,0.08737133637638154,0.04992647792936157,0.024963238964680785,0.02496323896468044,0.0,0.024963238964680785,0.0,0.012481619482340393,0.04992647792936088,0.5,0.11998639042729957
1.01,expected,0.4,False,False,100,100,normal,0.3,1.2,2.0,0.5,0.3,0.07050542248119705,0.0790953140315731,0.08768520558194917,0.09627509713232524,0.10486498868270129,0.11345488023307734,0.12204477178345341,0.13063466333382948,0.13922455488420554,0.14781444643458158,0.15640433798495765,0.16499422953533371,0.17358412108570975,0.18217401263608585,0.19076390418646189,0.19935379573683792,0.20794368728721402,0.21653357883759006,0.22512347038796615,0.2337133619383422,0.24230325348871823,0.2508931450390943,0.25948303658947036,0.2680729281398464,0.2766628196902225,0.28525271124059853,0.2938426027909746,0.30243249434135067,0.3110223858917267,0.3196122774421028,0.32820216899247884,0.33679206054285493,0.34538195209323097,0.353971843643607,0.3625617351939831,0.37115162674435914,0.37974151829473524,0.3883314098451113,0.3969213013954873,0.4055111929458634,0.41410108449623945,0.4226909760466155,0.4312808675969916,0.4398707591473676,0.44846065069774366,0.45705054224811975,0.4656404337984958,0.4742303253488719,0.4828202168992479,0.49141010844962396,0.5,0.508589891550376,0.5171797831007522,0.5257696746511282,0.5343595662015043,0.5429494577518803,0.5515393493022563,0.5601292408526324,0.5687191324030085,0.5773090239533846,0.5858989155037606,0.5944888070541366,0.6030786986045128,0.6116685901548888,0.6202584817052649,0.6288483732556409,0.637438264806017,0.6460281563563931,0.6546180479067691,0.6632079394571452,0.6717978310075212,0.6803877225578973,0.6889776141082734,0.6975675056586494,0.7061573972090255,0.7147472887594015,0.7233371803097776,0.7319270718601536,0.7405169634105297,0.7491068549609058,0.7576967465112818,0.7662866380616579,0.7748765296120339,0.78346642116241,0.7920563127127861,0.8006462042631621,0.8092360958135382,0.8178259873639142,0.8264158789142902,0.8350057704646664,0.8435956620150424,0.8521855535654185,0.8607754451157945,0.8693653366661706,0.8779552282165467,0.8865451197669227,0.8951350113172988,0.9037249028676748,0.9123147944180509,0.920904685968427,0.9294945775188029,0.011641590515263507,0.0,0.011641590515263488,0.011641590515263507,0.0,0.046566362061053954,0.0,0.046566362061053954,0.011641590515263527,0.03492477154579047,0.03492477154579047,0.05820795257631763,0.06984954309158072,0.10477431463737173,0.221190219790007,0.17462385772895178,0.23283181030527053,0.20954862927474213,0.3026813533968517,0.34924771545790584,0.44238043958001116,0.47730521112580454,0.5820795257631763,0.5704379352479091,0.663570659370021,0.6286458878242264,0.861477698129501,1.0710263274042444,1.2340085946179258,1.5599731290453125,1.5599731290453025,1.257291775648461,1.6065394911063666,1.65310585316741,1.9790703875947995,2.502941960781642,2.153694245323752,2.0256367496558534,2.1187694737779483,2.3981676461442865,2.654282637480084,2.7474153616021746,2.6892074090258746,2.630999456449557,3.015171943453234,2.9453224003616723,2.887114447785336,3.096663077060098,3.2130789822127332,3.050096714999044,3.050096714999044,3.2130789822126915,3.096663077060098,2.8871144477853545,2.9453224003616723,3.0151719434532533,2.630999456449557,2.68920740902584,2.7474153616021924,2.654282637480084,2.3981676461442865,2.1187694737779346,2.0256367496558534,2.153694245323752,2.502941960781658,1.9790703875947995,1.6531058531673992,1.6065394911063666,1.257291775648461,1.5599731290453125,1.5599731290453125,1.2340085946179178,1.0710263274042444,0.861477698129501,0.6286458878242305,0.663570659370021,0.5704379352479129,0.5820795257631688,0.47730521112580454,0.442380439580014,0.34924771545790584,0.3026813533968517,0.20954862927474077,0.23283181030527053,0.17462385772895292,0.221190219790007,0.10477431463737173,0.06984954309158116,0.05820795257631688,0.03492477154579058,0.03492477154579058,0.011641590515263527,0.046566362061054106,0.0,0.046566362061054106,0.0,0.011641590515263527,0.011641590515263527,0.0,0.011641590515263677,0.5,0.12383791393445125
1.01,expected,0.4,False,False,100,100,normal,0.3,1.2,2.0,0.5,0.4,0.06792880647764829,0.07657023034809532,0.08521165421854236,0.09385307808898939,0.10249450195943643,0.11113592582988346,0.1197773497003305,0.12841877357077752,0.13706019744122455,0.14570162131167158,0.15434304518211864,0.16298446905256567,0.1716258929230127,0.18026731679345975,0.18890874066390678,0.1975501645343538,0.20619158840480084,0.21483301227524787,0.2234744361456949,0.23211586001614196,0.24075728388658899,0.24939870775703601,0.25804013162748307,0.26668155549793005,0.27532297936837713,0.28396440323882416,0.2926058271092712,0.3012472509797182,0.30988867485016525,0.31853009872061233,0.3271715225910593,0.3358129464615064,0.34445437033195336,0.35309579420240045,0.3617372180728474,0.3703786419432945,0.3790200658137415,0.38766148968418856,0.39630291355463565,0.4049443374250826,0.4135857612955297,0.4222271851659767,0.43086860903642377,0.43951003290687074,0.4481514567773178,0.4567928806477648,0.4654343045182119,0.47407572838865886,0.48271715225910594,0.491358576129553,0.5,0.5086414238704471,0.5172828477408941,0.5259242716113411,0.5345656954817881,0.5432071193522352,0.5518485432226822,0.5604899670931293,0.5691313909635763,0.5777728148340233,0.5864142387044704,0.5950556625749174,0.6036970864453645,0.6123385103158114,0.6209799341862585,0.6296213580567056,0.6382627819271526,0.6469042057975997,0.6555456296680466,0.6641870535384937,0.6728284774089407,0.6814699012793878,0.6901113251498348,0.6987527490202818,0.7073941728907288,0.7160355967611759,0.724677020631623,0.73331844450207,0.741959868372517,0.750601292242964,0.7592427161134111,0.7678841399838581,0.7765255638543052,0.7851669877247521,0.7938084115951992,0.8024498354656462,0.8110912593360933,0.8197326832065404,0.8283741070769873,0.8370155309474344,0.8456569548178814,0.8542983786883285,0.8629398025587754,0.8715812264292225,0.8802226502996695,0.8888640741701166,0.8975054980405636,0.9061469219110106,0.9147883457814577,0.9234297696519047,0.9320711935223517,0.011572166983035273,0.0,0.0,0.0,0.0,0.011572166983035273,0.023144333966070546,0.034716500949105826,0.023144333966070546,0.06943300189821142,0.11572166983035274,0.05786083491517637,0.1272938368133876,0.15043817077945856,0.20829900569463494,0.2314433396607055,0.1388660037964233,0.3008763415589171,0.23144333966070477,0.4976031802705168,0.32402067552498764,0.5207475142365856,0.6248970170839089,0.5554640151856896,0.7521908538972928,0.7869073548463986,1.0067785275240688,0.8216238557955045,1.1919331992526256,1.029922861490146,1.4580930398624352,1.3539435370151358,1.7473972144383152,1.7242528804722668,1.8746910512517025,1.9094075522008327,2.198711726776688,2.256572561691864,2.221856060742787,2.5227324023016737,2.626881905149024,2.6963149070472014,2.4880159013526,2.9971912486061165,2.7773200759284835,2.777320075928448,2.9046139127418726,3.286495423181997,3.078196417487363,3.1129129184365087,3.112912918436469,3.078196417487403,3.286495423181997,2.9046139127418726,2.777320075928448,2.7773200759284835,2.9971912486061165,2.488015901352568,2.696314907047236,2.6268819051489904,2.522732402301706,2.221856060742758,2.2565725616918932,2.198711726776688,1.9094075522008078,1.8746910512517265,1.724252880472245,1.7473972144383376,1.3539435370151185,1.4580930398624539,1.0299228614901328,1.191933199252641,0.8216238557954992,1.0067785275240753,0.7869073548463936,0.752190853897288,0.5554640151856968,0.6248970170839008,0.5207475142365907,0.3240206755249856,0.49760318027052,0.231443339660704,0.30087634155891907,0.1388660037964224,0.231443339660707,0.2082990056946336,0.1504381707794576,0.12729383681338885,0.057860834915176,0.1157216698303535,0.0694330018982112,0.0231443339660707,0.0347165009491056,0.0231443339660707,0.0115721669830352,0.0,0.0,0.0,0.0,0.01157216698303535,0.5,0.12569079209133982
1.01,expected,0.4,False,False,100,100,normal,0.3,1.2,2.0,0.75,0.1,0.14185188379819666,0.14901484612223273,0.1561778084462688,0.16334077077030484,0.17050373309434091,0.17766669541837699,0.18482965774241306,0.19199262006644913,0.1991555823904852,0.20631854471452127,0.21348150703855734,0.2206444693625934,0.22780743168662945,0.23497039401066552,0.2421333563347016,0.24929631865873764,0.2564592809827737,0.2636222433068098,0.27078520563084585,0.2779481679548819,0.285111130278918,0.29227409260295406,0.29943705492699013,0.30660001725102615,0.3137629795750623,0.3209259418990983,0.3280889042231344,0.33525186654717043,0.34241482887120656,0.34957779119524257,0.35674075351927864,0.3639037158433147,0.3710666781673508,0.37822964049138685,0.3853926028154229,0.392555565139459,0.399718527463495,0.40688148978753114,0.41404445211156715,0.4212074144356033,0.4283703767596393,0.4355333390836754,0.44269630140771143,0.44985926373174756,0.4570222260557836,0.4641851883798196,0.4713481507038557,0.47851111302789173,0.48567407535192786,0.4928370376759639,0.5,0.507162962324036,0.5143259246480721,0.5214888869721082,0.5286518492961443,0.5358148116201803,0.5429777739442164,0.5501407362682524,0.5573036985922885,0.5644666609163246,0.5716296232403606,0.5787925855643967,0.5859555478884327,0.5931185102124689,0.6002814725365049,0.607444434860541,0.614607397184577,0.6217703595086131,0.6289333218326492,0.6360962841566853,0.6432592464807213,0.6504222088047574,0.6575851711287934,0.6647481334528296,0.6719110957768656,0.6790740581009017,0.6862370204249377,0.6933999827489737,0.7005629450730099,0.7077259073970459,0.714888869721082,0.722051832045118,0.7292147943691542,0.7363777566931902,0.7435407190172263,0.7507036813412623,0.7578666436652984,0.7650296059893344,0.7721925683133706,0.7793555306374066,0.7865184929614426,0.7936814552854787,0.8008444176095147,0.8080073799335509,0.8151703422575869,0.822333304581623,0.829496266905659,0.8366592292296952,0.8438221915537312,0.8509851538777673,0.8581481162018033,0.04188211335320285,0.0,0.0,0.0,0.013960704451067616,0.027921408902135233,0.027921408902135233,0.027921408902135233,0.1675284534128114,0.0837642267064057,0.06980352225533808,0.05584281780427068,0.181489157863879,0.1675284534128114,0.20941056676601502,0.15356774896174377,0.3490176112766904,0.4327818379830961,0.3490176112766904,0.3490176112766904,0.47466395133629896,0.5584281780427046,0.753878040357657,0.7399173359065778,0.9493279026726051,0.8795243804172529,1.047052833830079,1.0610135382811305,1.2983455139492983,1.2564634005960853,1.270424105047153,1.926577214247331,1.8428129875409254,2.052223554306939,2.1918305988176154,2.485005392290055,2.5687696189964213,2.4012411655836483,2.5548089145453536,2.6525338457028673,2.8759051169199066,3.518097521669066,3.6158224528264844,3.071354979234899,4.076525699711775,3.769390201788227,3.6577045661797434,3.97880076855424,3.950879359652166,3.6158224528264844,3.6158224528265404,3.950879359652104,3.9788007685543008,3.6577045661796865,3.769390201788285,4.076525699711712,3.071354979234899,3.6158224528265404,3.5180975216690116,2.875905116919951,2.652533845702826,2.5548089145453936,2.4012411655836114,2.5687696189964613,2.485005392290016,2.1918305988176328,2.052223554306923,1.8428129875409396,1.926577214247316,1.2704241050471627,1.2564634005960755,1.2983455139492983,1.0610135382811305,1.047052833830079,0.8795243804172529,0.9493279026726051,0.7399173359065894,0.7538780403576454,0.558428178042709,0.4746639513362952,0.34901761127669306,0.3490176112766876,0.4327818379830994,0.3490176112766876,0.15356774896174494,0.2094105667660126,0.16752845341281267,0.1814891578638776,0.055842817804270896,0.06980352225533862,0.08376422670640504,0.16752845341281267,0.027921408902135018,0.027921408902135448,0.027921408902135018,0.013960704451067724,0.0,0.0,0.0,0.04188211335320317,0.5,0.1036344847506635
1.01,expected,0.4,False,False,100,100,normal,0.3,1.2,2.0,0.75,0.2,0.1609041866848686,0.16768610295117123,0.17446801921747387,0.1812499354837765,0.1880318517500791,0.19481376801638173,0.20159568428268437,0.208377600548987,0.2151595168152896,0.22194143308159225,0.22872334934789487,0.2355052656141975,0.24228718188050014,0.24906909814680275,0.25585101441310537,0.262632930679408,0.2694148469457106,0.27619676321201325,0.2829786794783159,0.28976059574461854,0.29654251201092113,0.3033244282772238,0.31010634454352637,0.316888260809829,0.32367017707613166,0.3304520933424343,0.3372340096087369,0.3440159258750395,0.35079784214134213,0.3575797584076448,0.3643616746739474,0.37114359094025007,0.37792550720655266,0.38470742347285525,0.3914893397391579,0.39827125600546054,0.4050531722717632,0.4118350885380658,0.4186170048043684,0.42539892107067107,0.43218083733697366,0.4389627536032763,0.44574466986957895,0.45252658613588154,0.4593085024021842,0.46609041866848683,0.4728723349347894,0.47965425120109206,0.4864361674673947,0.4932180837336973,0.49999999999999994,0.5067819162663025,0.5135638325326052,0.5203457487989078,0.5271276650652104,0.5339095813315131,0.5406914975978157,0.5474734138641183,0.5542553301304209,0.5610372463967236,0.5678191626630262,0.5746010789293288,0.5813829951956315,0.5881649114619341,0.5949468277282367,0.6017287439945394,0.6085106602608419,0.6152925765271446,0.6220744927934472,0.6288564090597498,0.6356383253260525,0.6424202415923551,0.6492021578586578,0.6559840741249603,0.6627659903912629,0.6695479066575656,0.6763298229238682,0.6831117391901709,0.6898936554564735,0.696675571722776,0.7034574879890787,0.7102394042553813,0.717021320521684,0.7238032367879866,0.7305851530542893,0.7373670693205918,0.7441489855868945,0.7509309018531971,0.7577128181194998,0.7644947343858024,0.771276650652105,0.7780585669184076,0.7848404831847102,0.7916223994510129,0.7984043157173155,0.8051862319836182,0.8119681482499208,0.8187500645162233,0.825531980782526,0.8323138970488286,0.8390958133151313,0.029490190109503742,0.014745095054751809,0.058980380219007485,0.014745095054751871,0.13270585549276684,0.029490190109503617,0.07372547527375936,0.19168623571177432,0.029490190109503617,0.14745095054751872,0.13270585549276684,0.23592152087602894,0.2654117109855337,0.23592152087602994,0.3833724714235471,0.3686273763687983,0.4865881368068098,0.6340390873543279,0.6045488972448242,0.5160783269163176,0.619293992299576,0.7667449428471005,0.8257253230661014,0.9879213686683713,1.0469017488873786,1.0763919389968908,1.518744790639449,1.71043102635121,1.6809408362417064,1.8726270719534797,2.0643133076652536,1.7989015966797357,1.9463525472272547,1.8283917867892243,2.388705398869793,2.255999543377027,2.6541171098553478,3.0227444862241213,2.949019010950362,2.9047837257861304,3.125960151607384,3.0669797713883766,3.199685626881169,3.1701954367716394,3.715763953797456,3.3323914823739367,3.627293383468945,3.1701954367716394,3.5830580983047193,3.2291758169906464,3.229175816990673,3.58305809830469,3.1701954367716394,3.627293383469005,3.3323914823738545,3.715763953797517,3.1701954367716394,3.199685626881143,3.0669797713883766,3.125960151607384,2.904783725786154,2.949019010950314,3.0227444862241706,2.654117109855326,2.255999543377027,2.3887053988698326,1.8283917867891946,1.9463525472272707,1.7989015966797208,2.0643133076652536,1.8726270719534797,1.6809408362417064,1.710431026351238,1.5187447906394365,1.0763919389968821,1.0469017488873786,0.9879213686683713,0.8257253230661014,0.7667449428471067,0.619293992299576,0.5160783269163134,0.6045488972448242,0.6340390873543279,0.4865881368068098,0.3686273763688013,0.3833724714235471,0.23592152087602894,0.26541171098553257,0.23592152087602894,0.13270585549276628,0.1474509505475205,0.029490190109503617,0.19168623571177354,0.07372547527375904,0.029490190109503617,0.13270585549276628,0.01474509505475205,0.058980380219007235,0.014745095054751809,0.029490190109503617,0.5,0.10940733469631748
1.01,expected,0.4,False,False,100,100,normal,0.3,1.2,2.0,0.75,0.3,0.12784529831657251,0.13528839235024107,0.14273148638390962,0.15017458041757817,0.15761767445124672,0.16506076848491527,0.17250386251858382,0.17994695655225237,0.18739005058592093,0.19483314461958945,0.202276238653258,0.20971933268692655,0.2171624267205951,0.22460552075426365,0.2320486147879322,0.23949170882160076,0.2469348028552693,0.25437789688893786,0.2618209909226064,0.26926408495627496,0.2767071789899435,0.28415027302361207,0.2915933670572806,0.29903646109094917,0.3064795551246177,0.31392264915828627,0.3213657431919548,0.3288088372256234,0.3362519312592919,0.3436950252929605,0.35113811932662903,0.3585812133602976,0.36602430739396613,0.3734674014276347,0.3809104954613032,0.3883535894949718,0.3957966835286403,0.4032397775623089,0.4106828715959774,0.418125965629646,0.4255690596633145,0.4330121536969831,0.4404552477306516,0.4478983417643202,0.4553414357979887,0.4627845298316573,0.4702276238653258,0.4776707178989944,0.4851138119326629,0.4925569059663315,0.5,0.5074430940336686,0.5148861880673371,0.5223292821010057,0.5297723761346742,0.5372154701683428,0.5446585642020113,0.5521016582356799,0.5595447522693484,0.566987846303017,0.5744309403366855,0.5818740343703541,0.5893171284040226,0.5967602224376912,0.6042033164713597,0.6116464105050283,0.6190895045386968,0.6265325985723654,0.6339756926060339,0.6414187866397025,0.648861880673371,0.6563049747070396,0.6637480687407081,0.6711911627743767,0.6786342568080452,0.6860773508417138,0.6935204448753823,0.7009635389090509,0.7084066329427194,0.715849726976388,0.7232928210100565,0.7307359150437251,0.7381790090773936,0.7456221031110623,0.7530651971447307,0.7605082911783994,0.7679513852120678,0.7753944792457365,0.782837573279405,0.7902806673130736,0.797723761346742,0.8051668553804107,0.8126099494140792,0.8200530434477478,0.8274961374814163,0.8349392315150849,0.8423823255487534,0.849825419582422,0.8572685136160905,0.8647116076497591,0.8721547016834276,0.026870545917505227,0.0,0.013435272958752614,0.0,0.013435272958752614,0.053741091835010454,0.06717636479376307,0.09404691071126829,0.06717636479376332,0.06717636479376307,0.12091745662877351,0.08061163775251567,0.12091745662877351,0.18809382142253658,0.16122327550503135,0.2955760050925575,0.3896229158038258,0.30901127805131007,0.591152010185115,0.42992873468008364,0.4702345535563414,0.6851989208963832,0.6851989208963832,0.8195516504839093,0.8732927423189197,0.9539043800714355,0.8598574693601673,1.3972683877102718,1.3032214769990034,1.464444752504035,1.6525385739265717,1.840632395349108,1.840632395349108,2.0824673086066703,2.283996402987927,2.3243022218642193,2.1362084004416495,2.660184045833037,2.7407956835855125,2.6467487728742847,3.2782066019356133,3.009501142760608,2.7676662295030177,2.861713140214328,3.3588182396881283,3.2647713289769094,3.2647713289768605,3.5737826070282215,3.4528651503993957,3.5334767881519635,3.533476788151911,3.452865150399447,3.5737826070281686,3.2647713289769094,3.2647713289768605,3.3588182396881785,2.861713140214285,2.767666229503059,3.009501142760563,3.278206601935662,2.646748772874245,2.7407956835855534,2.6601840458329975,2.1362084004416815,2.3243022218641847,2.283996402987961,2.0824673086066396,1.8406323953491217,1.8406323953490944,1.6525385739265837,1.4644447525040238,1.3032214769990131,1.3972683877102614,0.8598574693601737,0.9539043800714284,0.8732927423189263,0.8195516504839033,0.6851989208963883,0.6851989208963781,0.47023455355634497,0.42992873468008036,0.5911520101851193,0.3090112780513078,0.3896229158038287,0.2955760050925553,0.16122327550503254,0.1880938214225352,0.12091745662877443,0.08061163775251508,0.12091745662877443,0.06717636479376256,0.06717636479376357,0.0940469107112676,0.06717636479376357,0.053741091835010045,0.013435272958752714,0.0,0.013435272958752714,0.0,0.02687054591750543,0.5,0.11233203975058198
1.01,expected,0.4,False,False,100,100,normal,0.3,1.2,2.0,0.75,0.4,0.09270884332593603,0.1008546664594173,0.10900048959289858,0.11714631272637988,0.12529213585986115,0.13343795899334243,0.1415837821268237,0.149729605260305,0.15787542839378627,0.16602125152726754,0.17416707466074882,0.1823128977942301,0.19045872092771138,0.19860454406119266,0.20675036719467393,0.2148961903281552,0.2230420134616365,0.23118783659511777,0.23933365972859905,0.24747948286208032,0.2556253059955616,0.2637711291290429,0.27191695226252416,0.28006277539600544,0.28820859852948677,0.29635442166296805,0.3045002447964493,0.3126460679299306,0.3207918910634119,0.32893771419689316,0.33708353733037444,0.3452293604638557,0.353375183597337,0.3615210067308183,0.36966682986429955,0.37781265299778083,0.3859584761312621,0.3941042992647434,0.40225012239822466,0.41039594553170594,0.4185417686651872,0.4266875917986685,0.4348334149321498,0.44297923806563105,0.45112506119911233,0.4592708843325936,0.4674167074660749,0.47556253059955617,0.4837083537330375,0.4918541768665188,0.5,0.5081458231334813,0.5162916462669626,0.5244374694004439,0.5325832925339251,0.5407291156674064,0.5488749388008877,0.557020761934369,0.5651665850678502,0.5733124082013316,0.5814582313348128,0.5896040544682941,0.5977498776017753,0.6058957007352566,0.6140415238687379,0.6221873470022192,0.6303331701357004,0.6384789932691818,0.646624816402663,0.6547706395361443,0.6629164626696256,0.6710622858031069,0.6792081089365881,0.6873539320700695,0.6954997552035507,0.703645578337032,0.7117914014705132,0.7199372246039946,0.7280830477374758,0.7362288708709571,0.7443746940044383,0.7525205171379197,0.7606663402714009,0.7688121634048822,0.7769579865383635,0.7851038096718448,0.793249632805326,0.8013954559388073,0.8095412790722886,0.8176871022057699,0.8258329253392511,0.8339787484727325,0.8421245716062137,0.850270394739695,0.8584162178731762,0.8665620410066576,0.8747078641401389,0.8828536872736201,0.8909995104071015,0.8991453335405827,0.9072911566740639,0.012276230205511844,0.0,0.012276230205511822,0.012276230205511844,0.012276230205511844,0.012276230205511844,0.0,0.061381151027559214,0.02455246041102369,0.04910492082204738,0.061381151027559214,0.036828690616535535,0.14731476246614214,0.12276230205511843,0.17186722287716583,0.22097214369921317,0.12276230205511843,0.17186722287716583,0.2823532947267724,0.38056313637086714,0.5156016686314975,0.552430359248033,0.4173918269874027,0.613811510275588,0.6383639706866159,0.7611262727417343,0.8961648050023646,1.0557557976740186,1.1785180997291371,1.325832862195279,1.645014847538587,1.8782632214433121,1.7555009193881934,1.816882070415753,1.7923296100047292,1.7677771495937054,2.1237878255535487,2.602560803568511,2.283378818225203,2.3202075088417384,3.1181624722000083,2.5780083431574874,2.7744280264456767,2.7130468754181174,2.8971903285007947,3.290029695077174,3.4741731481598515,3.572382989803922,3.5846592200094585,3.5232780689819228,3.523278068981875,3.5846592200094824,3.572382989803922,3.4741731481598754,3.2900296950771515,2.897190328500815,2.713046875418099,2.7744280264456957,2.5780083431574696,3.1181624722000296,2.3202075088417224,2.2833788182252186,2.6025608035685286,2.1237878255535345,1.7677771495936934,1.7923296100047412,1.8168820704157407,1.7555009193882054,1.8782632214432993,1.6450148475385984,1.32583286219527,1.1785180997291451,1.0557557976740115,0.8961648050023706,0.7611262727417291,0.6383639706866202,0.613811510275588,0.4173918269874055,0.5524303592480292,0.515601668631501,0.38056313637086453,0.2823532947267743,0.17186722287716463,0.12276230205511926,0.22097214369921167,0.17186722287716696,0.12276230205511761,0.14731476246614314,0.03682869061653528,0.06138115102755963,0.04910492082204704,0.024552460411023855,0.061381151027558804,0.0,0.01227623020551176,0.01227623020551176,0.012276230205511928,0.01227623020551176,0.0,0.012276230205511928,0.5,0.11569122987081146
1.01,expected,0.4,False,False,100,100,normal,0.3,1.2,2.0,1.0,0.1,0.17159782944568402,0.17816587285677035,0.18473391626785665,0.19130195967894298,0.1978700030900293,0.20443804650111563,0.21100608991220193,0.21757413332328826,0.2241421767343746,0.2307102201454609,0.23727826355654721,0.24384630696763354,0.25041435037871984,0.2569823937898062,0.2635504372008925,0.27011848061197885,0.27668652402306515,0.28325456743415145,0.28982261084523775,0.2963906542563241,0.3029586976674104,0.30952674107849676,0.31609478448958306,0.32266282790066936,0.32923087131175566,0.335798914722842,0.34236695813392837,0.34893500154501467,0.35550304495610097,0.36207108836718727,0.3686391317782736,0.3752071751893599,0.3817752186004463,0.3883432620115326,0.3949113054226189,0.4014793488337052,0.40804739224479153,0.4146154356558779,0.4211834790669642,0.4277515224780505,0.4343195658891368,0.44088760930022314,0.44745565271130944,0.45402369612239574,0.4605917395334821,0.4671597829445684,0.47372782635565475,0.48029586976674105,0.48686391317782735,0.4934319565889137,0.5,0.5065680434110863,0.5131360868221726,0.519704130233259,0.5262721736443452,0.5328402170554316,0.5394082604665179,0.5459763038776042,0.5525443472886906,0.5591123906997768,0.5656804341108632,0.5722484775219495,0.5788165209330358,0.5853845643441222,0.5919526077552084,0.5985206511662948,0.6050886945773811,0.6116567379884674,0.6182247813995537,0.62479282481064,0.6313608682217264,0.6379289116328127,0.644496955043899,0.6510649984549853,0.6576330418660716,0.664201085277158,0.6707691286882442,0.6773371720993306,0.6839052155104169,0.6904732589215032,0.6970413023325895,0.703609345743676,0.7101773891547623,0.7167454325658486,0.7233134759769348,0.7298815193880211,0.7364495627991074,0.7430176062101939,0.7495856496212802,0.7561536930323665,0.7627217364434528,0.7692897798545391,0.7758578232656255,0.7824258666767118,0.7889939100877981,0.7955619534988844,0.8021299969099707,0.808698040321057,0.8152660837321434,0.8218341271432297,0.828402170554316,0.04567570297931104,0.015225234326437078,0.030450468652874024,0.015225234326437012,0.015225234326437012,0.06090093730574831,0.04567570297931104,0.06090093730574805,0.045675702979311235,0.06090093730574805,0.09135140595862208,0.09135140595862247,0.13702710893793252,0.13702710893793368,0.3349551551816129,0.21315328057011906,0.3045046865287416,0.3045046865287416,0.47198226411954536,0.44153179546667526,0.5328832014252932,0.6851355446896685,0.7917121849747281,0.9439645282390987,0.6242346073839149,1.187568277462082,1.172343043135655,1.3245953864000257,1.4920729639908334,1.5681991356230056,1.766127181866701,1.811802884845997,2.009730931089694,2.0249561654161314,1.9945056967632573,2.6948664757793397,2.999371162308079,3.1516235055724753,2.984145927981667,3.349551551816157,3.577930066712683,2.9993711623081043,3.3343263174897197,3.684506706997741,3.7301824099770844,3.882434753241422,3.897659987567892,4.21738990842307,4.049912330832228,4.719822641195495,4.719822641195495,4.049912330832263,4.217389908422999,3.8976599875679576,3.882434753241389,3.7301824099770844,3.6845067069977726,3.334326317489664,2.999371162308155,3.5779300667126526,3.349551551816157,2.984145927981667,3.1516235055724215,2.999371162308155,2.6948664757793175,1.9945056967632573,2.0249561654161314,2.009730931089694,1.8118028848460122,1.766127181866671,1.568199135623019,1.4920729639908334,1.3245953864000257,1.172343043135655,1.187568277462072,0.6242346073839307,0.9439645282390827,0.7917121849747281,0.6851355446896685,0.5328832014252978,0.44153179546666776,0.47198226411954936,0.3045046865287416,0.3045046865287416,0.21315328057011906,0.33495515518161567,0.13702710893793138,0.13702710893793368,0.09135140595862247,0.09135140595862247,0.06090093730574831,0.04567570297931046,0.06090093730574831,0.045675702979311235,0.06090093730574831,0.015225234326437078,0.015225234326437078,0.03045046865287364,0.015225234326437078,0.045675702979311235,0.5,0.09577301684936594
1.01,expected,0.4,False,False,100,100,normal,0.3,1.2,2.0,1.0,0.2,0.10218085675837493,0.11013723962320743,0.11809362248803994,0.12605000535287242,0.13400638821770494,0.14196277108253744,0.14991915394736993,0.15787553681220243,0.16583191967703492,0.17378830254186745,0.18174468540669994,0.18970106827153244,0.19765745113636493,0.20561383400119743,0.21357021686602995,0.22152659973086244,0.22948298259569494,0.23743936546052744,0.24539574832535993,0.25335213119019245,0.261308514055025,0.26926489691985744,0.2772212797846899,0.28517766264952243,0.29313404551435496,0.3010904283791874,0.30904681124401995,0.31700319410885247,0.32495957697368494,0.3329159598385174,0.34087234270335,0.34882872556818245,0.3567851084330149,0.3647414912978475,0.37269787416267997,0.38065425702751243,0.3886106398923449,0.3965670227571775,0.40452340562200995,0.4124797884868424,0.420436171351675,0.42839255421650746,0.4363489370813399,0.4443053199461725,0.452261702811005,0.46021808567583744,0.4681744685406699,0.4761308514055025,0.48408723427033495,0.4920436171351674,0.5,0.5079563828648325,0.5159127657296649,0.5238691485944974,0.53182553145933,0.5397819143241624,0.5477382971889949,0.5556946800538275,0.56365106291866,0.5716074457834924,0.579563828648325,0.5875202115131575,0.5954765943779899,0.6034329772428225,0.611389360107655,0.6193457429724875,0.62730212583732,0.6352585087021525,0.643214891566985,0.6511712744318174,0.65912765729665,0.6670840401614825,0.675040423026315,0.6829968058911475,0.69095318875598,0.6989095716208125,0.706865954485645,0.7148223373504775,0.72277872021531,0.7307351030801424,0.738691485944975,0.7466478688098075,0.75460425167464,0.7625606345394725,0.770517017404305,0.7784734002691375,0.78642978313397,0.7943861659988025,0.802342548863635,0.8102989317284675,0.8182553145933,0.8262116974581325,0.834168080322965,0.8421244631877975,0.85008084605263,0.8580372289174625,0.865993611782295,0.8739499946471275,0.88190637751196,0.8898627603767925,0.897819143241625,0.01256852538381526,0.012568525383815239,0.0,0.0,0.0,0.0,0.0,0.01256852538381526,0.025137050767630433,0.05027410153526104,0.02513705076763052,0.05027410153526104,0.03770557615144578,0.08797967768670652,0.11311672845433735,0.07541115230289155,0.03770557615144578,0.07541115230289155,0.10054820307052173,0.17595935537341303,0.30164460921156727,0.3644872361306439,0.28907608382774996,0.3896242868982717,0.5655836422716887,0.6535633199583912,0.6032892184231304,0.8420912007156254,0.9426394037861479,1.0306190814728406,1.3071266399167916,1.483085995290206,1.4956545206740004,1.6841824014312508,1.8475732314208497,2.362882772157277,2.3377457213896142,2.4257253990763536,3.0792887190347495,2.815349685974589,3.0918572444185646,2.978740515964227,3.43120742978153,3.330659226711056,3.7705576151445914,3.330659226711056,3.9339484451341353,3.8208317166798524,3.6951464628416995,3.7454205643769085,3.745420564376961,3.6951464628416995,3.8208317166798524,3.9339484451341353,3.330659226711056,3.7705576151445914,3.3306592267110093,3.431207429781578,2.978740515964227,3.091857244418522,2.815349685974628,3.0792887190347495,2.42572539907632,2.3377457213896466,2.362882772157277,1.847573231420824,1.6841824014312508,1.4956545206740213,1.483085995290206,1.3071266399167734,1.030619081472855,0.9426394037861479,0.8420912007156136,0.6032892184231345,0.6535633199583958,0.5655836422716808,0.38962428689827444,0.289076083827752,0.3644872361306439,0.3016446092115631,0.17595935537341426,0.10054820307052244,0.07541115230289078,0.03770557615144591,0.07541115230289182,0.11311672845433615,0.08797967768670713,0.03770557615144591,0.05027410153526122,0.02513705076763026,0.05027410153526122,0.02513705076763061,0.01256852538381513,0.0,0.0,0.0,0.0,0.0,0.012568525383815305,0.01256852538381513,0.5,0.10045177753007381
1.01,expected,0.4,False,False,100,100,normal,0.3,1.2,2.0,1.0,0.3,0.16184303371423964,0.16860617303995484,0.17536931236567005,0.18213245169138526,0.18889559101710046,0.19565873034281567,0.20242186966853087,0.20918500899424608,0.2159481483199613,0.2227112876456765,0.2294744269713917,0.2362375662971069,0.2430007056228221,0.24976384494853732,0.2565269842742525,0.26329012359996773,0.27005326292568294,0.27681640225139814,0.28357954157711335,0.29034268090282855,0.29710582022854376,0.30386895955425897,0.3106320988799742,0.3173952382056894,0.3241583775314046,0.3309215168571198,0.337684656182835,0.3444477955085502,0.3512109348342654,0.3579740741599806,0.3647372134856958,0.371500352811411,0.37826349213712623,0.38502663146284144,0.39178977078855665,0.39855291011427185,0.40531604943998706,0.41207918876570226,0.41884232809141747,0.4256054674171327,0.4323686067428479,0.4391317460685631,0.4458948853942783,0.4526580247199935,0.4594211640457087,0.4661843033714239,0.4729474426971391,0.4797105820228543,0.48647372134856953,0.49323686067428474,0.49999999999999994,0.5067631393257152,0.5135262786514303,0.5202894179771456,0.5270525573028608,0.533815696628576,0.5405788359542911,0.5473419752800064,0.5541051146057216,0.5608682539314368,0.567631393257152,0.5743945325828672,0.5811576719085825,0.5879208112342976,0.5946839505600128,0.601447089885728,0.6082102292114433,0.6149733685371584,0.6217365078628736,0.6284996471885889,0.6352627865143041,0.6420259258400193,0.6487890651657344,0.6555522044914497,0.662315343817165,0.66907848314288,0.6758416224685952,0.6826047617943105,0.6893679011200258,0.6961310404457408,0.7028941797714561,0.7096573190971713,0.7164204584228866,0.7231835977486016,0.7299467370743169,0.7367098764000322,0.7434730157257474,0.7502361550514625,0.7569992943771777,0.763762433702893,0.7705255730286082,0.7772887123543233,0.7840518516800385,0.7908149910057538,0.7975781303314691,0.8043412696571841,0.8111044089828994,0.8178675483086146,0.8246306876343299,0.8313938269600449,0.8381569662857603,0.014786032814638923,0.0,0.0,0.029572065629277847,0.029572065629277847,0.029572065629277847,0.04435809844391677,0.029572065629277847,0.08871619688783354,0.029572065629277847,0.14786032814638922,0.17743239377566708,0.22179049221958386,0.2070044594049449,0.3252927219220563,0.2809346234781396,0.34007875473669524,0.39922288599525096,0.45836701725380663,0.38443685318061205,0.5914413125855569,0.7097295751026683,0.7097295751026683,1.0202362642100857,1.0645943626540026,1.0645943626540026,1.2715988220589474,1.567319478351726,1.4046731173906977,1.7299658393127542,1.9961144299762545,2.0256864956055325,2.0996166596787273,2.321407151898311,2.6171278081910896,2.5431976441178947,2.3361931847129496,2.8241322675960343,2.8093462347813953,2.8389183004106733,3.1642110223327298,2.9572065629277846,3.341643416108397,3.282499284849841,3.607792006771897,3.607792006771897,3.7408663021036475,3.5782199411426197,4.051372991211065,3.814796466176842,3.814796466176842,4.051372991211098,3.57821994114259,3.740866302103617,3.607792006771927,3.607792006771927,3.2824992848498145,3.3416434161083695,2.9572065629278086,3.1642110223327555,2.83891830041065,2.8093462347813727,2.8241322675960574,2.336193184712969,2.543197644117874,2.6171278081910683,2.3214071518983297,2.0996166596787442,2.025686495605516,1.9961144299762381,1.7299658393127684,1.4046731173907092,1.567319478351713,1.271598822058937,1.0645943626540288,1.0645943626539938,1.0202362642100773,0.7097295751026625,0.7097295751026858,0.5914413125855521,0.38443685318060883,0.4583670172538029,0.3992228859952608,0.34007875473669247,0.28093462347813725,0.3252927219220536,0.20700445940495002,0.22179049221958202,0.17743239377566564,0.14786032814638803,0.029572065629278575,0.08871619688783282,0.029572065629277604,0.04435809844391641,0.029572065629278575,0.029572065629277604,0.029572065629277604,0.0,0.0,0.014786032814638559,0.5,0.102733524532438
1.01,expected,0.4,False,False,100,100,normal,0.3,1.2,2.0,1.0,0.4,0.13451886238218913,0.14182848513454535,0.14913810788690157,0.1564477306392578,0.163757353391614,0.1710669761439702,0.17837659889632643,0.18568622164868265,0.19299584440103887,0.2003054671533951,0.2076150899057513,0.21492471265810753,0.22223433541046372,0.22954395816281997,0.23685358091517617,0.24416320366753239,0.2514728264198886,0.2587824491722448,0.26609207192460105,0.2734016946769573,0.2807113174293135,0.2880209401816697,0.29533056293402593,0.3026401856863821,0.3099498084387383,0.31725943119109457,0.3245690539434508,0.331878676695807,0.3391882994481632,0.34649792220051945,0.35380754495287564,0.36111716770523183,0.3684267904575881,0.37573641320994433,0.3830460359623005,0.3903556587146567,0.39766528146701297,0.40497490421936916,0.4122845269717254,0.4195941497240816,0.42690377247643785,0.43421339522879404,0.44152301798115023,0.4488326407335065,0.4561422634858627,0.4634518862382189,0.4707615089905751,0.47807113174293137,0.48538075449528756,0.49269037724764375,0.5,0.5073096227523561,0.5146192455047125,0.5219288682570686,0.5292384910094249,0.5365481137617811,0.5438577365141373,0.5511673592664935,0.5584769820188498,0.5657866047712059,0.5730962275235622,0.5804058502759184,0.5877154730282745,0.5950250957806309,0.602334718532987,0.6096443412853432,0.6169539640376995,0.6242635867900557,0.6315732095424119,0.6388828322947682,0.6461924550471243,0.6535020777994806,0.6608117005518368,0.6681213233041929,0.6754309460565492,0.6827405688089054,0.6900501915612617,0.6973598143136178,0.7046694370659741,0.7119790598183303,0.7192886825706866,0.7265983053230427,0.733907928075399,0.7412175508277552,0.7485271735801113,0.7558367963324676,0.7631464190848238,0.7704560418371801,0.7777656645895362,0.7850752873418925,0.7923849100942487,0.7996945328466049,0.8070041555989611,0.8143137783513174,0.8216234011036736,0.8289330238560297,0.836242646608386,0.8435522693607422,0.8508618921130984,0.8581715148654546,0.8654811376178109,0.0273611931526194,0.0,0.0136805965763097,0.0,0.013680596576309753,0.0273611931526194,0.0136805965763097,0.0136805965763097,0.09576417603416791,0.0547223863052388,0.0136805965763097,0.16416715891571704,0.12312536918678683,0.10944477261047802,0.20520894864464548,0.1504865623394067,0.2872925281025048,0.3556955109840509,0.3693761075603605,0.2872925281025048,0.5745850562050095,0.5882656527813148,0.6429880390865583,0.8755581808838242,0.7797940048496499,0.9986835500706044,1.2859760781731167,1.2312536918678778,1.2722954815967973,1.64167158915717,1.3954208507835948,1.7511163617676349,1.7237551686150157,2.0794506795990824,2.0657700830227723,2.3393820145489497,2.421465594006826,2.3804238042778785,2.7908417015671896,2.831883491296097,2.7497999118382603,3.365426757772199,2.913967070753955,3.351746161195889,3.6253580927220566,3.3380655646195794,3.570635706416818,3.7211222687562526,3.762164058485182,4.008414796858727,4.008414796858788,3.762164058485096,3.721122268756281,3.570635706416818,3.338065564619554,3.625358092722112,3.3517461611958637,2.913967070753955,3.3654267577722248,2.749799911838239,2.831883491296097,2.7908417015672105,2.3804238042778425,2.4214655940068446,2.3393820145489856,2.0657700830227257,2.079450679599098,1.7237551686150157,1.7511163617676349,1.3954208507836052,1.6416715891571578,1.2722954815967973,1.2312536918678871,1.2859760781731069,0.9986835500706044,0.7797940048496499,0.8755581808838308,0.6429880390865534,0.5882656527813148,0.5745850562050052,0.28729252810250694,0.3693761075603605,0.3556955109840509,0.28729252810250694,0.15048656233940613,0.20520894864464473,0.10944477261047718,0.12312536918678871,0.1641671589157158,0.013680596576309647,0.05472238630523942,0.09576417603416754,0.013680596576309647,0.013680596576309647,0.02736119315261971,0.013680596576309647,0.0,0.013680596576309855,0.0,0.027361193152619295,0.5,0.10600031174121989
1.01,expected,0.4,False,False,100,100,normal,0.3,1.2,2.0,1.25,0.1,0.16841763813641275,0.1750492853736845,0.18168093261095625,0.188312579848228,0.19494422708549974,0.20157587432277146,0.20820752156004324,0.21483916879731496,0.2214708160345867,0.22810246327185846,0.2347341105091302,0.24136575774640195,0.2479974049836737,0.25462905222094545,0.26126069945821717,0.26789234669548895,0.27452399393276067,0.28115564117003244,0.28778728840730416,0.2944189356445759,0.30105058288184766,0.30768223011911944,0.31431387735639116,0.3209455245936629,0.32757717183093465,0.33420881906820643,0.34084046630547815,0.34747211354274987,0.3541037607800216,0.36073540801729337,0.36736705525456514,0.37399870249183687,0.3806303497291086,0.38726199696638036,0.39389364420365214,0.40052529144092386,0.4071569386781956,0.41378858591546736,0.4204202331527391,0.42705188039001085,0.4336835276272826,0.44031517486455435,0.44694682210182607,0.4535784693390978,0.46021011657636957,0.4668417638136413,0.47347341105091306,0.4801050582881848,0.48673670552545656,0.4933683527627283,0.5,0.5066316472372718,0.5132632944745436,0.5198949417118153,0.526526588949087,0.5331582361863587,0.5397898834236305,0.5464215306609023,0.553053177898174,0.5596848251354458,0.5663164723727174,0.5729481196099893,0.579579766847261,0.5862114140845327,0.5928430613218045,0.5994747085590761,0.606106355796348,0.6127380030336197,0.6193696502708914,0.6260012975081632,0.632632944745435,0.6392645919827067,0.6458962392199785,0.6525278864572501,0.659159533694522,0.6657911809317937,0.6724228281690654,0.6790544754063371,0.685686122643609,0.6923177698808807,0.6989494171181524,0.7055810643554241,0.712212711592696,0.7188443588299677,0.7254760060672394,0.7321076533045111,0.7387393005417828,0.7453709477790547,0.7520025950163264,0.7586342422535981,0.7652658894908698,0.7718975367281417,0.7785291839654134,0.7851608312026851,0.7917924784399568,0.7984241256772286,0.8050557729145004,0.8116874201517721,0.8183190673890438,0.8249507146263155,0.8315823618635874,0.03015841959686019,0.0,0.03015841959686019,0.0,0.015079209798430157,0.0,0.0,0.015079209798430094,0.045237629395290274,0.07539604899215047,0.06031683919372038,0.015079209798430094,0.06031683919372038,0.12063367838744125,0.10555446858901021,0.22618814697645234,0.24126735677488045,0.2563465665733127,0.2412673567748825,0.33174261556546064,0.3015841959686006,0.42221787435604435,0.6333268115340666,0.6785644409293513,0.7087228605262114,0.874594168308949,1.0857031054869712,0.8896733781073792,1.1912575740759723,1.2817328328665525,1.5833170288351663,1.749188336617898,2.2769606795629342,2.3221983089582245,2.2468022599660933,2.7896538127095787,2.8650498617017055,2.9404459106938803,2.9856835400891457,3.046000379282891,3.4832974634373373,3.4229806242436456,4.0864658553745725,4.086465855374538,3.784881659405969,3.8451984985996575,4.795188715900789,4.4483668905368585,4.222178743560443,4.478525310133756,4.478525310133682,4.222178743560443,4.448366890536896,4.795188715900789,3.8451984985996894,3.7848816594059054,4.0864658553745725,4.0864658553745725,3.422980624243588,3.4832974634374243,3.0460003792828405,2.985683540089171,2.9404459106938803,2.8650498617016815,2.7896538127096253,2.2468022599660555,2.3221983089582436,2.2769606795629533,1.7491883366178689,1.5833170288351663,1.2817328328665631,1.1912575740759623,0.8896733781073941,1.085703105486953,0.874594168308949,0.7087228605262172,0.678564440929357,0.6333268115340559,0.42221787435604435,0.30158419596860314,0.3317426155654634,0.24126735677487846,0.2563465665733127,0.2412673567748825,0.22618814697645234,0.10555446858901109,0.12063367838743923,0.06031683919372063,0.015079209798430157,0.06031683919372063,0.07539604899214952,0.04523762939529047,0.015079209798430157,0.0,0.0,0.015079209798430157,0.0,0.030158419596860313,0.0,0.030158419596859807,0.5,0.08891404293429013
1.01,expected,0.4,False,False,100,100,normal,0.3,1.2,2.0,1.25,0.2,0.1525574801408363,0.15950633053801958,0.16645518093520287,0.17340403133238613,0.18035288172956943,0.1873017321267527,0.19425058252393596,0.20119943292111925,0.2081482833183025,0.21509713371548578,0.22204598411266907,0.22899483450985234,0.2359436849070356,0.2428925353042189,0.24984138570140216,0.2567902360985854,0.2637390864957687,0.270687936892952,0.2776367872901353,0.28458563768731854,0.29153448808450183,0.29848333848168507,0.30543218887886836,0.31238103927605165,0.31932988967323495,0.3262787400704182,0.3332275904676015,0.3401764408647847,0.347125291261968,0.3540741416591513,0.3610229920563346,0.3679718424535179,0.3749206928507011,0.38186954324788436,0.38881839364506765,0.39576724404225094,0.40271609443943424,0.4096649448366175,0.41661379523380077,0.42356264563098406,0.43051149602816735,0.4374603464253506,0.4444091968225339,0.4513580472197172,0.4583068976169004,0.4652557480140837,0.472204598411267,0.47915344880845023,0.4861022992056335,0.4930511496028168,0.5,0.5069488503971833,0.5138977007943666,0.5208465511915499,0.5277954015887332,0.5347442519859165,0.5416931023830998,0.548641952780283,0.5555908031774663,0.5625396535746496,0.5694885039718328,0.5764373543690161,0.5833862047661994,0.5903350551633826,0.5972839055605659,0.6042327559577492,0.6111816063549325,0.6181304567521158,0.625079307149299,0.6320281575464823,0.6389770079436656,0.6459258583408489,0.6528747087380322,0.6598235591352155,0.6667724095323986,0.6737212599295819,0.6806701103267652,0.6876189607239485,0.6945678111211318,0.701516661518315,0.7084655119154983,0.7154143623126816,0.7223632127098649,0.7293120631070482,0.7362609135042315,0.7432097639014148,0.7501586142985981,0.7571074646957812,0.7640563150929645,0.7710051654901477,0.777954015887331,0.7849028662845143,0.7918517166816976,0.7988005670788809,0.8057494174760642,0.8126982678732475,0.8196471182704308,0.8265959686676141,0.8335448190647974,0.8404936694619807,0.8474425198591637,0.014390869609242884,0.0,0.014390869609242884,0.014390869609242827,0.02878173921848577,0.014390869609242884,0.05756347843697131,0.02878173921848577,0.0,0.05756347843697131,0.07195434804621444,0.08634521765545732,0.10073608726469979,0.1007360872647002,0.11512695687394307,0.18708130492015676,0.12951782648318544,0.31659913140334217,0.259035652966373,0.40294434905879917,0.4748986971050171,0.5324621755419846,0.503680436323499,0.6475891324159273,0.6619800020251754,0.7627160892898699,0.8490613069453337,0.9354065246007838,1.3815234824873115,1.4103052217057972,1.6261682658444396,1.7844678315461249,1.8276404403738535,2.000330875684753,2.331320876697338,2.201803050214153,2.6623108777099445,2.9213465306762942,2.74865609536538,3.4538087062182785,3.5401539238737643,3.6121082719199498,3.8855347944955634,3.7991895768401367,3.468199575827522,3.8135804464493495,4.087006969024995,3.770407837621621,4.043834360197234,4.2165247955082155,4.216524795508148,4.043834360197234,3.770407837621621,4.087006969024963,3.8135804464493495,3.468199575827522,3.799189576840107,3.8855347944955634,3.6121082719199498,3.5401539238737927,3.4538087062182785,2.74865609536538,2.9213465306763404,2.662310877709923,2.201803050214153,2.331320876697338,2.000330875684753,1.827640440373839,1.7844678315461107,1.6261682658444396,1.4103052217057972,1.3815234824873115,0.9354065246007838,0.8490613069453541,0.7627160892898699,0.66198000202517,0.6475891324159273,0.503680436323499,0.5324621755419846,0.47489869710501337,0.40294434905879917,0.2590356529663709,0.31659913140334217,0.12951782648318544,0.18708130492015676,0.11512695687394262,0.10073608726470303,0.10073608726469979,0.08634521765545697,0.07195434804621413,0.05756347843697131,0.0,0.028781739218485654,0.05756347843697131,0.014390869609242827,0.028781739218485654,0.014390869609242827,0.014390869609242827,0.0,0.014390869609243288,0.5,0.09495627981163268
1.01,expected,0.4,False,False,100,100,normal,0.3,1.2,2.0,1.25,0.3,0.15096690039184552,0.15794756238400862,0.1649282243761717,0.1719088863683348,0.17888954836049786,0.18587021035266096,0.19285087234482406,0.19983153433698714,0.20681219632915024,0.21379285832131334,0.2207735203134764,0.2277541823056395,0.23473484429780261,0.2417155062899657,0.2486961682821288,0.2556768302742919,0.26265749226645496,0.26963815425861803,0.2766188162507811,0.28359947824294424,0.2905801402351073,0.29756080222727044,0.3045414642194335,0.3115221262115966,0.31850278820375966,0.3254834501959228,0.33246411218808586,0.339444774180249,0.34642543617241206,0.35340609816457513,0.3603867601567382,0.3673674221489013,0.3743480841410644,0.38132874613322754,0.3883094081253906,0.3952900701175537,0.40227073210971676,0.4092513941018799,0.41623205609404296,0.42321271808620603,0.4301933800783691,0.43717404207053223,0.4441547040626953,0.4511353660548584,0.4581160280470215,0.4650966900391846,0.47207735203134765,0.4790580140235108,0.48603867601567385,0.4930193380078369,0.5,0.5069806619921631,0.5139613239843261,0.5209419859764893,0.5279226479686524,0.5349033099608155,0.5418839719529787,0.5488646339451417,0.5558452959373048,0.5628259579294679,0.569806619921631,0.576787281913794,0.5837679439059571,0.5907486058981202,0.5977292678902832,0.6047099298824463,0.6116905918746095,0.6186712538667726,0.6256519158589356,0.6326325778510988,0.6396132398432619,0.646593901835425,0.653574563827588,0.6605552258197511,0.6675358878119142,0.6745165498040773,0.6814972117962403,0.6884778737884034,0.6954585357805665,0.7024391977727296,0.7094198597648926,0.7164005217570559,0.723381183749219,0.7303618457413821,0.7373425077335451,0.7443231697257082,0.7513038317178713,0.7582844937100344,0.7652651557021974,0.7722458176943605,0.7792264796865236,0.7862071416786867,0.7931878036708497,0.800168465663013,0.8071491276551761,0.8141297896473392,0.8211104516395022,0.8280911136316653,0.8350717756238284,0.8420524376159915,0.8490330996081545,0.014325288935671981,0.0,0.0,0.014325288935672037,0.014325288935671981,0.0,0.028650577871344073,0.04297586680701594,0.028650577871343962,0.042975866807016115,0.08595173361403188,0.057301155742687924,0.1146023114853763,0.11460231148537585,0.1575781782923918,0.15757817829239243,0.15757817829239243,0.21487933403508058,0.3008310676491104,0.35813222339180095,0.5013851127485174,0.5586862684912095,0.5586862684912095,1.0887219591110748,0.9741196476256908,0.8451920472046502,0.9454690697543471,1.131697825918091,1.2749507152748114,1.2749507152748114,1.4325288935672038,2.091492184608101,1.6044323607952555,2.0198657399297577,2.1774439182221497,2.3923232522572304,2.3206968075788517,2.736130186713359,2.979660098619784,3.380768188818601,2.951009520748417,3.939454457309811,3.552671656046666,3.5383463671109654,3.767550990081746,3.4523946334969615,3.509695789239622,3.996755613052499,4.283261391765939,4.4408395700583325,4.4408395700583325,4.283261391765939,3.9967556130524353,3.5096957892396494,3.4523946334969615,3.7675509900816864,3.538346367110994,3.552671656046666,3.939454457309811,2.95100952074844,3.380768188818601,2.979660098619784,2.736130186713359,2.3206968075788703,2.3923232522572304,2.177443918222115,2.0198657399297577,1.6044323607952684,2.0914921846080845,1.4325288935672038,1.2749507152748114,1.2749507152748114,1.131697825918091,0.9454690697543545,0.8451920472046502,0.9741196476256986,1.0887219591110748,0.5586862684912095,0.5586862684912095,0.5013851127485214,0.3581322233917896,0.3008310676491128,0.21487933403508058,0.15757817829239243,0.15757817829239243,0.15757817829239243,0.1146023114853763,0.1146023114853763,0.05730115574268815,0.08595173361403223,0.042975866807016115,0.028650577871344073,0.04297586680701475,0.028650577871344073,0.0,0.014325288935672037,0.014325288935672037,0.0,0.0,0.014325288935672037,0.5,0.09705541723274941
1.01,expected,0.4,False,False,100,100,normal,0.3,1.2,2.0,1.25,0.4,0.1597441405278915,0.16654925771733367,0.17335437490677583,0.180159492096218,0.18696460928566017,0.19376972647510235,0.20057484366454453,0.2073799608539867,0.21418507804342884,0.22099019523287103,0.2277953124223132,0.23460042961175537,0.24140554680119755,0.24821066399063973,0.2550157811800819,0.26182089836952405,0.26862601555896626,0.2754311327484084,0.28223624993785057,0.2890413671272928,0.2958464843167349,0.3026516015061771,0.30945671869561925,0.3162618358850614,0.3230669530745036,0.32987207026394577,0.3366771874533879,0.34348230464283014,0.3502874218322723,0.35709253902171445,0.36389765621115666,0.37070277340059876,0.377507890590041,0.3843130077794832,0.3911181249689253,0.3979232421583675,0.40472835934780965,0.4115334765372518,0.418338593726694,0.4251437109161362,0.43194882810557833,0.43875394529502054,0.4455590624844627,0.45236417967390485,0.459169296863347,0.4659744140527892,0.4727795312422314,0.47958464843167353,0.48638976562111574,0.4931948828105579,0.5,0.5068051171894422,0.5136102343788844,0.5204153515683265,0.5272204687577687,0.534025585947211,0.540830703136653,0.5476358203260953,0.5544409375155375,0.5612460547049796,0.5680511718944218,0.574856289083864,0.5816614062733061,0.5884665234627483,0.5952716406521905,0.6020767578416326,0.6088818750310748,0.615686992220517,0.6224921094099591,0.6292972265994012,0.6361023437888436,0.6429074609782857,0.6497125781677278,0.6565176953571701,0.6633228125466122,0.6701279297360543,0.6769330469254966,0.6837381641149387,0.6905432813043808,0.6973483984938231,0.7041535156832652,0.7109586328727073,0.7177637500621497,0.7245688672515918,0.7313739844410339,0.738179101630476,0.7449842188199183,0.7517893360093604,0.7585944531988025,0.7653995703882448,0.7722046875776869,0.779009804767129,0.7858149219565713,0.7926200391460134,0.7994251563354555,0.8062302735248978,0.81303539071434,0.819840507903782,0.8266456250932244,0.8334507422826665,0.8402558594721086,0.014694824088429403,0.0,0.014694824088429403,0.0,0.05877929635371761,0.0,0.05877929635371786,0.07347412044214732,0.07347412044214702,0.07347412044214702,0.07347412044214732,0.13225341679586464,0.07347412044214702,0.191032713149583,0.2057275372380125,0.22042236132644016,0.2498120095033009,0.3232861299454482,0.4114550744760216,0.35267577812231005,0.6465722598908911,0.5877929635371786,0.9404687416594858,0.7641308525983259,0.7935205007751911,0.8082153248636205,1.2637548716049236,1.4400927606660874,1.204975575251216,1.5576513533735104,1.513566881108247,1.7780737146999506,1.9984960760263908,2.1307494928222894,2.130749492822255,2.4540356227677202,2.8507958731553162,2.6744579840941407,2.689152808182592,2.9389648176858927,3.6149267257536186,3.703095670284225,3.7471801425495133,3.467978484869353,3.6296215498420477,4.09985592067182,4.202719689290826,3.835349087080059,3.9088232075222376,3.497368133046241,3.497368133046184,3.9088232075222056,3.8353490870801217,4.2027196892907925,4.099855920671787,3.629621549842107,3.4679784848693247,3.747180142549483,3.703095670284255,3.6149267257536186,2.9389648176858687,2.6891528081826137,2.6744579840941407,2.8507958731552927,2.4540356227677402,2.130749492822255,2.130749492822255,1.9984960760264232,1.7780737146999797,1.5135668811081977,1.5576513533735359,1.2049755752512257,1.440092760666052,1.263754871604944,0.8082153248636271,0.7935205007751716,0.7641308525983384,0.9404687416594933,0.5877929635371641,0.6465722598909016,0.35267577812231005,0.4114550744760149,0.3232861299454508,0.2498120095033029,0.22042236132644374,0.20572753723800746,0.1910327131495846,0.07347412044214792,0.13225341679586192,0.07347412044214792,0.07347412044214792,0.07347412044214552,0.07347412044214792,0.058779296353718334,0.0,0.058779296353718334,0.0,0.014694824088429105,0.0,0.014694824088429584,0.5,0.09853105892460652
1.01,expected,0.4,False,False,100,100,normal,0.3,1.2,2.0,1.5,0.1,0.19703145629799926,0.20309082717203927,0.2091501980460793,0.2152095689201193,0.22126893979415932,0.22732831066819933,0.23338768154223935,0.23944705241627937,0.24550642329031938,0.2515657941643594,0.2576251650383994,0.26368453591243945,0.2697439067864794,0.2758032776605195,0.28186264853455945,0.2879220194085995,0.2939813902826395,0.30004076115667955,0.3061001320307195,0.3121595029047596,0.31821887377879954,0.3242782446528396,0.33033761552687957,0.33639698640091964,0.3424563572749596,0.34851572814899967,0.35457509902303963,0.3606344698970797,0.36669384077111966,0.37275321164515973,0.3788125825191997,0.38487195339323976,0.3909313242672797,0.3969906951413198,0.40305006601535975,0.4091094368893998,0.4151688077634398,0.42122817863747986,0.4272875495115198,0.4333469203855599,0.43940629125959985,0.4454656621336399,0.4515250330076799,0.45758440388171995,0.4636437747557599,0.4697031456298,0.47576251650383994,0.48182188737788,0.48788125825191997,0.49394062912596004,0.5,0.5060593708740401,0.51211874174808,0.5181781126221201,0.5242374834961601,0.5302968543702001,0.5363562252442401,0.5424155961182802,0.5484749669923201,0.5545343378663602,0.5605937087404002,0.5666530796144402,0.5727124504884802,0.5787718213625203,0.5848311922365602,0.5908905631106003,0.5969499339846402,0.6030093048586803,0.6090686757327203,0.6151280466067603,0.6211874174808003,0.6272467883548404,0.6333061592288803,0.6393655301029204,0.6454249009769604,0.6514842718510004,0.6575436427250404,0.6636030135990805,0.6696623844731204,0.6757217553471605,0.6817811262212005,0.6878404970952405,0.6938998679692805,0.6999592388433206,0.7060186097173605,0.7120779805914005,0.7181373514654406,0.7241967223394806,0.7302560932135206,0.7363154640875605,0.7423748349616006,0.7484342058356407,0.7544935767096806,0.7605529475837206,0.7666123184577607,0.7726716893318007,0.7787310602058407,0.7847904310798807,0.7908498019539207,0.7969091728279608,0.8029685437020008,0.016503363480922923,0.033006726961845846,0.0,0.033006726961845846,0.033006726961845846,0.016503363480922923,0.033006726961845846,0.016503363480922923,0.11552354436645992,0.13202690784738458,0.06601345392369108,0.06601345392369229,0.14853027132830493,0.1155235443664615,0.13202690784738216,0.1980403617710769,0.3465706330993782,0.41258408702307686,0.3960807235421465,0.5116042679086152,0.5446109948704515,0.7261479931606153,0.8251681740461385,1.1552354436646153,1.0232085358172118,0.9736984453744614,1.1717388071455166,1.1552354436646153,1.650336348092277,1.782363255939692,1.435792622840281,2.194947342962769,2.013410344672578,2.459001158657538,2.6405381569476436,3.1026323344135376,2.9871087900470217,3.1026323344135376,3.3831895135891683,3.4326996040319995,4.191854324154384,3.9112971449787683,3.779270237131315,4.109337506749846,4.373391322444534,4.340384595482768,3.9278005084596197,4.439404776368307,4.257867778078075,4.604438411177537,4.604438411177453,4.257867778078153,4.439404776368225,3.9278005084596916,4.340384595482689,4.373391322444614,4.10933750674977,3.779270237131384,3.9112971449786964,4.191854324154461,3.432699604031936,3.38318951358923,3.1026323344134807,2.9871087900470763,3.1026323344134807,2.640538156947692,2.4590011586574927,2.013410344672615,2.194947342962729,1.4357926228403073,1.7823632559396592,1.6503363480923074,1.155235443664594,1.1717388071455381,0.9736984453744435,1.0232085358172305,1.155235443664594,0.8251681740461537,0.726147993160602,0.5446109948704614,0.5116042679086059,0.3960807235421538,0.41258408702306926,0.3465706330993845,0.1980403617710769,0.13202690784738216,0.1155235443664594,0.14853027132830765,0.06601345392369229,0.06601345392369108,0.13202690784738216,0.1155235443664615,0.016503363480923072,0.03300672696184554,0.01650336348092277,0.033006726961846145,0.033006726961846145,0.0,0.03300672696184554,0.016503363480923072,0.5,0.08704568018059501
1.01,expected,0.4,False,False,100,100,normal,0.3,1.2,2.0,1.5,0.2,0.18285191132788053,0.18919487310132294,0.1955378348747653,0.2018807966482077,0.20822375842165008,0.2145667201950925,0.2209096819685349,0.22725264374197726,0.23359560551541966,0.23993856728886204,0.24628152906230444,0.25262449083574684,0.2589674526091892,0.2653104143826316,0.271653376156074,0.2779963379295164,0.2843392997029588,0.2906822614764012,0.29702522324984354,0.30336818502328594,0.30971114679672834,0.3160541085701707,0.3223970703436131,0.3287400321170555,0.3350829938904979,0.3414259556639403,0.3477689174373827,0.3541118792108251,0.3604548409842675,0.36679780275770985,0.37314076453115225,0.3794837263045946,0.385826688078037,0.3921696498514794,0.3985126116249218,0.4048555733983642,0.4111985351718066,0.417541496945249,0.4238844587186914,0.43022742049213375,0.43657038226557615,0.44291334403901855,0.4492563058124609,0.4555992675859033,0.4619422293593457,0.4682851911327881,0.4746281529062305,0.48097111467967285,0.48731407645311525,0.49365703822655765,0.5,0.5063429617734425,0.5126859235468848,0.5190288853203272,0.5253718470937696,0.531714808867212,0.5380577706406544,0.5444007324140967,0.5507436941875392,0.5570866559609815,0.563429617734424,0.5697725795078663,0.5761155412813087,0.5824585030547511,0.5888014648281935,0.5951444266016359,0.6014873883750783,0.6078303501485207,0.614173311921963,0.6205162736954055,0.6268592354688478,0.6332021972422903,0.6395451590157326,0.645888120789175,0.6522310825626174,0.6585740443360598,0.6649170061095022,0.6712599678829445,0.677602929656387,0.6839458914298293,0.6902888532032718,0.6966318149767141,0.7029747767501566,0.7093177385235989,0.7156607002970412,0.7220036620704837,0.728346623843926,0.7346895856173685,0.7410325473908108,0.7473755091642533,0.7537184709376956,0.7600614327111381,0.7664043944845804,0.7727473562580229,0.7790903180314652,0.7854332798049075,0.79177624157835,0.7981192033517923,0.8044621651252348,0.8108051268986771,0.8171480886721195,0.03153101140186402,0.0,0.01576550570093201,0.0,0.07882752850466006,0.01576550570093201,0.04729651710279624,0.04729651710279603,0.1418895513083887,0.07882752850466006,0.1418895513083881,0.07882752850466075,0.12612404560745608,0.1418895513083881,0.20495157411211612,0.18918606841118413,0.2680135969158442,0.2364825855139822,0.3310756197195723,0.4729651710279603,0.5044961824298287,0.5675582052335524,0.7725097793456686,0.7567442736447365,0.8986338249531247,1.1824129275699007,1.1981784332708327,1.371598995981085,1.2454749503736398,1.8445641670090451,1.7815021442053327,1.686909109999725,2.2544673152332777,2.2229363038314136,2.3648258551398014,2.3648258551398014,2.82202552046683,3.310756197195722,3.4211147371022768,3.1688666458873342,3.673362828317159,3.720659345419987,3.3265217028966543,3.7837213682236825,3.878314402429275,4.162093505046051,4.099031482242358,4.272452044952575,4.887306767288924,4.635058676074052,4.63505867607393,4.887306767289009,4.272452044952575,4.099031482242323,4.162093505046051,3.878314402429275,3.7837213682237487,3.326521702896596,3.72065934542002,3.673362828317094,3.1688666458873898,3.4211147371022466,3.310756197195722,2.82202552046683,2.3648258551398014,2.3648258551398014,2.2229363038314136,2.254467315233317,1.6869091099996956,1.7815021442053482,1.8445641670090132,1.2454749503736506,1.371598995981085,1.1981784332708327,1.1824129275699007,0.8986338249531247,0.7567442736447497,0.772509779345655,0.5675582052335624,0.5044961824298155,0.4729651710279686,0.33107561971956645,0.2364825855139843,0.2680135969158489,0.18918606841118082,0.20495157411211973,0.14188955130838563,0.1261240456074583,0.07882752850465867,0.1418895513083906,0.07882752850465867,0.1418895513083906,0.047296517102795206,0.04729651710279686,0.015765505700932287,0.07882752850465867,0.0,0.015765505700931735,0.0,0.03153101140186402,0.5,0.09052084521734853
1.01,expected,0.4,False,False,100,100,normal,0.3,1.2,2.0,1.5,0.3,0.1808989404639817,0.18728096165470207,0.19366298284542244,0.20004500403614278,0.20642702522686315,0.21280904641758353,0.21919106760830387,0.22557308879902424,0.2319551099897446,0.23833713118046498,0.24471915237118536,0.2511011735619057,0.25748319475262604,0.26386521594334644,0.2702472371340668,0.27662925832478713,0.28301127951550753,0.28939330070622793,0.2957753218969483,0.3021573430876686,0.308539364278389,0.31492138546910936,0.3213034066598297,0.3276854278505501,0.33406744904127045,0.3404494702319908,0.3468314914227112,0.35321351261343154,0.3595955338041519,0.3659775549948723,0.3723595761855926,0.37874159737631297,0.38512361856703337,0.39150563975775377,0.3978876609484741,0.40426968213919445,0.41065170332991485,0.4170337245206352,0.42341574571135554,0.42979776690207594,0.4361797880927963,0.4425618092835166,0.448943830474237,0.45532585166495737,0.4617078728556777,0.4680898940463981,0.47447191523711846,0.48085393642783886,0.4872359576185592,0.49361797880927955,0.49999999999999994,0.5063820211907203,0.5127640423814407,0.519146063572161,0.5255280847628814,0.5319101059536018,0.5382921271443222,0.5446741483350425,0.5510561695257629,0.5574381907164832,0.5638202119072036,0.570202233097924,0.5765842542886443,0.5829662754793647,0.589348296670085,0.5957303178608053,0.6021123390515257,0.6084943602422461,0.6148763814329665,0.6212584026236869,0.6276404238144072,0.6340224450051276,0.6404044661958479,0.6467864873865683,0.6531685085772887,0.6595505297680091,0.6659325509587294,0.6723145721494498,0.6786965933401701,0.6850786145308905,0.6914606357216109,0.6978426569123313,0.7042246781030516,0.710606699293772,0.7169887204844924,0.7233707416752126,0.729752762865933,0.7361347840566534,0.7425168052473737,0.7488988264380941,0.7552808476288145,0.7616628688195349,0.7680448900102552,0.7744269112009756,0.780808932391696,0.7871909535824163,0.7935729747731367,0.7999549959638571,0.8063370171545774,0.8127190383452978,0.8191010595360182,0.015669017230059132,0.031338034460118264,0.0156690172300592,0.0,0.015669017230059132,0.0156690172300592,0.047007051690177395,0.031338034460118264,0.15669017230059132,0.047007051690177395,0.1253521378404736,0.078345086150296,0.17235918953064971,0.2036972239907696,0.1253521378404736,0.23503525845088596,0.3133803446011813,0.3447183790613024,0.5327465858220128,0.4073944479815357,0.5640846202821311,0.7677818442729007,0.8461269304231895,0.8774649648833153,0.9244720165734929,0.9714790682636619,1.1908453094844993,1.5669017230059201,1.4415495851654339,1.504225654085683,1.9272891192972816,1.958627153757383,2.0996483088279145,2.0996483088279327,2.4130286534291168,2.710739980800218,2.8517611358707744,3.1808104977020175,3.196479514932049,3.4628528078430834,3.384507721692787,3.8075711869043523,3.9015852902847405,3.5568669112234383,3.6978880662939386,3.6978880662939715,4.246303669346006,4.246303669346043,4.261972686576103,4.073944479815356,4.073944479815392,4.261972686576065,4.24630366934608,4.246303669346006,3.6978880662939386,3.6978880662939386,3.5568669112234694,3.9015852902847064,3.8075711869044184,3.384507721692758,3.4628528078430527,3.196479514932049,3.18081049770199,2.8517611358707993,2.7107399808002652,2.413028653429096,2.0996483088279145,2.0996483088279145,1.958627153757383,1.9272891192972983,1.50422565408567,1.441549585165459,1.5669017230059064,1.1908453094844889,0.9714790682636619,0.9244720165735009,0.8774649648833076,0.8461269304232041,0.7677818442728942,0.5640846202821262,0.4073944479815357,0.5327465858220175,0.34471837906129943,0.3133803446011813,0.23503525845089002,0.1253521378404725,0.20369722399076784,0.1723591895306527,0.07834508615029533,0.1253521378404725,0.04700705169017719,0.15669017230059337,0.031338034460118125,0.04700705169017719,0.015669017230059337,0.015669017230059062,0.0,0.015669017230059337,0.031338034460118125,0.015669017230059062,0.5,0.0931997365811301
1.01,expected,0.4,False,False,100,100,normal,0.3,1.2,2.0,1.5,0.4,0.1704911144742583,0.17708129218477314,0.18367146989528796,0.1902616476058028,0.19685182531631762,0.20344200302683246,0.2100321807373473,0.21662235844786212,0.22321253615837697,0.22980271386889178,0.23639289157940663,0.24298306928992147,0.2495732470004363,0.2561634247109511,0.26275360242146595,0.2693437801319808,0.27593395784249564,0.2825241355530105,0.28911431326352527,0.2957044909740401,0.30229466868455496,0.30888484639506975,0.3154750241055846,0.32206520181609943,0.3286553795266143,0.3352455572371291,0.34183573494764397,0.3484259126581588,0.35501609036867365,0.36160626807918844,0.3681964457897033,0.3747866235002181,0.3813768012107329,0.38796697892124776,0.3945571566317626,0.40114733434227745,0.4077375120527923,0.41432768976330714,0.4209178674738219,0.42750804518433677,0.4340982228948516,0.44068840060536646,0.44727857831588125,0.4538687560263961,0.46045893373691094,0.4670491114474258,0.4736392891579406,0.4802294668684554,0.48681964457897026,0.4934098222894851,0.49999999999999994,0.5065901777105148,0.5131803554210296,0.5197705331315444,0.5263607108420593,0.5329508885525741,0.539541066263089,0.5461312439736037,0.5527214216841185,0.5593115993946334,0.5659017771051482,0.5724919548156631,0.5790821325261779,0.5856723102366928,0.5922624879472076,0.5988526656577224,0.6054428433682373,0.6120330210787521,0.618623198789267,0.6252133764997818,0.6318035542102967,0.6383937319208115,0.6449839096313262,0.6515740873418411,0.6581642650523559,0.6647544427628708,0.6713446204733855,0.6779347981839003,0.6845249758944152,0.69111515360493,0.6977053313154449,0.7042955090259597,0.7108856867364746,0.7174758644469894,0.7240660421575043,0.7306562198680191,0.7372463975785339,0.7438365752890488,0.7504267529995636,0.7570169307100785,0.7636071084205933,0.7701972861311082,0.776787463841623,0.7833776415521378,0.7899678192626525,0.7965579969731673,0.8031481746836822,0.809738352394197,0.8163285301047118,0.8229187078152267,0.8295088855257416,0.015174097633277284,0.04552229289983204,0.0,0.015174097633277346,0.015174097633277284,0.030348195266554568,0.030348195266554693,0.060696390533109136,0.12139278106621877,0.10621868343294097,0.07587048816638642,0.04552229289983204,0.10621868343294143,0.07587048816638642,0.12139278106621827,0.31865605029882293,0.1972632692326047,0.3034819526655482,0.3490042455653775,0.45522292899831845,0.47039702663159977,0.4248747337317639,0.804227174563696,0.9559681508964688,1.0318386390628553,1.0318386390628553,1.0925350295959644,1.2746242011952917,1.2746242011953026,1.608454349127392,1.623628446760683,1.7753694230934423,2.1698959615586513,2.0181549852258787,2.351985133157979,2.534074304757306,2.5947706952904155,2.8982526479559856,3.4445201627539435,3.1106900148218433,3.3383014793210024,3.9149171893855725,3.8997430917522617,3.732828017786211,3.7783503106860437,3.68730572488638,4.036309970451791,4.3701401183838575,4.142528653884698,3.9907876775519253,3.990787677551892,4.142528653884768,4.3701401183838575,4.036309970451757,3.68730572488638,3.7783503106860437,3.7328280177862747,3.8997430917522617,3.914917189385539,3.3383014793210024,3.1106900148218433,3.4445201627539435,2.898252647955961,2.5947706952904155,2.534074304757306,2.351985133157979,2.0181549852258787,2.1698959615586513,1.7753694230934423,1.6236284467606692,1.608454349127392,1.2746242011953133,1.2746242011952917,1.0925350295959644,1.0318386390628553,1.0318386390628727,0.9559681508964688,0.804227174563696,0.4248747337317639,0.47039702663159577,0.45522292899831845,0.3490042455653775,0.3034819526655457,0.1972632692326047,0.31865605029882293,0.12139278106621827,0.07587048816638642,0.10621868343294097,0.04552229289983185,0.07587048816638642,0.10621868343294097,0.12139278106621827,0.060696390533109136,0.030348195266555588,0.030348195266554568,0.015174097633277284,0.015174097633277284,0.0,0.04552229289983185,0.015174097633277029,0.5,0.09396707632261295
1.01,expected,0.4,False,False,100,100,normal,0.3,1.6,1.2,0.5,0.1,0.13512488379400658,0.14242238611812646,0.14971988844224632,0.1570173907663662,0.16431489309048605,0.17161239541460593,0.1789098977387258,0.18620740006284567,0.19350490238696555,0.2008024047110854,0.20809990703520528,0.21539740935932516,0.22269491168344502,0.22999241400756487,0.23728991633168478,0.24458741865580463,0.2518849209799245,0.2591824233040444,0.26647992562816425,0.2737774279522841,0.28107493027640396,0.2883724326005238,0.2956699349246437,0.3029674372487636,0.3102649395728835,0.31756244189700333,0.3248599442211232,0.33215744654524304,0.33945494886936295,0.3467524511934828,0.3540499535176027,0.36134745584172256,0.3686449581658424,0.37594246048996227,0.3832399628140821,0.390537465138202,0.39783496746232194,0.4051324697864418,0.41242997211056165,0.4197274744346815,0.42702497675880136,0.4343224790829212,0.44161998140704106,0.448917483731161,0.4562149860552809,0.46351248837940073,0.4708099907035206,0.47810749302764044,0.4854049953517603,0.49270249767588026,0.5000000000000001,0.50729750232412,0.5145950046482398,0.5218925069723597,0.5291900092964795,0.5364875116205994,0.5437850139447193,0.5510825162688392,0.558380018592959,0.5656775209170789,0.5729750232411988,0.5802725255653186,0.5875700278894385,0.5948675302135584,0.6021650325376783,0.6094625348617981,0.616760037185918,0.6240575395100378,0.6313550418341577,0.6386525441582775,0.6459500464823974,0.6532475488065174,0.6605450511306372,0.6678425534547571,0.6751400557788769,0.6824375581029968,0.6897350604271166,0.6970325627512365,0.7043300650753564,0.7116275673994763,0.7189250697235962,0.726222572047716,0.7335200743718359,0.7408175766959557,0.7481150790200756,0.7554125813441955,0.7627100836683154,0.7700075859924352,0.7773050883165551,0.784602590640675,0.7919000929647948,0.7991975952889148,0.8064950976130346,0.8137925999371545,0.8210901022612743,0.8283876045853942,0.835685106909514,0.8429826092336339,0.8502801115577538,0.8575776138818737,0.8648751162059936,0.013703318691585418,0.0,0.013703318691585418,0.027406637383170944,0.027406637383170836,0.0,0.05481327476634167,0.013703318691585418,0.04110995607475641,0.05481327476634167,0.15073650560743962,0.05481327476634189,0.15073650560744017,0.054813274766341465,0.16443982429902565,0.2603630551401239,0.17814314299060977,0.28776969252329493,0.2740663738317094,0.5618360663550043,0.5892427037381752,0.561836066355,0.6988692532708537,0.7536825280372009,0.8496057588782991,0.9866389457941539,0.8907157149530556,1.2058920448595123,1.192188726167936,1.6169916056070732,1.5758816495323291,1.479958418691231,2.0829044411209914,2.151421034578919,2.3158608588779446,2.137717715887301,2.398080771027457,2.6310371887844104,2.658443826167581,3.0969500242983163,2.7817736943918505,3.329906442055269,3.41212635420473,3.165466617756244,3.508049585045881,3.6039728158869786,3.4806429476627097,3.4669396289711245,3.754709321494362,3.7547093214944187,3.7547093214944187,3.7547093214944187,3.4669396289711245,3.4806429476627097,3.6039728158869786,3.5080495850458266,3.165466617756244,3.4121263542047826,3.329906442055269,2.7817736943918505,3.0969500242983163,2.658443826167581,2.6310371887843704,2.398080771027457,2.1377177158873337,2.3158608588779446,2.151421034578919,2.0829044411209914,1.479958418691231,1.5758816495323291,1.616991605607061,1.192188726167936,1.2058920448595214,0.8907157149530556,0.9866389457941539,0.8496057588782991,0.7536825280372009,0.6988692532708484,0.5618360663550043,0.5892427037381752,0.5618360663550043,0.2740663738317094,0.28776969252329493,0.17814314299061113,0.26036305514012,0.16443982429902565,0.05481327476634189,0.15073650560744017,0.05481327476634189,0.15073650560744017,0.05481327476634104,0.04110995607475641,0.013703318691585472,0.05481327476634189,0.0,0.027406637383170944,0.027406637383170944,0.01370331869158526,0.0,0.013703318691585472,0.5,0.10553941097610037
1.01,expected,0.4,False,False,100,100,normal,0.3,1.6,1.2,0.5,0.2,0.14950479159366387,0.15651469576179058,0.1635245999299173,0.17053450409804405,0.17754440826617077,0.18455431243429749,0.1915642166024242,0.19857412077055092,0.20558402493867767,0.21259392910680436,0.2196038332749311,0.22661373744305782,0.23362364161118454,0.2406335457793113,0.24764344994743798,0.2546533541155647,0.2616632582836914,0.26867316245181816,0.2756830666199449,0.28269297078807165,0.28970287495619834,0.29671277912432503,0.3037226832924518,0.3107325874605785,0.3177424916287052,0.32475239579683196,0.33176229996495865,0.3387722041330854,0.34578210830121214,0.35279201246933883,0.3598019166374656,0.36681182080559227,0.373821724973719,0.38083162914184576,0.38784153330997245,0.3948514374780992,0.4018613416462259,0.40887124581435264,0.4158811499824794,0.42289105415060607,0.4299009583187328,0.4369108624868595,0.44392076665498625,0.450930670823113,0.4579405749912397,0.46495047915936644,0.4719603833274931,0.4789702874956199,0.48598019166374656,0.4929900958318733,0.5,0.5070099041681267,0.5140198083362535,0.5210297125043801,0.528039616672507,0.5350495208406336,0.5420594250087604,0.5490693291768871,0.5560792333450137,0.5630891375131406,0.5700990416812672,0.577108945849394,0.5841188500175207,0.5911287541856474,0.5981386583537742,0.6051485625219009,0.6121584666900276,0.6191683708581543,0.626178275026281,0.6331881791944078,0.6401980833625345,0.6472079875306612,0.654217891698788,0.6612277958669146,0.6682377000350415,0.6752476042031681,0.682257508371295,0.6892674125394216,0.6962773167075482,0.7032872208756751,0.7102971250438017,0.7173070292119286,0.7243169333800552,0.7313268375481818,0.7383367417163087,0.7453466458844353,0.7523565500525622,0.7593664542206888,0.7663763583888155,0.7733862625569423,0.780396166725069,0.7874060708931958,0.7944159750613224,0.8014258792294491,0.8084357833975759,0.8154456875657026,0.8224555917338292,0.8294654959019561,0.8364754000700827,0.8434853042382096,0.8504952084063362,0.014265530255704388,0.014265530255704388,0.0,0.014265530255704388,0.028531060511408777,0.014265530255704388,0.04279659076711317,0.057062121022817325,0.12838977230134002,0.057062121022817325,0.09985871178993072,0.11412424204563511,0.15692083281274766,0.15692083281274888,0.2710450748583823,0.22824848409127113,0.2710450748583823,0.44223143792683434,0.49929355894965166,0.6134178009952912,0.5563556799724734,0.8416662850865556,0.7560731035523296,0.9415249968764934,1.0984458296892334,1.2411011322462868,0.9700560573878946,1.4265530255704333,1.440818555826149,1.4408185558261375,1.5264117373603756,1.7689257517073373,2.0827674173328323,2.18262612912278,2.0970329475885365,2.3680780224469378,2.553529915771075,2.653388627561006,2.6819196880724356,3.181213247022066,2.8959026419080023,3.0242924142093184,3.3381340798348136,3.5093204429032934,3.3381340798348136,3.823162108528791,3.751834457250239,3.7233033967388596,3.637710215204605,3.2525408983006137,3.2525408983005875,3.637710215204605,3.7233033967388898,3.7518344572501796,3.8231621085288214,3.3381340798348136,3.509320442903266,3.338134079834867,3.0242924142092704,2.8959026419080254,3.181213247022066,2.6819196880724143,2.653388627561048,2.5535299157710347,2.368078022446957,2.0970329475885365,2.1826261291227627,2.0827674173328656,1.7689257517073091,1.5264117373603876,1.4408185558261375,1.4408185558261375,1.4265530255704557,0.9700560573878793,1.2411011322462966,1.0984458296892163,0.9415249968765009,0.7560731035523416,0.8416662850865423,0.5563556799724777,0.6134178009952765,0.49929355894965954,0.44223143792684133,0.27104507485837803,0.22824848409127294,0.27104507485837803,0.15692083281275013,0.15692083281275013,0.11412424204563286,0.09985871178993191,0.05706212102281643,0.12838977230134102,0.057062121022818234,0.042796590767112314,0.014265530255704558,0.028531060511409117,0.014265530255704107,0.0,0.014265530255704107,0.014265530255704558,0.5,0.10609440179389214
1.01,expected,0.4,False,False,100,100,normal,0.3,1.6,1.2,0.5,0.3,0.10368077403484306,0.1116071585541462,0.11953354307344934,0.1274599275927525,0.13538631211205562,0.14331269663135876,0.1512390811506619,0.15916546566996503,0.16709185018926817,0.1750182347085713,0.18294461922787444,0.19087100374717758,0.19879738826648075,0.20672377278578385,0.21465015730508702,0.22257654182439013,0.2305029263436933,0.2384293108629964,0.24635569538229957,0.2542820799016027,0.26220846442090584,0.27013484894020895,0.2780612334595121,0.2859876179788152,0.2939140024981184,0.30184038701742155,0.30976677153672466,0.3176931560560278,0.32561954057533093,0.3335459250946341,0.3414723096139372,0.3493986941332404,0.3573250786525435,0.36525146317184665,0.37317784769114976,0.3811042322104529,0.38903061672975603,0.3969570012490592,0.4048833857683623,0.41280977028766547,0.4207361548069686,0.42866253932627174,0.43658892384557485,0.444515308364878,0.4524416928841811,0.4603680774034843,0.4682944619227874,0.47622084644209056,0.4841472309613937,0.49207361548069684,0.5,0.5079263845193032,0.5158527690386063,0.5237791535579094,0.5317055380772125,0.5396319225965157,0.5475583071158189,0.5554846916351219,0.5634110761544251,0.5713374606737283,0.5792638451930314,0.5871902297123345,0.5951166142316376,0.6030429987509408,0.610969383270244,0.6188957677895471,0.6268221523088503,0.6347485368281534,0.6426749213474565,0.6506013058667597,0.6585276903860628,0.6664540749053659,0.6743804594246691,0.6823068439439722,0.6902332284632754,0.6981596129825784,0.7060859975018816,0.7140123820211848,0.7219387665404879,0.729865151059791,0.7377915355790942,0.7457179200983973,0.7536443046177005,0.7615706891370037,0.7694970736563067,0.7774234581756099,0.785349842694913,0.7932762272142162,0.8012026117335193,0.8091289962528224,0.8170553807721256,0.8249817652914287,0.8329081498107318,0.840834534330035,0.8487609188493381,0.8566873033686413,0.8646136878879445,0.8725400724072475,0.8804664569265507,0.8883928414458538,0.896319225965157,0.012616092463905812,0.0,0.0,0.025232184927811624,0.025232184927811624,0.012616092463905812,0.0,0.05046436985562325,0.012616092463905812,0.06308046231952907,0.025232184927811624,0.012616092463905769,0.07569655478343514,0.07569655478343461,0.10092873971124686,0.15139310956686922,0.21447357188639957,0.3154023115976442,0.23970575681421127,0.29017012666983266,0.30278621913374054,0.42894714377279614,0.41633105130889325,0.6560368081231,0.6308046231952884,0.794813825226069,0.7569655478343461,0.8705103800095041,1.299457523782294,1.2111448765349622,1.4508506333491633,1.5517793730604204,1.6274759278438442,1.5265471881326087,1.8545655921941477,1.9428782394415018,2.7755403420592692,1.9933426092971254,3.002630006409573,2.2835127359669602,2.7503081571314576,3.002630006409594,3.658666814532673,3.0404782838013116,3.4568093351101807,3.431577150182393,3.582970259749238,3.7974438316356363,3.746979461780039,3.532505889893615,3.532505889893615,3.746979461780013,3.797443831635689,3.582970259749238,3.431577150182369,3.4568093351101807,3.040478283801333,3.658666814532673,3.002630006409573,2.7503081571314576,2.2835127359669762,3.002630006409573,1.9933426092971112,2.7755403420592692,1.9428782394414883,1.8545655921941477,1.5265471881326194,1.6274759278438442,1.5517793730604095,1.4508506333491633,1.2111448765349708,1.299457523782294,0.870510380009498,0.7569655478343461,0.7948138252260746,0.6308046231952884,0.6560368081231,0.41633105130889037,0.42894714377280213,0.30278621913373843,0.29017012666983266,0.2397057568142096,0.3154023115976442,0.21447357188640107,0.15139310956686922,0.10092873971124615,0.07569655478343461,0.07569655478343568,0.012616092463905769,0.025232184927811537,0.06308046231952884,0.012616092463905944,0.050464369855623074,0.0,0.012616092463905769,0.025232184927811537,0.025232184927811888,0.0,0.0,0.012616092463905769,0.5,0.10765151050239004
1.01,expected,0.4,False,False,100,100,normal,0.3,1.6,1.2,0.5,0.4,0.11187083624847989,0.1196334195235103,0.1273960027985407,0.1351585860735711,0.1429211693486015,0.1506837526236319,0.1584463358986623,0.16620891917369268,0.17397150244872311,0.1817340857237535,0.18949666899878392,0.1972592522738143,0.2050218355488447,0.2127844188238751,0.2205470020989055,0.22830958537393592,0.2360721686489663,0.24383475192399673,0.2515973351990271,0.25935991847405754,0.2671225017490879,0.2748850850241183,0.2826476682991487,0.2904102515741791,0.29817283484920953,0.3059354181242399,0.31369800139927034,0.3214605846743007,0.3292231679493311,0.33698575122436153,0.3447483344993919,0.35251091777442234,0.3602735010494527,0.3680360843244831,0.3757986675995135,0.3835612508745439,0.39132383414957433,0.3990864174246047,0.40684900069963514,0.4146115839746655,0.42237416724969595,0.43013675052472633,0.4378993337997567,0.44566191707478714,0.4534245003498175,0.46118708362484795,0.4689496668998783,0.47671225017490876,0.48447483344993914,0.4922374167249695,0.49999999999999994,0.5077625832750303,0.5155251665500608,0.5232877498250912,0.5310503331001216,0.5388129163751519,0.5465754996501824,0.5543380829252128,0.5621006662002431,0.5698632494752736,0.577625832750304,0.5853884160253344,0.5931509993003647,0.6009135825753952,0.6086761658504256,0.616438749125456,0.6242013324004864,0.6319639156755168,0.6397264989505472,0.6474890822255777,0.655251665500608,0.6630142487756384,0.6707768320506688,0.6785394153256992,0.6863019986007296,0.69406458187576,0.7018271651507905,0.7095897484258208,0.7173523317008512,0.7251149149758817,0.7328774982509121,0.7406400815259424,0.7484026648009728,0.7561652480760033,0.7639278313510336,0.771690414626064,0.7794529979010945,0.7872155811761249,0.7949781644511552,0.8027407477261856,0.8105033310012161,0.8182659142762464,0.8260284975512768,0.8337910808263073,0.8415536641013377,0.849316247376368,0.8570788306513984,0.8648414139264289,0.8726039972014592,0.8803665804764896,0.8881291637515201,0.025764618930830936,0.0,0.025764618930830936,0.012882309465415468,0.0,0.012882309465415468,0.012882309465415517,0.05152923786166169,0.038646928396246547,0.038646928396246276,0.06441154732707759,0.05152923786166187,0.16747002305040112,0.09017616625790861,0.24476387984289305,0.18035233251581723,0.23188157037747764,0.23188157037747928,0.3993515934278781,0.3349400461008034,0.3220577366353879,0.37358697449704725,0.8631147341828395,0.6569977827361866,0.6312331638053602,0.7214093300632638,1.1851724708182276,1.0048201383024102,1.0821139950948957,1.0821139950949032,1.429936350661112,1.4943478979882,1.75199408729651,1.8936994914160674,1.945228729277743,2.3445803227056072,2.473403417359779,2.499168036290592,2.8598727013222445,3.001578105441794,2.6151088214793496,2.9114019391839063,3.1690481284921943,3.542635102989267,3.246341985284687,3.2978712231463723,3.5555174124546567,3.3236358420772034,3.24634198528471,3.671458197643396,3.6714581976434224,3.246341985284687,3.3236358420771794,3.5555174124546567,3.297871223146396,3.246341985284687,3.542635102989242,3.1690481284922396,2.911401939183886,2.615108821479331,3.001578105441794,2.8598727013222653,2.499168036290592,2.4734034173597617,2.3445803227056072,1.9452287292777568,1.8936994914160674,1.7519940872964976,1.494347897988189,1.4299363506611327,1.0821139950948957,1.0821139950948957,1.0048201383024173,1.185172470818219,0.7214093300632638,0.6312331638053558,0.656997782736196,0.8631147341828334,0.37358697449704725,0.3220577366353856,0.33494004610080585,0.3993515934278781,0.23188157037747764,0.23188157037748097,0.18035233251581595,0.24476387984289305,0.09017616625790797,0.16747002305040293,0.05152923786166169,0.06441154732707711,0.038646928396246824,0.038646928396246276,0.05152923786166169,0.012882309465415423,0.012882309465415609,0.0,0.012882309465415423,0.025764618930831217,0.0,0.025764618930830846,0.5,0.11016940713988747
1.01,expected,0.4,False,False,100,100,normal,0.3,1.6,1.2,0.75,0.1,0.15516372946547397,0.1620604548761645,0.168957180286855,0.17585390569754553,0.18275063110823603,0.18964735651892656,0.1965440819296171,0.20344080734030762,0.21033753275099812,0.21723425816168862,0.22413098357237915,0.23102770898306968,0.2379244343937602,0.2448211598044507,0.25171788521514127,0.25861461062583174,0.26551133603652227,0.2724080614472128,0.2793047868579033,0.2862015122685938,0.29309823767928433,0.29999496308997486,0.3068916885006654,0.3137884139113559,0.32068513932204645,0.327581864732737,0.33447859014342746,0.341375315554118,0.3482720409648085,0.355168766375499,0.3620654917861895,0.36896221719688005,0.3758589426075706,0.3827556680182611,0.38965239342895164,0.39654911883964217,0.40344584425033264,0.41034256966102317,0.4172392950717137,0.42413602048240423,0.4310327458930947,0.43792947130378523,0.44482619671447576,0.4517229221251663,0.4586196475358568,0.46551637294654735,0.4724130983572378,0.47930982376792836,0.4862065491786189,0.4931032745893094,0.49999999999999994,0.5068967254106904,0.513793450821381,0.5206901762320715,0.527586901642762,0.5344836270534525,0.5413803524641431,0.5482770778748336,0.555173803285524,0.5620705286962147,0.5689672541069051,0.5758639795175957,0.5827607049282861,0.5896574303389767,0.5965541557496672,0.6034508811603577,0.6103476065710483,0.6172443319817387,0.6241410573924293,0.6310377828031197,0.6379345082138104,0.6448312336245008,0.6517279590351913,0.6586246844458818,0.6655214098565724,0.6724181352672629,0.6793148606779534,0.686211586088644,0.6931083114993345,0.700005036910025,0.7069017623207154,0.713798487731406,0.7206952131420965,0.727591938552787,0.7344886639634776,0.7413853893741681,0.7482821147848586,0.7551788401955492,0.7620755656062397,0.7689722910169302,0.7758690164276207,0.7827657418383112,0.7896624672490017,0.7965591926596922,0.8034559180703827,0.8103526434810733,0.8172493688917638,0.8241460943024543,0.8310428197131449,0.8379395451238354,0.8448362705345259,0.028999269666439443,0.0,0.014499634833219721,0.0,0.028999269666439443,0.014499634833219721,0.0,0.0,0.08699780899931868,0.057998539332878886,0.057998539332878886,0.08699780899931835,0.11599707866575824,0.08699780899931799,0.15949598316541824,0.1884952528318564,0.10149744383253806,0.10149744383253888,0.3914901404969325,0.2754930618311747,0.42048941016337193,0.3914901404969325,0.5654857584955691,0.5944850281620087,0.623484297828448,0.7394813764942118,0.9424762641592819,1.1164718821579187,1.348466039489445,1.4499634833219723,1.3339664046562143,1.6964572754867075,1.8559532586521243,2.348940842981595,2.406939382314474,2.551935730646692,2.986924775643263,2.7114317138120883,3.1754200284751195,3.059422949809386,3.3059167419740967,3.4364134554730743,3.595909438638491,3.6829072476378095,4.001899213968644,4.248393006133413,4.045398118468302,4.088897022967962,3.7554054218039084,4.219393736466939,4.219393736466974,3.7554054218039084,4.088897022967962,4.045398118468302,4.248393006133379,4.001899213968644,3.6829072476378095,3.5959094386385493,3.436413455473019,3.30591674197415,3.059422949809312,3.17542002847517,2.7114317138120883,2.986924775643263,2.551935730646671,2.406939382314474,2.3489408429816327,1.8559532586520946,1.6964572754867349,1.333966404656193,1.4499634833219956,1.348466039489434,1.1164718821579187,0.9424762641592819,0.7394813764942059,0.623484297828448,0.5944850281620087,0.5654857584955691,0.3914901404969325,0.42048941016337876,0.2754930618311747,0.3914901404969325,0.10149744383253806,0.10149744383253806,0.1884952528318564,0.15949598316541694,0.08699780899931835,0.11599707866575777,0.08699780899931835,0.057998539332878886,0.05799853933287983,0.08699780899931835,0.0,0.0,0.014499634833219721,0.028999269666439443,0.0,0.014499634833219721,0.0,0.028999269666439443,0.5,0.09324383487440853
1.01,expected,0.4,False,False,100,100,normal,0.3,1.6,1.2,0.75,0.2,0.1532282574763337,0.16016369232680702,0.16709912717728034,0.1740345620277537,0.180969996878227,0.18790543172870033,0.19484086657917365,0.20177630142964698,0.2087117362801203,0.21564717113059362,0.22258260598106694,0.22951804083154026,0.2364534756820136,0.24338891053248693,0.2503243453829602,0.2572597802334336,0.2641952150839069,0.27113064993438024,0.27806608478485356,0.2850015196353269,0.2919369544858002,0.2988723893362735,0.30580782418674685,0.3127432590372202,0.31967869388769354,0.32661412873816686,0.3335495635886402,0.3404849984391135,0.3474204332895868,0.35435586814006015,0.36129130299053347,0.3682267378410068,0.3751621726914801,0.38209760754195343,0.38903304239242675,0.3959684772429001,0.4029039120933734,0.4098393469438467,0.41677478179432004,0.42371021664479336,0.4306456514952667,0.43758108634574,0.4445165211962133,0.45145195604668664,0.45838739089715996,0.4653228257476334,0.4722582605981067,0.47919369544858004,0.48612913029905336,0.4930645651495267,0.5,0.5069354348504733,0.5138708697009466,0.52080630455142,0.5277417394018933,0.5346771742523666,0.5416126091028399,0.5485480439533132,0.5554834788037866,0.5624189136542599,0.5693543485047332,0.5762897833552065,0.5832252182056799,0.5901606530561532,0.5970960879066265,0.6040315227570998,0.6109669576075731,0.6179023924580465,0.6248378273085198,0.6317732621589931,0.6387086970094664,0.6456441318599399,0.6525795667104132,0.6595150015608865,0.6664504364113598,0.6733858712618331,0.6803213061123065,0.6872567409627798,0.6941921758132531,0.7011276106637264,0.7080630455141997,0.7149984803646731,0.7219339152151464,0.7288693500656197,0.735804784916093,0.7427402197665663,0.7496756546170397,0.756611089467513,0.7635465243179863,0.7704819591684596,0.7774173940189331,0.7843528288694064,0.7912882637198797,0.798223698570353,0.8051591334208263,0.8120945682712997,0.819030003121773,0.8259654379722463,0.8329008728227196,0.839836307673193,0.8467717425236663,0.014418706563608672,0.0,0.0,0.0,0.0,0.014418706563608672,0.0,0.0,0.04325611969082602,0.04325611969082602,0.05767482625443469,0.07209353281804307,0.12976835907247805,0.17302447876330476,0.11534965250886844,0.17302447876330407,0.30279283783578215,0.17302447876330407,0.2595367181449561,0.41814249034465145,0.4758173165990862,0.3604676640902168,0.6776792084896022,0.5623295559807382,0.6920979150532163,0.879541100380129,1.0814029922706505,1.2400087644703457,1.2544274710339545,1.8023383204510839,1.4851267760516933,1.932106679523562,1.6437325482513887,2.393505289559039,2.119549864850475,2.2060621042321267,2.580948474885952,2.811647779903691,3.1432780308666906,3.2297902702483423,3.4028147490116463,3.489326988393298,3.532583108084124,3.4604895752660814,3.7056075868473695,4.051656544374037,4.167006196882906,4.4409616215914705,3.8786320656107325,3.4028147490116463,3.4028147490116463,3.8786320656107325,4.4409616215914705,4.167006196882906,4.051656544374037,3.7056075868474285,3.4604895752660814,3.532583108084124,3.489326988393298,3.4028147490116463,3.2297902702483423,3.1432780308666906,2.811647779903691,2.580948474885952,2.2060621042321267,2.119549864850475,2.393505289559039,1.6437325482513887,1.932106679523562,1.4851267760516933,1.8023383204510552,1.2544274710339545,1.2400087644703457,1.0814029922706505,0.879541100380129,0.6920979150532163,0.5623295559807382,0.6776792084896076,0.3604676640902168,0.4758173165990862,0.41814249034465145,0.2595367181449561,0.17302447876330407,0.30279283783578215,0.17302447876330407,0.11534965250886937,0.17302447876330407,0.12976835907247805,0.07209353281804336,0.057674826254433764,0.04325611969082602,0.04325611969082602,0.0,0.0,0.014418706563608672,0.0,0.0,0.0,0.0,0.014418706563608672,0.5,0.09568077934820224
1.01,expected,0.4,False,False,100,100,normal,0.3,1.6,1.2,0.75,0.3,0.1569204802423338,0.16378207063748712,0.17064366103264045,0.17750525142779378,0.1843668418229471,0.19122843221810043,0.19809002261325376,0.20495161300840706,0.21181320340356039,0.2186747937987137,0.22553638419386704,0.23239797458902037,0.2392595649841737,0.24612115537932702,0.2529827457744803,0.25984433616963365,0.266705926564787,0.2735675169599403,0.28042910735509363,0.28729069775024696,0.2941522881454003,0.3010138785405536,0.30787546893570694,0.31473705933086027,0.3215986497260136,0.3284602401211669,0.33532183051632025,0.3421834209114736,0.3490450113066269,0.35590660170178023,0.36276819209693356,0.3696297824920869,0.3764913728872402,0.38335296328239354,0.39021455367754687,0.3970761440727002,0.4039377344678535,0.4107993248630068,0.4176609152581601,0.42452250565331345,0.4313840960484668,0.4382456864436201,0.44510727683877344,0.45196886723392676,0.4588304576290801,0.4656920480242334,0.47255363841938675,0.4794152288145401,0.4862768192096934,0.49313840960484673,0.5,0.5068615903951534,0.5137231807903067,0.5205847711854601,0.5274463615806133,0.5343079519757666,0.54116954237092,0.5480311327660733,0.5548927231612266,0.56175431355638,0.5686159039515333,0.5754774943466866,0.5823390847418399,0.5892006751369933,0.5960622655321466,0.6029238559272999,0.6097854463224532,0.6166470367176066,0.6235086271127599,0.6303702175079132,0.6372318079030665,0.6440933982982199,0.6509549886933732,0.6578165790885264,0.6646781694836799,0.6715397598788331,0.6784013502739865,0.6852629406691397,0.6921245310642932,0.6989861214594464,0.7058477118545998,0.712709302249753,0.7195708926449065,0.7264324830400597,0.7332940734352131,0.7401556638303664,0.7470172542255198,0.753878844620673,0.7607404350158264,0.7676020254109797,0.7744636158061331,0.7813252062012863,0.7881867965964398,0.795048386991593,0.8019099773867464,0.8087715677818996,0.8156331581770531,0.8224947485722063,0.8293563389673597,0.8362179293625129,0.8430795197576663,0.014573880724596273,0.029147761449192545,0.0,0.029147761449192545,0.029147761449192545,0.014573880724596273,0.01457388072459633,0.014573880724596273,0.04372164217378882,0.08744328434757764,0.05829552289838509,0.21860821086894408,0.10201716507217391,0.16031268797055964,0.14573880724596272,0.30605149521652175,0.2623298530427329,0.3497731373903106,0.3789208988395031,0.320625375941118,0.43721642173788816,0.5100858253608695,0.49551194463627324,0.7578417976790062,0.8161373205773913,0.801563439852795,1.2096321001414907,1.1367626965185094,1.1221888157939128,1.442814191735031,1.60312687970559,2.2443776315878257,1.7925873291253414,2.521281365355155,2.1569343472402487,2.4338380810075773,2.754463456948718,2.9730716678176394,2.725315695499503,3.235401520860372,3.0167933099914284,3.3082709244833537,3.7892089883950306,4.007817199263975,3.6143224196998758,3.4540097317293164,3.4831574931785094,3.9058000341918016,4.007817199263975,4.532476905349478,4.532476905349368,4.007817199264039,3.905800034191738,3.4831574931785654,3.4540097317293164,3.6143224196998758,4.007817199263975,3.7892089883950306,3.3082709244833537,3.0167933099914284,3.235401520860372,2.725315695499503,2.9730716678176394,2.7544634569486957,2.4338380810075773,2.1569343472402487,2.521281365355155,1.7925873291253414,2.2443776315878257,1.60312687970559,1.442814191735031,1.1221888157939128,1.1367626965185276,1.209632100141471,0.8015634398528079,0.8161373205773781,0.7578417976790184,0.49551194463626524,0.5100858253608778,0.4372164217378811,0.32062537594112317,0.378920898839497,0.3497731373903162,0.26232985304272866,0.30605149521652664,0.14573880724596036,0.16031268797056158,0.10201716507217226,0.2186082108689476,0.05829552289838415,0.08744328434757905,0.04372164217378811,0.014573880724596509,0.014573880724596037,0.014573880724596509,0.029147761449192074,0.029147761449193017,0.0,0.029147761449193017,0.014573880724596273,0.5,0.09756832475338983
1.01,expected,0.4,False,False,100,100,normal,0.3,1.6,1.2,0.75,0.4,0.12349035800433723,0.1310205508442505,0.13855074368416373,0.146080936524077,0.15361112936399024,0.1611413222039035,0.16867151504381675,0.17620170788373002,0.18373190072364326,0.1912620935635565,0.19879228640346977,0.20632247924338304,0.21385267208329628,0.22138286492320952,0.2289130577631228,0.23644325060303606,0.2439734434429493,0.25150363628286254,0.2590338291227758,0.2665640219626891,0.2740942148026023,0.28162440764251556,0.2891546004824288,0.2966847933223421,0.30421498616225534,0.3117451790021686,0.3192753718420818,0.3268055646819951,0.33433575752190836,0.3418659503618216,0.34939614320173484,0.35692633604164814,0.3644565288815614,0.3719867217214746,0.37951691456138786,0.3870471074013011,0.39457730024121435,0.40210749308112764,0.4096376859210409,0.4171678787609541,0.42469807160086737,0.43222826444078066,0.4397584572806939,0.44728865012060715,0.4548188429605204,0.4623490358004337,0.4698792286403469,0.47740942148026017,0.4849396143201734,0.49246980716008665,0.49999999999999994,0.5075301928399132,0.5150603856798265,0.5225905785197397,0.530120771359653,0.5376509641995663,0.5451811570394794,0.5527113498793927,0.560241542719306,0.5677717355592192,0.5753019283991325,0.5828321212390457,0.590362314078959,0.5978925069188723,0.6054226997587855,0.6129528925986988,0.620483085438612,0.6280132782785253,0.6355434711184386,0.6430736639583519,0.650603856798265,0.6581340496381783,0.6656642424780915,0.6731944353180048,0.6807246281579181,0.6882548209978313,0.6957850138377446,0.7033152066776579,0.7108453995175711,0.7183755923574844,0.7259057851973976,0.7334359780373109,0.7409661708772242,0.7484963637171373,0.7560265565570506,0.7635567493969638,0.7710869422368771,0.7786171350767904,0.7861473279167036,0.7936775207566169,0.8012077135965302,0.8087379064364434,0.8162680992763567,0.8237982921162699,0.8313284849561832,0.8388586777960965,0.8463888706360096,0.853919063475923,0.8614492563158361,0.8689794491557494,0.8765096419956627,0.013279872391840628,0.0,0.0,0.0,0.013279872391840601,0.013279872391840652,0.039839617175521806,0.03983961717552195,0.026559744783681304,0.026559744783681203,0.026559744783681203,0.05311948956736261,0.05311948956736261,0.039839617175521806,0.1460785963102466,0.09295910674288456,0.1593584687020878,0.17263834109392848,0.29215719262049217,0.33199680979601626,0.33199680979601626,0.4116760441470602,0.30543706501233275,0.5046351508899447,0.6374338748083512,0.8499118330778017,0.6772734919838682,1.0225501741717302,0.9694306846043675,1.1951885152656587,1.2881476220085337,1.593584687020878,1.5670249422371967,1.83262239007401,1.7795029005066474,2.098219837910823,2.523175754449705,2.5231757544497238,2.9082920538131027,2.4700562648823614,3.3066882255682977,3.094210267298872,3.559005801013295,3.731644142107223,4.023801334727688,3.7847636316745854,3.9441221003766733,3.7050843973235414,4.2761189101726895,3.944122100376644,3.9441221003766733,4.276118910172658,3.7050843973235694,3.944122100376644,3.784763631674558,4.023801334727747,3.7316441421071955,3.5590058010132686,3.0942102672988945,3.3066882255682977,2.4700562648823796,2.9082920538130814,2.523175754449705,2.5231757544497424,2.0982198379108077,1.7795029005066605,1.8326223900739962,1.5670249422371854,1.5935846870208665,1.2881476220085528,1.1951885152656498,0.9694306846043746,1.0225501741717227,0.6772734919838682,0.8499118330778079,0.6374338748083466,0.504635150889941,0.30543706501233725,0.4116760441470571,0.3319968097960187,0.33199680979601387,0.29215719262049217,0.17263834109392973,0.15935846870208664,0.09295910674288524,0.14607859631024608,0.03983961717552166,0.053119489567362996,0.05311948956736221,0.026559744783681106,0.026559744783681498,0.026559744783681106,0.03983961717552225,0.03983961717552166,0.013279872391840553,0.013279872391840749,0.0,0.0,0.0,0.013279872391840553,0.5,0.09846185274689921
1.01,expected,0.4,False,False,100,100,normal,0.3,1.6,1.2,1.0,0.1,0.18475957888682062,0.1910643873090842,0.1973691957313478,0.2036740041536114,0.20997881257587497,0.21628362099813858,0.22258842942040216,0.22889323784266574,0.23519804626492932,0.2415028546871929,0.2478076631094565,0.2541124715317201,0.26041727995398367,0.2667220883762473,0.2730268967985109,0.27933170522077444,0.28563651364303805,0.29194132206530166,0.2982461304875652,0.3045509389098288,0.3108557473320924,0.317160555754356,0.32346536417661953,0.32977017259888314,0.33607498102114675,0.3423797894434103,0.3486845978656739,0.3549894062879375,0.36129421471020107,0.3675990231324647,0.3739038315547283,0.38020863997699184,0.38651344839925544,0.39281825682151905,0.3991230652437826,0.4054278736660462,0.4117326820883098,0.4180374905105734,0.424342298932837,0.4306471073551006,0.43695191577736414,0.4432567241996277,0.44956153262189136,0.4558663410441549,0.46217114946641846,0.4684759578886821,0.4747807663109457,0.48108557473320923,0.4873903831554729,0.49369519157773645,0.5,0.5063048084222637,0.5126096168445272,0.5189144252667908,0.5252192336890544,0.531524042111318,0.5378288505335815,0.5441336589558452,0.5504384673781088,0.5567432758003723,0.5630480842226359,0.5693528926448995,0.5756577010671631,0.5819625094894266,0.5882673179116903,0.5945721263339538,0.6008769347562174,0.6071817431784811,0.6134865516007446,0.6197913600230082,0.6260961684452718,0.6324009768675354,0.6387057852897989,0.6450105937120626,0.6513154021343261,0.6576202105565897,0.6639250189788534,0.6702298274011169,0.6765346358233805,0.6828394442456441,0.6891442526679077,0.6954490610901712,0.7017538695124348,0.7080586779346985,0.714363486356962,0.7206682947792256,0.7269731032014892,0.7332779116237528,0.7395827200460163,0.74588752846828,0.7521923368905435,0.7584971453128071,0.7648019537350706,0.7711067621573343,0.7774115705795979,0.7837163790018614,0.7900211874241251,0.7963259958463886,0.8026308042686522,0.8089356126909159,0.8152404211131794,0.01586091016610106,0.01586091016610099,0.01586091016610106,0.01586091016610106,0.0,0.01586091016610106,0.01586091016610106,0.04758273049830317,0.01586091016610106,0.07930455083050494,0.07930455083050494,0.11102637116270789,0.06344364066440396,0.1744700118271109,0.09516546099660678,0.22205274232541383,0.20619183215931283,0.2696354728237192,0.3806618439864238,0.41238366431862566,0.41238366431862933,0.5551318558135395,0.6978800473084436,1.0309591607965645,0.7454627778067531,1.0309591607965645,1.0309591607965645,1.1261246217931802,1.1895682624575743,1.411621004782988,1.6178128369423153,1.7447001182711086,2.4901628960778557,2.4267192554134724,2.331553794416845,2.9818511112269857,2.965990201060911,2.918407470562582,3.489400236542217,3.0928774823897203,3.3783738653795408,3.616287517870994,3.7114529788676642,4.552081217671025,4.282445744847229,4.330028475345608,4.63138576850153,4.314167565179432,4.758273049830339,4.187280283850698,4.187280283850624,4.758273049830339,4.314167565179507,4.631385768501448,4.330028475345608,4.282445744847305,4.552081217670944,3.7114529788676642,3.6162875178710574,3.3783738653795408,3.0928774823896656,3.4894002365422487,2.9184074705626077,2.9659902010608588,2.9818511112270123,2.331553794416866,2.4267192554134303,2.4901628960778774,1.7447001182711244,1.6178128369422866,1.4116210047830005,1.1895682624575847,1.1261246217931602,1.0309591607965733,1.0309591607965733,0.7454627778067399,1.0309591607965733,0.6978800473084497,0.5551318558135298,0.41238366431862933,0.41238366431862933,0.3806618439864271,0.2696354728237145,0.20619183215931466,0.22205274232541578,0.0951654609966051,0.17447001182711241,0.06344364066440451,0.11102637116270593,0.07930455083050565,0.07930455083050565,0.01586091016610113,0.04758273049830255,0.01586091016610113,0.01586091016610113,0.0,0.01586091016610113,0.01586091016610113,0.01586091016610085,0.01586091016610113,0.5,0.0869004746458193
1.01,expected,0.4,False,False,100,100,normal,0.3,1.6,1.2,1.0,0.2,0.2034131146092271,0.20934485231704256,0.215276590024858,0.22120832773267346,0.22714006544048893,0.2330718031483044,0.23900354085611986,0.2449352785639353,0.2508670162717508,0.2567987539795662,0.26273049168738166,0.2686622293951971,0.2745939671030126,0.28052570481082806,0.2864574425186435,0.292389180226459,0.2983209179342744,0.3042526556420899,0.31018439334990533,0.3161161310577208,0.32204786876553626,0.3279796064733517,0.3339113441811672,0.3398430818889826,0.3457748195967981,0.35170655730461353,0.35763829501242905,0.36357003272024446,0.36950177042805993,0.3754335081358754,0.3813652458436908,0.3872969835515063,0.39322872125932173,0.39916045896713725,0.40509219667495266,0.41102393438276813,0.4169556720905836,0.42288740979839906,0.4288191475062145,0.43475088521402994,0.44068262292184546,0.44661436062966087,0.4525460983374764,0.4584778360452918,0.4644095737531072,0.47034131146092273,0.47627304916873814,0.48220478687655366,0.48813652458436907,0.4940682622921846,0.5,0.5059317377078155,0.5118634754156309,0.5177952131234463,0.5237269508312619,0.5296586885390773,0.5355904262468928,0.5415221639547082,0.5474539016625237,0.5533856393703391,0.5593173770781545,0.5652491147859701,0.5711808524937855,0.577112590201601,0.5830443279094164,0.5889760656172319,0.5949078033250473,0.6008395410328629,0.6067712787406783,0.6127030164484937,0.6186347541563092,0.6245664918641246,0.6304982295719401,0.6364299672797555,0.6423617049875711,0.6482934426953865,0.6542251804032019,0.6601569181110174,0.6660886558188328,0.6720203935266483,0.6779521312344637,0.6838838689422793,0.6898156066500947,0.6957473443579102,0.7016790820657256,0.707610819773541,0.7135425574813565,0.7194742951891719,0.7254060328969874,0.7313377706048029,0.7372695083126183,0.7432012460204338,0.7491329837282492,0.7550647214360647,0.7609964591438801,0.7669281968516957,0.7728599345595111,0.7787916722673265,0.784723409975142,0.7906551476829574,0.7965868853907729,0.06743386503300255,0.0,0.03371693251650128,0.05057539877475191,0.06743386503300255,0.06743386503300255,0.03371693251650143,0.03371693251650112,0.10115079754950478,0.08429233129125319,0.15172619632425574,0.20230159509900764,0.15172619632425574,0.2360185276155089,0.2360185276155089,0.33716932516501585,0.4551785889727629,0.4383201227145207,0.4046031901980153,0.6237632515552736,0.606904785297023,0.9609325767202863,0.7586309816212858,1.0115079754950287,1.2475265031105587,1.4666865644677918,1.6352712270503271,1.618412760792061,1.5004034969843068,1.736422024599832,2.1747421473143116,1.8207143558910859,2.309609877380316,2.5287699387376192,2.410760674929841,3.068240859001616,3.051382392743365,3.3211178528753758,3.2199670553259017,3.068240859001587,3.4054101841666604,3.7088625768151053,4.046031901980191,3.759437975589927,4.096607300754866,4.282050429595702,4.5180689572111286,4.231475030820949,4.484352024694627,4.467493558436461,4.467493558436376,4.4843520246947115,4.231475030820949,4.5180689572111286,4.282050429595702,4.096607300754866,3.759437975589927,4.046031901980115,3.7088625768151746,3.4054101841666604,3.068240859001587,3.2199670553259017,3.3211178528753442,3.051382392743394,3.068240859001587,2.410760674929864,2.528769938737572,2.3096098773803586,1.8207143558910859,2.1747421473143116,1.736422024599832,1.5004034969842928,1.6184127607920764,1.6352712270502965,1.466686564467819,1.2475265031105587,1.0115079754950287,0.7586309816212858,0.9609325767202774,0.6069047852970286,0.6237632515552678,0.4046031901980191,0.4383201227145125,0.45517858897277147,0.33716932516501585,0.2360185276155067,0.23601852761551112,0.15172619632425716,0.20230159509900575,0.15172619632425716,0.0842923312912524,0.10115079754950478,0.03371693251650096,0.03371693251650159,0.06743386503300192,0.06743386503300318,0.05057539877475239,0.03371693251650096,0.0,0.06743386503300192,0.5,0.08995067075538872
1.01,expected,0.4,False,False,100,100,normal,0.3,1.6,1.2,1.0,0.3,0.17747937198888367,0.183929784549106,0.19038019710932833,0.19683060966955065,0.20328102222977298,0.20973143478999529,0.21618184735021762,0.22263225991043994,0.22908267247066227,0.2355330850308846,0.24198349759110693,0.24843391015132926,0.2548843227115516,0.2613347352717739,0.26778514783199625,0.2742355603922186,0.2806859729524409,0.28713638551266324,0.29358679807288557,0.30003721063310784,0.3064876231933302,0.3129380357535525,0.3193884483137749,0.32583886087399716,0.33228927343421955,0.3387396859944418,0.3451900985546642,0.3516405111148865,0.3580909236751088,0.36454133623533114,0.37099174879555347,0.3774421613557758,0.3838925739159981,0.39034298647622045,0.3967933990364428,0.4032438115966651,0.40969422415688744,0.4161446367171098,0.42259504927733205,0.42904546183755443,0.4354958743977767,0.4419462869579991,0.44839669951822136,0.45484711207844375,0.461297524638666,0.4677479371988884,0.4741983497591107,0.48064876231933307,0.48709917487955534,0.4935495874397777,0.5,0.5064504125602224,0.5129008251204447,0.519351237680667,0.5258016502408893,0.5322520628011116,0.538702475361334,0.5451528879215563,0.5516033004817786,0.5580537130420009,0.5645041256022233,0.5709545381624456,0.577404950722668,0.5838553632828902,0.5903057758431126,0.5967561884033349,0.6032066009635573,0.6096570135237795,0.6161074260840019,0.6225578386442242,0.6290082512044466,0.6354586637646689,0.6419090763248912,0.6483594888851135,0.6548099014453359,0.6612603140055582,0.6677107265657805,0.6741611391260028,0.6806115516862251,0.6870619642464475,0.6935123768066698,0.6999627893668922,0.7064132019271144,0.7128636144873368,0.7193140270475591,0.7257644396077815,0.7322148521680037,0.738665264728226,0.7451156772884484,0.7515660898486707,0.7580165024088931,0.7644669149691153,0.7709173275293377,0.77736774008956,0.7838181526497824,0.7902685652100047,0.796718977770227,0.8031693903304493,0.8096198028906717,0.816070215450894,0.8225206280111164,0.015502884360710295,0.015502884360710295,0.0,0.03100576872142059,0.031005768721420718,0.0,0.03100576872142059,0.015502884360710295,0.09301730616426176,0.10852019052497205,0.06201153744284118,0.03100576872142059,0.07751442180355146,0.15502884360710292,0.20153749668923382,0.17053172796781324,0.31005768721420585,0.2945548028534956,0.31005768721420857,0.40307499337846414,0.41857787773918154,0.6046124900676964,0.6666240275105484,0.7906471023962182,0.759641333674811,0.7906471023962182,1.2402307488568343,1.1937220957746926,1.519282667349609,1.6588086265960014,1.6588086265960014,1.8603461232852354,2.0773865043351796,2.4339528446315164,2.744010531845722,2.542473035156488,2.9920566816170866,2.9145422598135604,2.86803360673138,3.643177824766951,3.3641259062741047,3.5036518655205566,4.015247049423931,3.813709552734765,4.170275893031033,3.736195130931213,4.371813389720265,4.650865308213128,4.2012816617524535,3.953235511981159,3.953235511981091,4.2012816617525255,4.650865308213048,4.371813389720341,3.736195130931213,4.170275893031033,3.813709552734765,4.015247049423931,3.5036518655205566,3.3641259062741047,3.643177824766951,2.86803360673138,2.9145422598135604,2.992056681617061,2.54247303515651,2.7440105318456984,2.4339528446315373,2.077386504335162,1.8603461232852514,1.6588086265959872,1.6588086265960158,1.5192826673495958,1.193722095774703,1.240230748856813,0.7906471023962318,0.759641333674811,0.7906471023962182,0.6666240275105484,0.6046124900676964,0.41857787773918154,0.40307499337846414,0.31005768721420857,0.29455480285349306,0.31005768721420857,0.17053172796781177,0.20153749668923557,0.15502884360710428,0.07751442180355081,0.031005768721420857,0.062011537442840645,0.10852019052497298,0.09301730616426097,0.015502884360710428,0.031005768721420322,0.0,0.031005768721420322,0.031005768721420857,0.0,0.015502884360710428,0.015502884360710161,0.5,0.09042922939095807
1.01,expected,0.4,False,False,100,100,normal,0.3,1.6,1.2,1.0,0.4,0.17996197403150685,0.1863627345508767,0.19276349507024657,0.19916425558961642,0.2055650161089863,0.21196577662835617,0.21836653714772603,0.22476729766709588,0.23116805818646574,0.23756881870583563,0.24396957922520549,0.25037033974457534,0.25677110026394523,0.26317186078331506,0.26957262130268494,0.2759733818220548,0.28237414234142466,0.28877490286079455,0.2951756633801644,0.30157642389953426,0.3079771844189041,0.314377944938274,0.32077870545764386,0.3271794659770137,0.3335802264963835,0.3399809870157534,0.3463817475351233,0.3527825080544932,0.359183268573863,0.36558402909323284,0.37198478961260273,0.3783855501319726,0.3847863106513425,0.39118707117071233,0.39758783169008216,0.40398859220945205,0.41038935272882193,0.4167901132481918,0.42319087376756165,0.4295916342869315,0.43599239480630136,0.44239315532567125,0.44879391584504114,0.455194676364411,0.4615954368837808,0.4679961974031507,0.47439695792252057,0.48079771844189045,0.48719847896126023,0.4935992394806301,0.5,0.5064007605193699,0.5128015210387398,0.5192022815581095,0.5256030420774794,0.5320038025968493,0.5384045631162192,0.5448053236355891,0.5512060841549589,0.5576068446743287,0.5640076051936986,0.5704083657130685,0.5768091262324384,0.5832098867518082,0.5896106472711781,0.596011407790548,0.6024121683099178,0.6088129288292877,0.6152136893486575,0.6216144498680274,0.6280152103873973,0.6344159709067672,0.640816731426137,0.6472174919455068,0.6536182524648767,0.6600190129842466,0.6664197735036165,0.6728205340229864,0.6792212945423561,0.685622055061726,0.6920228155810959,0.6984235761004658,0.7048243366198356,0.7112250971392055,0.7176258576585753,0.7240266181779452,0.7304273786973151,0.7368281392166849,0.7432288997360548,0.7496296602554247,0.7560304207747945,0.7624311812941644,0.7688319418135342,0.7752327023329041,0.781633462852274,0.7880342233716439,0.7944349838910136,0.8008357444103835,0.8072365049297534,0.8136372654491233,0.8200380259684932,0.015623143483869131,0.0,0.0,0.0,0.0,0.015623143483869131,0.062492573935476525,0.062492573935476525,0.07811571741934532,0.046869430451607394,0.062492573935476525,0.07811571741934532,0.062492573935476796,0.12498514787095251,0.156231434838692,0.18747772180642877,0.28121658270964317,0.28121658270964556,0.32808601316125036,0.3280860131612532,0.6405488828386317,0.6093025958708935,0.7655340307095908,0.6561720263225064,0.8280266046450604,0.8124034611611913,1.0779969003869656,1.2342283352256669,1.5310680614191816,1.5466912049030375,1.7810383571610735,1.7497920701933352,2.0466317963868654,2.124747513806211,2.3590946660642285,2.7496732531609553,2.8277889705803005,2.796542683612587,3.030889835870625,3.687061862193099,3.8901627274833968,3.452714709935063,3.7808007230963137,3.827670153547987,4.249495027612386,4.046394162322088,4.249495027612386,4.765058762580147,4.702566188644589,4.124509879741433,4.124509879741433,4.702566188644589,4.765058762580147,4.249495027612386,4.046394162322088,4.249495027612386,3.827670153547921,3.780800723096379,3.452714709935063,3.8901627274833968,3.687061862193099,3.0308898358705987,2.796542683612611,2.8277889705803005,2.7496732531609553,2.3590946660642285,2.124747513806193,2.046631796386883,1.7497920701933352,1.7810383571610735,1.5466912049030375,1.5310680614191685,1.2342283352256775,1.0779969003869656,0.8124034611611913,0.8280266046450604,0.6561720263225007,0.7655340307095975,0.6093025958708935,0.6405488828386317,0.32808601316125036,0.3280860131612561,0.28121658270964317,0.28121658270964317,0.18747772180642877,0.15623143483869065,0.12498514787095469,0.062492573935476255,0.07811571741934532,0.062492573935476255,0.04686943045160719,0.07811571741934667,0.062492573935476255,0.062492573935476255,0.015623143483869064,0.0,0.0,0.0,0.0,0.015623143483869064,0.5,0.08871480759970427
1.01,expected,0.4,False,False,100,100,normal,0.3,1.6,1.2,1.25,0.1,0.1801712432033665,0.18656781833929917,0.19296439347523184,0.1993609686111645,0.20575754374709718,0.21215411888302985,0.21855069401896252,0.22494726915489519,0.23134384429082785,0.23774041942676052,0.2441369945626932,0.25053356969862584,0.25693014483455856,0.2633267199704912,0.2697232951064239,0.2761198702423565,0.28251644537828924,0.28891302051422185,0.2953095956501546,0.3017061707860872,0.3081027459220199,0.31449932105795253,0.32089589619388525,0.32729247132981787,0.3336890464657506,0.3400856216016832,0.34648219673761593,0.35287877187354855,0.35927534700948127,0.3656719221454139,0.3720684972813466,0.3784650724172792,0.38486164755321195,0.39125822268914456,0.3976547978250773,0.4040513729610099,0.4104479480969426,0.41684452323287524,0.42324109836880797,0.4296376735047406,0.4360342486406733,0.4424308237766059,0.44882739891253864,0.45522397404847126,0.461620549184404,0.4680171243203366,0.4744136994562693,0.48081027459220194,0.48720684972813466,0.4936034248640673,0.5,0.5063965751359326,0.5127931502718653,0.519189725407798,0.5255863005437307,0.5319828756796633,0.538379450815596,0.5447760259515286,0.5511726010874614,0.557569176223394,0.5639657513593267,0.5703623264952593,0.576758901631192,0.5831554767671246,0.5895520519030574,0.59594862703899,0.6023452021749227,0.6087417773108553,0.615138352446788,0.6215349275827207,0.6279315027186534,0.634328077854586,0.6407246529905187,0.6471212281264513,0.6535178032623841,0.6599143783983167,0.6663109535342494,0.672707528670182,0.6791041038061147,0.6855006789420474,0.6918972540779801,0.6982938292139128,0.7046904043498454,0.711086979485778,0.7174835546217108,0.7238801297576435,0.7302767048935761,0.7366732800295087,0.7430698551654414,0.7494664303013742,0.7558630054373068,0.7622595805732394,0.7686561557091721,0.7750527308451048,0.7814493059810375,0.7878458811169701,0.7942424562529028,0.8006390313888355,0.8070356065247681,0.8134321816607007,0.8198287567966335,0.015633365961458253,0.0,0.0,0.0,0.0,0.0,0.015633365961458253,0.0,0.015633365961458253,0.031266731922916506,0.015633365961458322,0.04690009788437435,0.046900097884375165,0.04690009788437435,0.07816682980729195,0.12506692769166494,0.18760039153750066,0.07816682980729059,0.26576722134479264,0.32830068519062044,0.35956741711354295,0.32830068519062044,0.5159010767281268,0.7347682001885316,0.7035014682656275,0.7504015661499897,0.7191348342270859,0.9536353236489453,1.125602349225004,1.5164364982614376,1.5008031323000053,1.8916372813364324,1.9072706472979237,2.282471430372885,2.204304600565633,2.1261377707583042,2.892172702869802,2.9859728986385004,3.408073779597929,3.5331407072895344,3.4393405115208457,3.6113075370968253,4.002141686133347,4.142841979786401,4.2366421755552235,4.924510277859307,4.940143643820851,5.299711060934302,5.033943839589602,4.799443350167643,4.799443350167726,5.033943839589514,5.299711060934395,4.9401436438207655,4.924510277859393,4.23664217555515,4.142841979786474,4.002141686133278,3.611307537096888,3.4393405115207862,3.533140707289596,3.4080737795978697,2.9859728986385528,2.8921727028697517,2.126137770758341,2.2043046005655946,2.282471430372925,1.9072706472978906,1.891637281336465,1.5008031322999793,1.5164364982614638,1.1256023492249845,0.9536353236489619,0.7191348342270734,0.7504015661500026,0.7035014682656153,0.7347682001885443,0.5159010767281179,0.3283006851906262,0.3595674171135367,0.32830068519062044,0.26576722134479264,0.07816682980729195,0.1876003915374974,0.12506692769166494,0.07816682980729195,0.046900097884375165,0.04690009788437435,0.04690009788437435,0.01563336596145839,0.03126673192291678,0.015633365961458118,0.0,0.01563336596145839,0.0,0.0,0.0,0.0,0.0,0.015633365961458118,0.5,0.08068773093277092
1.01,expected,0.4,False,False,100,100,normal,0.3,1.6,1.2,1.25,0.2,0.22453393146189807,0.2300432528326601,0.23555257420342215,0.24106189557418417,0.24657121694494621,0.25208053831570826,0.2575898596864703,0.26309918105723235,0.2686085024279944,0.27411782379875643,0.2796271451695185,0.2851364665402805,0.29064578791104256,0.29615510928180455,0.30166443065256665,0.30717375202332864,0.3126830733940907,0.3181923947648527,0.32370171613561477,0.3292110375063768,0.33472035887713886,0.3402296802479009,0.34573900161866294,0.351248322989425,0.356757644360187,0.3622669657309491,0.36777628710171106,0.37328560847247316,0.37879492984323515,0.3843042512139972,0.38981357258475924,0.3953228939555213,0.4008322153262833,0.40634153669704537,0.4118508580678074,0.41736017943856946,0.4228695008093315,0.4283788221800935,0.4338881435508556,0.4393974649216176,0.4449067862923797,0.45041610766314166,0.4559254290339037,0.46143475040466575,0.4669440717754278,0.47245339314618984,0.4779627145169518,0.4834720358877139,0.4889813572584759,0.494490678629238,0.5,0.5055093213707621,0.5110186427415241,0.5165279641122862,0.5220372854830482,0.5275466068538103,0.5330559282245723,0.5385652495953344,0.5440745709660963,0.5495838923368583,0.5550932137076204,0.5606025350783824,0.5661118564491445,0.5716211778199065,0.5771304991906686,0.5826398205614306,0.5881491419321927,0.5936584633029547,0.5991677846737168,0.6046771060444788,0.6101864274152409,0.6156957487860029,0.6212050701567648,0.626714391527527,0.6322237128982889,0.637733034269051,0.643242355639813,0.6487516770105751,0.6542609983813371,0.6597703197520992,0.6652796411228612,0.6707889624936233,0.6762982838643853,0.6818076052351474,0.6873169266059094,0.6928262479766714,0.6983355693474335,0.7038448907181954,0.7093542120889575,0.7148635334597195,0.7203728548304816,0.7258821762012436,0.7313914975720056,0.7369008189427677,0.7424101403135297,0.7479194616842918,0.7534287830550538,0.7589381044258159,0.7644474257965779,0.76995674716734,0.775466068538102,0.054453167606467706,0.03630211173764514,0.036302111737645325,0.03630211173764514,0.03630211173764514,0.09075527934411286,0.10890633521293541,0.07260422347529027,0.16335950281940315,0.10890633521293541,0.09075527934411286,0.14520844695058055,0.36302111737645504,0.21781267042586866,0.36302111737645504,0.5082295643270319,0.4537763967205643,0.4900785084582094,0.38117217324527397,0.36302111737645143,0.7078911788840803,0.7078911788840803,0.7623443464905479,1.034610184522897,1.5246886929810806,1.5609908047187568,1.415782357768146,1.5791418605875795,1.9058608662263699,1.8695587544887247,2.069220369045773,2.359637262946934,2.395939374684579,2.9404710507492564,2.9949242183557243,2.9404710507492564,3.1945858329128045,3.503153782682721,3.4123985033386774,3.4668516709450765,4.3199512967798155,4.265498129173304,4.120289682222724,4.156591793960368,4.301800240910949,4.628519246549802,4.3925555202550175,4.900785084582144,4.555915023074419,4.646670302418625,4.646670302418531,4.555915023074511,4.900785084582044,4.392555520255106,4.6285192465497085,4.301800240910993,4.156591793960327,4.120289682222765,4.265498129173347,4.319951296779728,3.4668516709451462,3.412398503338609,3.5031537826827917,3.19458583291274,2.9404710507492857,2.994924218355694,2.9404710507492857,2.395939374684555,2.359637262946958,2.0692203690457522,1.8695587544887435,1.905860866226389,1.5791418605875476,1.4157823577681747,1.5609908047187253,1.5246886929811112,1.0346101845228761,0.7623443464905556,0.707891178884073,0.7078911788840874,0.3630211173764477,0.3811721732452778,0.4900785084582045,0.45377639672056885,0.5082295643270371,0.3630211173764477,0.21781267042587305,0.3630211173764477,0.14520844695058202,0.09075527934411193,0.10890633521293652,0.16335950281940478,0.07260422347528955,0.10890633521293652,0.09075527934411193,0.036302111737645505,0.03630211173764478,0.036302111737645505,0.03630211173764478,0.05445316760646826,0.5,0.08365225861583989
1.01,expected,0.4,False,False,100,100,normal,0.3,1.6,1.2,1.25,0.3,0.19108512603896516,0.19726342351818585,0.20344172099740657,0.20962001847662726,0.21579831595584795,0.22197661343506864,0.22815491091428935,0.23433320839351005,0.24051150587273074,0.24668980335195145,0.2528681008311721,0.25904639831039283,0.26522469578961355,0.2714029932688342,0.27758129074805493,0.28375958822727565,0.2899378857064963,0.29611618318571703,0.3022944806649377,0.3084727781441584,0.31465107562337913,0.32082937310259985,0.3270076705818205,0.33318596806104117,0.3393642655402619,0.3455425630194826,0.3517208604987033,0.35789915797792404,0.3640774554571447,0.37025575293636537,0.3764340504155861,0.3826123478948068,0.3887906453740275,0.3949689428532482,0.4011472403324689,0.40732553781168956,0.4135038352909103,0.419682132770131,0.4258604302493517,0.4320387277285724,0.43821702520779304,0.44439532268701376,0.4505736201662345,0.4567519176454552,0.46293021512467586,0.4691085126038966,0.47528681008311724,0.48146510756233796,0.4876434050415587,0.49382170252077934,0.5,0.5061782974792208,0.5123565949584414,0.5185348924376622,0.5247131899168829,0.5308914873961035,0.5370697848753243,0.5432480823545449,0.5494263798337656,0.5556046773129864,0.561782974792207,0.5679612722714278,0.5741395697506484,0.5803178672298691,0.5864961647090898,0.5926744621883105,0.5988527596675313,0.6050310571467519,0.6112093546259727,0.6173876521051933,0.623565949584414,0.6297442470636347,0.6359225445428554,0.6421008420220762,0.6482791395012968,0.6544574369805175,0.6606357344597382,0.6668140319389588,0.6729923294181797,0.6791706268974003,0.685348924376621,0.6915272218558417,0.6977055193350623,0.7038838168142831,0.7100621142935037,0.7162404117727246,0.7224187092519452,0.7285970067311658,0.7347753042103866,0.7409536016896072,0.747131899168828,0.7533101966480487,0.7594884941272693,0.7656667916064901,0.7718450890857107,0.7780233865649315,0.7842016840441521,0.790379981523373,0.7965582790025936,0.8027365764818142,0.8089148739610349,0.01618568874942125,0.0,0.01618568874942125,0.0,0.0,0.016185688749421178,0.01618568874942125,0.0971141324965275,0.04855706624826353,0.0647427549976853,0.0,0.0809284437471059,0.08092844374710662,0.09711413249652706,0.12948550999536942,0.19422826499305587,0.17804257624363298,0.3075280862390051,0.3722708412366871,0.5017563512320565,0.40464221873552947,0.6636132387262743,0.598870483728589,0.8902128812181649,0.9387699474664283,0.9873270137146919,1.1329982124594824,1.3595978549513912,1.1815552787077566,1.4728976761973271,1.9099112724316991,2.379296246164913,1.7804257624363458,2.524967444909704,2.68682433240394,2.961981041144076,2.816309842399285,2.5897101999073886,3.4313660148773204,3.5770372136221122,3.609408591120923,3.9493080548587676,3.900750988610504,4.078793564854173,4.596735604835614,4.014050809856488,4.499621472339087,4.353950273594297,4.742406803580447,4.677664048582762,4.677664048582637,4.742406803580491,4.353950273594297,4.499621472339087,4.014050809856524,4.596735604835533,4.07879356485421,3.900750988610504,3.9493080548587676,3.609408591120988,3.5770372136220163,3.4313660148773515,2.5897101999073886,2.816309842399285,2.961981041144076,2.6868243324039156,2.5249674449097492,1.7804257624362978,2.379296246164956,1.9099112724316991,1.4728976761973271,1.1815552787077672,1.3595978549513545,1.1329982124595028,0.9873270137146919,0.9387699474664283,0.8902128812181809,0.5988704837285728,0.6636132387262803,0.40464221873552947,0.5017563512320565,0.3722708412366938,0.30752808623899686,0.17804257624363615,0.19422826499305065,0.12948550999537176,0.09711413249652881,0.08092844374710444,0.08092844374710735,0.0,0.06474275499768588,0.048557066248264405,0.09711413249652533,0.01618568874942147,0.016185688749420887,0.0,0.0,0.01618568874942147,0.0,0.016185688749421178,0.5,0.08522102935422025
1.01,expected,0.4,False,False,100,100,normal,0.3,1.6,1.2,1.25,0.4,0.17959492169576943,0.18600302326185406,0.19241112482793865,0.19881922639402327,0.20522732796010787,0.2116354295261925,0.2180435310922771,0.2244516326583617,0.23085973422444633,0.23726783579053093,0.24367593735661555,0.25008403892270015,0.25649214048878477,0.2629002420548694,0.269308343620954,0.27571644518703864,0.2821245467531232,0.28853264831920783,0.29494074988529245,0.3013488514513771,0.30775695301746164,0.31416505458354627,0.3205731561496309,0.3269812577157155,0.33338935928180014,0.33979746084788476,0.3462055624139693,0.35261366398005395,0.35902176554613857,0.36542986711222314,0.37183796867830776,0.3782460702443924,0.384654171810477,0.39106227337656163,0.39747037494264625,0.4038784765087309,0.41028657807481544,0.41669467964090007,0.4231027812069847,0.42951088277306926,0.4359189843391539,0.4423270859052385,0.4487351874713231,0.45514328903740775,0.4615513906034924,0.467959492169577,0.4743675937356616,0.48077569530174613,0.48718379686783075,0.4935918984339154,0.5,0.5064081015660846,0.5128162031321692,0.5192243046982539,0.5256324062643385,0.5320405078304231,0.5384486093965077,0.5448567109625922,0.5512648125286769,0.5576729140947615,0.5640810156608461,0.5704891172269307,0.5768972187930154,0.5833053203591,0.5897134219251846,0.5961215234912692,0.6025296250573539,0.6089377266234384,0.615345828189523,0.6217539297556076,0.6281620313216922,0.6345701328877769,0.6409782344538615,0.6473863360199461,0.6537944375860307,0.6602025391521154,0.6666106407182,0.6730187422842845,0.6794268438503691,0.6858349454164537,0.6922430469825384,0.698651148548623,0.7050592501147076,0.7114673516807922,0.7178754532468767,0.7242835548129614,0.730691656379046,0.7370997579451306,0.7435078595112152,0.7499159610772999,0.7563240626433845,0.7627321642094691,0.7691402657755537,0.7755483673416383,0.7819564689077229,0.7883645704738075,0.7947726720398921,0.8011807736059767,0.8075888751720613,0.813996976738146,0.8204050783042306,0.015605245792179355,0.015605245792179423,0.0,0.0,0.03121049158435871,0.0,0.03121049158435871,0.03121049158435871,0.07802622896089711,0.09363147475307614,0.07802622896089711,0.03121049158435871,0.09363147475307614,0.09363147475307614,0.09363147475307614,0.17165770371397437,0.18726294950615227,0.23407868688269032,0.37452589901230454,0.39013114480448724,0.46815737376538064,0.49936786534973937,0.6866308148558916,0.49936786534973937,0.6866308148558916,1.1703934344134617,1.045551468076017,0.9519199933229407,1.1079724512447438,1.5917350708022944,1.70097179134755,2.0286819529833164,2.0442871987754954,2.075497690359854,2.371997360411262,2.699707522047052,2.5280498183330558,2.980601946306257,3.3083121079420517,3.3707330911107407,4.275837347057143,3.682838006954328,3.792074727499583,3.760864235915225,4.13539013492753,4.2914425928493225,4.884441932952223,4.962468161913035,4.150995380719708,4.229021609680606,4.229021609680606,4.150995380719708,4.962468161913035,4.8844419329521385,4.2914425928493225,4.13539013492753,3.7608642359152893,3.792074727499583,3.682838006954328,4.275837347057143,3.3707330911107407,3.3083121079420232,2.980601946306257,2.5280498183330558,2.6997075220470284,2.371997360411262,2.07549769035989,2.0442871987754954,2.0286819529833164,1.70097179134755,1.5917350708022944,1.1079724512447342,0.9519199933229407,1.045551468076017,1.1703934344134517,0.6866308148558916,0.499367865349748,0.6866308148558916,0.49936786534973937,0.46815737376538064,0.3901311448044839,0.37452589901230454,0.23407868688269032,0.18726294950615552,0.1716577037139729,0.09363147475307614,0.09363147475307614,0.09363147475307614,0.03121049158435871,0.07802622896089678,0.09363147475307614,0.07802622896089678,0.03121049158435871,0.03121049158435925,0.0,0.03121049158435871,0.0,0.0,0.015605245792179355,0.015605245792179355,0.5,0.08672305945574228
1.01,expected,0.4,False,False,100,100,normal,0.3,1.6,1.2,1.5,0.1,0.18850313418410206,0.19473307150042002,0.20096300881673798,0.20719294613305594,0.21342288344937388,0.21965282076569184,0.2258827580820098,0.23211269539832777,0.23834263271464573,0.2445725700309637,0.25080250734728166,0.2570324446635996,0.2632623819799176,0.2694923192962355,0.27572225661255345,0.28195219392887144,0.28818213124518943,0.29441206856150737,0.3006420058778253,0.3068719431941433,0.31310188051046123,0.3193318178267792,0.32556175514309715,0.3317916924594151,0.3380216297757331,0.34425156709205107,0.350481504408369,0.35671144172468694,0.3629413790410049,0.36917131635732287,0.37540125367364086,0.3816311909899588,0.3878611283062767,0.3940910656225947,0.4003210029389127,0.40655094025523064,0.4127808775715486,0.4190108148878665,0.4252407522041845,0.4314706895205025,0.43770062683682043,0.44393056415313836,0.4501605014694563,0.45639043878577434,0.4626203761020923,0.4688503134184102,0.47508025073472815,0.4813101880510462,0.48754012536736413,0.49377006268368206,0.5,0.5062299373163179,0.512459874632636,0.5186898119489539,0.5249197492652719,0.5311496865815898,0.5373796238979077,0.5436095612142258,0.5498394985305437,0.5560694358468616,0.5622993731631796,0.5685293104794976,0.5747592477958156,0.5809891851121335,0.5872191224284514,0.5934490597447694,0.5996789970610874,0.6059089343774053,0.6121388716937233,0.6183688090100412,0.6245987463263593,0.6308286836426772,0.6370586209589951,0.6432885582753131,0.649518495591631,0.655748432907949,0.661978370224267,0.6682083075405849,0.6744382448569028,0.6806681821732209,0.6868981194895388,0.6931280568058568,0.6993579941221747,0.7055879314384926,0.7118178687548106,0.7180478060711286,0.7242777433874465,0.7305076807037645,0.7367376180200824,0.7429675553364004,0.7491974926527184,0.7554274299690363,0.7616573672853543,0.7678873046016722,0.7741172419179903,0.7803471792343082,0.7865771165506261,0.7928070538669441,0.799036991183262,0.80526692849958,0.811496865815898,0.016051525869782316,0.0,0.016051525869782316,0.0,0.0,0.0,0.03210305173956463,0.016051525869782316,0.03210305173956463,0.03210305173956463,0.01605152586978239,0.016051525869782243,0.04815457760934717,0.01605152586978239,0.11236068108847572,0.06420610347912897,0.06420610347912956,0.19261831043738867,0.22472136217695143,0.2728759397863006,0.2889274656560804,0.4333911984841245,0.44944272435390686,0.49759730196324964,0.7383701900099833,0.8507308710984666,0.8988854487078137,1.0433491815358553,1.235967491973233,1.2841220695825795,1.5409464834991093,1.6212041128480212,2.038543785462345,2.3756258287277725,2.2793166735090993,3.0016353376493066,2.857171604821265,3.2424082256960136,3.2263566998262316,4.349963510711027,3.8042116311384264,3.9326238380966854,4.398118088320296,3.996829941575815,4.542581821148416,4.847560812674281,4.622839450497246,5.008076071372105,4.847560812674281,4.831509286804499,4.831509286804499,4.847560812674195,5.008076071372105,4.622839450497328,4.847560812674281,4.542581821148416,3.9968299415757436,4.398118088320374,3.9326238380966854,3.8042116311384264,4.34996351071095,3.22635669982626,3.2424082256960425,2.857171604821265,3.0016353376493066,2.2793166735090584,2.3756258287277934,2.0385437854623634,1.6212041128480212,1.5409464834990818,1.284122069582591,1.235967491973244,1.0433491815358553,0.8988854487078137,0.8507308710984515,0.7383701900099899,0.49759730196325397,0.44944272435390686,0.4333911984841167,0.288927465656083,0.2728759397863006,0.22472136217695343,0.19261831043738867,0.06420610347912956,0.0642061034791284,0.11236068108847672,0.01605152586978239,0.04815457760934717,0.01605152586978239,0.0160515258697821,0.03210305173956478,0.03210305173956478,0.01605152586978239,0.0321030517395642,0.0,0.0,0.0,0.01605152586978239,0.0,0.01605152586978239,0.5,0.07833421592824162
1.01,expected,0.4,False,False,100,100,normal,0.3,1.6,1.2,1.5,0.2,0.21805319600118422,0.22369213208116054,0.22933106816113685,0.23497000424111317,0.24060894032108948,0.2462478764010658,0.2518868124810421,0.25752574856101845,0.26316468464099474,0.2688036207209711,0.27444255680094737,0.2800814928809237,0.2857204289609,0.29135936504087634,0.2969983011208526,0.30263723720082897,0.30827617328080525,0.3139151093607816,0.3195540454407579,0.3251929815207342,0.3308319176007105,0.33647085368068685,0.34210978976066314,0.3477487258406395,0.35338766192061577,0.3590265980005921,0.36466553408056845,0.37030447016054474,0.375943406240521,0.38158234232049737,0.3872212784004737,0.39286021448045,0.3984991505604263,0.4041380866404026,0.40977702272037897,0.41541595880035526,0.42105489488033154,0.4266938309603079,0.4323327670402842,0.4379717031202605,0.4436106392002368,0.44924957528021314,0.4548885113601895,0.46052744744016577,0.46616638352014206,0.4718053196001184,0.47744425568009474,0.48308319176007103,0.48872212784004737,0.49436106392002366,0.5,0.5056389360799762,0.5112778721599527,0.5169168082399289,0.5225557443199053,0.5281946803998816,0.5338336164798578,0.5394725525598342,0.5451114886398105,0.5507504247197867,0.5563893607997632,0.5620282968797394,0.5676672329597158,0.5733061690396921,0.5789451051196683,0.5845840411996448,0.590222977279621,0.5958619133595974,0.6015008494395737,0.60713978551955,0.6127787215995263,0.6184176576795026,0.6240565937594789,0.6296955298394553,0.6353344659194315,0.6409734019994079,0.6466123380793842,0.6522512741593605,0.6578902102393368,0.6635291463193131,0.6691680823992894,0.6748070184792658,0.6804459545592421,0.6860848906392184,0.6917238267191947,0.697362762799171,0.7030016988791473,0.7086406349591237,0.7142795710390999,0.7199185071190762,0.7255574431990526,0.7311963792790289,0.7368353153590053,0.7424742514389815,0.7481131875189578,0.7537521235989342,0.7593910596789105,0.7650299957588869,0.7706689318388631,0.7763078679188394,0.7819468039988158,0.017733841735694943,0.017733841735694943,0.017733841735694943,0.017733841735694943,0.035467683471389885,0.0,0.05320152520708457,0.10640305041417018,0.08866920867847428,0.05320152520708509,0.07093536694277942,0.1241368921498652,0.19507225909264342,0.15960457562125527,0.26600762603542283,0.39014451818529067,0.33694299297820224,0.26600762603542544,0.2837414677711177,0.4965475685994608,0.6206844607493199,0.7093536694278012,0.8334905615776582,1.0462966624060068,0.8334905615776582,1.0462966624059966,1.2768366049700421,1.188167396291567,1.6492472814196215,1.5251103892697575,2.2167302169618788,2.376334792583134,2.323133267376026,2.3763347925831106,2.8019469942398145,3.422631454989141,3.546768347138971,3.5999698723460556,3.7241067644959562,4.185186649624027,3.919179023588563,3.5822360306103604,4.6640003764877935,4.202920491359722,4.433460433923713,4.220654333095376,4.788137268637659,4.89454031905178,4.947741844258914,4.717201901694832,4.717201901694924,4.9477418442587675,4.894540319051877,4.788137268637611,4.220654333095376,4.433460433923801,4.202920491359681,4.6640003764877465,3.582236030610431,3.919179023588486,4.185186649624068,3.72410676449592,3.5999698723460556,3.546768347139041,3.4226314549890398,2.8019469942398425,2.3763347925831106,2.323133267376026,2.3763347925831573,2.2167302169618566,1.5251103892697575,1.649247281419654,1.188167396291532,1.2768366049700548,1.0462966624059966,0.8334905615776582,1.046296662406017,0.8334905615776582,0.7093536694277942,0.6206844607493321,0.4965475685994462,0.2837414677711233,0.26600762603542283,0.33694299297820224,0.3901445181852945,0.26600762603542283,0.1596045756212537,0.19507225909264725,0.12413689214986398,0.07093536694277942,0.05320152520708457,0.08866920867847428,0.10640305041417122,0.05320152520708457,0.0,0.03546768347138971,0.017733841735694856,0.017733841735695206,0.017733841735694856,0.017733841735694856,0.5,0.08046454353918622
1.01,expected,0.4,False,False,100,100,normal,0.3,1.6,1.2,1.5,0.3,0.2090680893478012,0.21488672756084518,0.22070536577388913,0.22652400398693312,0.23234264219997708,0.23816128041302106,0.24397991862606505,0.249798556839109,0.25561719505215297,0.261435833265197,0.26725447147824094,0.27307310969128495,0.2788917479043289,0.28471038611737287,0.29052902433041683,0.29634766254346084,0.3021663007565048,0.30798493896954876,0.3138035771825928,0.31962221539563673,0.3254408536086807,0.33125949182172465,0.33707813003476866,0.3428967682478126,0.34871540646085664,0.3545340446739006,0.36035268288694455,0.3661713210999885,0.3719899593130325,0.3778085975260765,0.3836272357391205,0.38944587395216446,0.3952645121652084,0.4010831503782524,0.40690178859129633,0.41272042680434035,0.4185390650173843,0.4243577032304283,0.4301763414434723,0.43599497965651623,0.4418136178695602,0.4476322560826042,0.45345089429564817,0.4592695325086921,0.46508817072173614,0.4709068089347801,0.47672544714782406,0.48254408536086807,0.488362723573912,0.494181361786956,0.5,0.505818638213044,0.5116372764260879,0.517455914639132,0.5232745528521758,0.5290931910652199,0.5349118292782639,0.5407304674913078,0.5465491057043518,0.5523677439173957,0.5581863821304398,0.5640050203434837,0.5698236585565277,0.5756422967695717,0.5814609349826156,0.5872795731956596,0.5930982114087036,0.5989168496217476,0.6047354878347915,0.6105541260478355,0.6163727642608795,0.6221914024739235,0.6280100406869674,0.6338286789000114,0.6396473171130554,0.6454659553260993,0.6512845935391434,0.6571032317521873,0.6629218699652313,0.6687405081782754,0.6745591463913192,0.6803777846043633,0.6861964228174072,0.6920150610304512,0.6978336992434951,0.7036523374565391,0.7094709756695831,0.7152896138826271,0.7211082520956711,0.726926890308715,0.732745528521759,0.738564166734803,0.7443828049478469,0.750201443160891,0.756020081373935,0.7618387195869789,0.7676573578000229,0.7734759960130668,0.7792946342261108,0.7851132724391547,0.7909319106521988,0.03437230373795163,0.0171861518689759,0.0,0.0,0.03437230373795163,0.03437230373795163,0.0687446074759036,0.05155845560692769,0.034372303737951464,0.10311691121385538,0.17186151868975733,0.10311691121385538,0.17186151868975896,0.22341997429668667,0.10311691121385441,0.18904767055873486,0.24060612616566254,0.46402610046234477,0.36090918924849386,0.5843291635451805,0.3952814929864456,0.5671430116761992,0.7561906822349395,0.7046322266280051,1.013982960269578,1.151472175221385,1.1342860233524092,1.6498705794216706,1.5467536682078307,1.684242883159622,1.5983121238147584,2.027965920539156,2.165455135490963,2.3716889579186735,2.9216458177258744,3.145065792022589,2.7154119952981657,3.591905740615963,3.540347285009035,4.055931841078312,3.7465811074367097,4.141862600423191,4.193421056030119,4.79493637144423,4.743377915837347,4.382468726588854,4.571516397147545,4.5027717896716855,4.588702549016564,4.5371440934095935,4.537144093409637,4.588702549016564,4.502771789671599,4.5715163971476755,4.382468726588771,4.743377915837347,4.794936371444275,4.193421056030119,4.141862600423191,3.746581107436674,4.055931841078389,3.5403472850089672,3.591905740615963,2.715411995298192,3.145065792022589,2.9216458177259024,2.3716889579186287,2.1654551354910043,2.027965920539117,1.5983121238147584,1.6842428831596379,1.5467536682078307,1.6498705794216861,1.1342860233523875,1.151472175221407,1.0139829602695585,0.7046322266280118,0.7561906822349395,0.5671430116761937,0.39528149298645315,0.5843291635451694,0.36090918924849386,0.4640261004623492,0.24060612616566254,0.18904767055873486,0.10311691121385538,0.2234199742966824,0.17186151868975896,0.10311691121385538,0.17186151868975896,0.10311691121385538,0.0343723037379518,0.0515584556069267,0.0687446074759036,0.0343723037379518,0.0343723037379518,0.0,0.0,0.0171861518689759,0.03437230373795114,0.5,0.08218385529128946
1.01,expected,0.4,False,False,100,100,normal,0.3,1.6,1.2,1.5,0.4,0.18654018572421424,0.19280938200972997,0.19907857829524567,0.2053477745807614,0.2116169708662771,0.21788616715179282,0.22415536343730852,0.23042455972282425,0.23669375600833997,0.24296295229385567,0.2492321485793714,0.2555013448648871,0.2617705411504028,0.2680397374359185,0.2743089337214343,0.28057813000695,0.2868473262924657,0.2931165225779814,0.29938571886349713,0.30565491514901283,0.3119241114345286,0.3181933077200443,0.32446250400556,0.3307317002910757,0.3370008965765914,0.34327009286210713,0.34953928914762283,0.3558084854331386,0.3620776817186543,0.36834687800417,0.3746160742896857,0.3808852705752014,0.38715446686071714,0.3934236631462329,0.3996928594317486,0.4059620557172643,0.41223125200278,0.4185004482882957,0.42476964457381144,0.43103884085932714,0.4373080371448429,0.4435772334303586,0.4498464297158743,0.45611562600139,0.4623848222869057,0.4686540185724214,0.4749232148579372,0.4811924111434529,0.4874616074289686,0.4937308037144843,0.5,0.5062691962855157,0.5125383925710314,0.5188075888565472,0.5250767851420629,0.5313459814275786,0.5376151777130943,0.54388437399861,0.5501535702841257,0.5564227665696415,0.5626919628551572,0.5689611591406729,0.5752303554261886,0.5814995517117043,0.58776874799722,0.5940379442827357,0.6003071405682515,0.6065763368537672,0.6128455331392829,0.6191147294247986,0.6253839257103143,0.63165312199583,0.6379223182813457,0.6441915145668615,0.6504607108523772,0.6567299071378929,0.6629991034234086,0.6692682997089243,0.67553749599444,0.6818066922799557,0.6880758885654715,0.6943450848509872,0.7006142811365029,0.7068834774220186,0.7131526737075343,0.7194218699930501,0.7256910662785658,0.7319602625640815,0.7382294588495972,0.7444986551351129,0.7507678514206286,0.7570370477061444,0.7633062439916601,0.7695754402771758,0.7758446365626915,0.7821138328482072,0.7883830291337229,0.7946522254192386,0.8009214217047544,0.8071906179902701,0.8134598142757858,0.015951007983437807,0.0,0.015951007983437807,0.015951007983437876,0.015951007983437807,0.03190201596687575,0.0,0.015951007983437807,0.015951007983437876,0.015951007983437807,0.03190201596687561,0.015951007983437876,0.09570604790062727,0.06380403193375095,0.19141209580125454,0.2073631037846924,0.14355907185094088,0.20736310378469056,0.2073631037846924,0.38282419160250564,0.52638326345345,0.3668731836190712,0.52638326345345,0.52638326345345,0.8135014071553245,0.6380403193375151,0.8613544311056377,1.0527665269069,1.2601296306915923,1.690806846244415,1.6110518063272254,1.8822189420456528,2.2012391017144077,2.5202592613831847,2.5521612773500606,2.727622365167877,2.966887484919445,3.2859076445881734,3.0306915168531967,3.3337606685384866,3.6208788122403983,3.8601439319919666,4.338674171495102,4.163213083677285,4.227017115611037,4.70554735511409,4.785302395031363,4.546037275279795,4.6098413072135465,4.8331554189816766,4.8331554189816766,4.6098413072135465,4.546037275279714,4.785302395031363,4.705547355114174,4.227017115611037,4.163213083677285,4.338674171495102,3.860143931991898,3.6208788122403983,3.333760668538517,3.0306915168531967,3.2859076445882027,2.966887484919445,2.727622365167877,2.552161277350015,2.5202592613831847,2.201239101714427,1.8822189420456696,1.6110518063272254,1.690806846244415,1.2601296306915923,1.052766526906881,0.8613544311056454,0.6380403193375151,0.8135014071553317,0.52638326345345,0.52638326345345,0.3668731836190712,0.5263832634534406,0.3828241916025091,0.2073631037846924,0.2073631037846924,0.14355907185094088,0.20736310378468875,0.19141209580125454,0.0638040319337515,0.09570604790062727,0.015951007983437876,0.03190201596687575,0.015951007983437595,0.015951007983437876,0.015951007983437876,0.0,0.03190201596687575,0.015951007983437876,0.015951007983437876,0.015951007983437595,0.0,0.015951007983437876,0.5,0.08223206564412434
1.01,expected,0.4,False,False,100,100,normal,0.3,1.6,1.6,0.5,0.1,0.08873496058571653,0.0969602613740022,0.10518556216228787,0.11341086295057354,0.12163616373885922,0.12986146452714487,0.13808676531543054,0.14631206610371622,0.15453736689200187,0.16276266768028755,0.17098796846857323,0.17921326925685888,0.18743857004514455,0.19566387083343023,0.20388917162171588,0.2121144724100016,0.22033977319828724,0.22856507398657291,0.23679037477485856,0.24501567556314424,0.25324097635142995,0.2614662771397156,0.26969157792800125,0.2779168787162869,0.28614217950457255,0.29436748029285825,0.30259278108114396,0.3108180818694296,0.31904338265771526,0.3272686834460009,0.3354939842342866,0.3437192850225723,0.35194458581085797,0.3601698865991436,0.36839518738742927,0.3766204881757149,0.38484578896400057,0.39307108975228633,0.401296390540572,0.40952169132885763,0.4177469921171433,0.42597229290542893,0.4341975936937146,0.44242289448200034,0.450648195270286,0.45887349605857164,0.4670987968468573,0.47532409763514294,0.4835493984234286,0.49177469921171435,0.5,0.5082253007882856,0.5164506015765713,0.524675902364857,0.5329012031531427,0.5411265039414284,0.549351804729714,0.5575771055179997,0.5658024063062853,0.574027707094571,0.5822530078828567,0.5904783086711423,0.598703609459428,0.6069289102477137,0.6151542110359993,0.623379511824285,0.6316048126125706,0.6398301134008564,0.648055414189142,0.6562807149774277,0.6645060157657133,0.672731316553999,0.6809566173422846,0.6891819181305704,0.697407218918856,0.7056325197071417,0.7138578204954273,0.722083121283713,0.7303084220719986,0.7385337228602844,0.74675902364857,0.7549843244368557,0.7632096252251414,0.771434926013427,0.7796602268017127,0.7878855275899984,0.7961108283782841,0.8043361291665697,0.8125614299548554,0.820786730743141,0.8290120315314267,0.8372373323197124,0.8454626331079981,0.8536879338962837,0.8619132346845694,0.870138535472855,0.8783638362611407,0.8865891370494264,0.8948144378377121,0.9030397386259977,0.9112650394142834,0.012157610107391859,0.0,0.0,0.0,0.0,0.012157610107391836,0.0,0.012157610107391878,0.012157610107391836,0.012157610107391836,0.024315220214783755,0.012157610107391836,0.048630440429567344,0.04863044042956751,0.048630440429567184,0.10941849096652691,0.19452176171826938,0.1580489313960944,0.24315220214783675,0.2674674223626195,0.2796250324700132,0.30394025268479696,0.401201133543932,0.3647283032217563,0.5106196245104555,0.5470924548326308,0.7780870468730802,0.9239783681617828,0.899663147946999,1.021239249020911,1.4102827724574483,1.2522338410613634,1.4589132128870252,1.7628534655718224,1.9938480576122681,1.9816904475048762,2.224842649652684,2.601728562981862,2.662516613518821,2.7233046640557808,3.063717747062753,3.306869949210591,3.319027559317938,3.075875357170145,3.3555003896401585,3.1731362380292802,3.4041308300697257,3.4162884401771176,3.890435234365348,3.464918880606685,3.464918880606685,3.8904352343654014,3.4162884401771176,3.40413083006968,3.1731362380292802,3.3555003896401585,3.075875357170145,3.3190275593179823,3.306869949210591,3.063717747062712,2.7233046640558176,2.662516613518785,2.601728562981862,2.2248426496527136,1.9816904475048762,1.9938480576122681,1.7628534655717985,1.4589132128870252,1.2522338410613634,1.410282772457458,1.021239249020918,0.899663147946999,0.9239783681617703,0.7780870468730802,0.5470924548326345,0.510619624510459,0.3647283032217563,0.401201133543932,0.30394025268479286,0.2796250324700132,0.2674674223626213,0.2431522021478376,0.1580489313960944,0.19452176171827004,0.10941849096652542,0.04863044042956751,0.04863044042956751,0.04863044042956751,0.012157610107391878,0.024315220214783755,0.012157610107391715,0.012157610107391878,0.012157610107391878,0.0,0.012157610107391878,0.0,0.0,0.0,0.0,0.012157610107391878,0.5,0.10624219905723843
1.01,expected,0.4,False,False,100,100,normal,0.3,1.6,1.6,0.5,0.2,0.10350220083908865,0.11143215682230688,0.1193621128055251,0.12729206878874333,0.13522202477196155,0.14315198075517976,0.151081936738398,0.15901189272161623,0.16694184870483447,0.1748718046880527,0.1828017606712709,0.19073171665448913,0.19866167263770737,0.2065916286209256,0.21452158460414383,0.22245154058736205,0.23038149657058027,0.2383114525537985,0.24624140853701673,0.2541713645202349,0.26210132050345314,0.2700312764866714,0.27796123246988963,0.28589118845310785,0.2938211444363261,0.30175110041954434,0.30968105640276256,0.3176110123859808,0.325540968369199,0.3334709243524172,0.3414008803356354,0.34933083631885364,0.35726079230207186,0.3651907482852901,0.3731207042685083,0.3810506602517265,0.38898061623494484,0.39691057221816306,0.4048405282013813,0.4127704841845995,0.4207004401678177,0.42863039615103593,0.43656035213425415,0.44449030811747237,0.4524202641006906,0.4603502200839088,0.468280176067127,0.47621013205034524,0.48414008803356356,0.4920700440167818,0.5,0.5079299559832182,0.5158599119664364,0.5237898679496547,0.5317198239328729,0.5396497799160911,0.5475797358993093,0.5555096918825275,0.5634396478657457,0.571369603848964,0.5792995598321822,0.5872295158154005,0.5951594717986187,0.6030894277818369,0.6110193837650552,0.6189493397482734,0.6268792957314916,0.6348092517147098,0.642739207697928,0.6506691636811462,0.6585991196643645,0.6665290756475828,0.674459031630801,0.6823889876140192,0.6903189435972374,0.6982488995804557,0.7061788555636739,0.7141088115468921,0.7220387675301103,0.7299687235133285,0.7378986794965467,0.745828635479765,0.7537585914629832,0.7616885474462014,0.7696185034294197,0.777548459412638,0.7854784153958562,0.7934083713790744,0.8013383273622926,0.8092682833455108,0.817198239328729,0.8251281953119473,0.8330581512951655,0.8409881072783837,0.8489180632616019,0.8568480192448201,0.8647779752280385,0.8727079312112567,0.8806378871944749,0.8885678431776931,0.8964977991609113,0.012610410475370227,0.0,0.012610410475370227,0.01261041047537025,0.01261041047537025,0.012610410475370206,0.03783123142611075,0.02522082095074041,0.06305205237685124,0.0252208209507405,0.050441641901481,0.07566246285222124,0.151324925704443,0.11349369427833185,0.08827287332759175,0.12610410475370248,0.25220820950740497,0.25220820950740414,0.2017665676059247,0.2648186199827752,0.44136436663795564,0.5422476504409207,0.45397477711332906,0.5044164190148064,0.706182986620734,0.9331703751773984,0.8196766808990662,1.0340536589803606,1.1727681742094331,1.0466640694557308,1.5763013094212812,1.5006388465690597,1.677184593224243,1.5889117198966514,1.9041719817809077,2.421198811271054,2.358146758894237,2.332925937943496,2.559913326500161,2.7364590731553444,2.686017431253863,3.0012776931381193,3.858785605463296,2.963446461712009,3.379590007399227,3.3417587759731164,2.925615230285898,3.5183045226282506,3.5183045226283,3.7579023216603344,3.7579023216603344,3.5183045226283,3.5183045226283,2.925615230285898,3.3417587759731164,3.379590007399227,2.963446461712009,3.858785605463296,3.0012776931381193,2.686017431253863,2.7364590731553062,2.559913326500161,2.332925937943496,2.358146758894237,2.421198811271088,1.9041719817809077,1.5889117198966514,1.677184593224243,1.5006388465690597,1.5763013094212812,1.046664069455716,1.1727681742094331,1.0340536589803606,0.8196766808990662,0.9331703751773984,0.706182986620734,0.5044164190148099,0.45397477711332906,0.5422476504409207,0.44136436663795875,0.2648186199827752,0.201766567605924,0.25220820950740497,0.25220820950740147,0.12610410475370248,0.08827287332759175,0.11349369427833227,0.151324925704443,0.0756624628522215,0.050441641901481,0.0252208209507405,0.06305205237685124,0.0252208209507405,0.03783123142611075,0.01261041047537025,0.012610410475370074,0.01261041047537025,0.01261041047537025,0.0,0.01261041047537025,0.5,0.11032475370244621
1.01,expected,0.4,False,False,100,100,normal,0.3,1.6,1.6,0.5,0.3,0.08391546182408538,0.09223715258760368,0.10055884335112196,0.10888053411464026,0.11720222487815854,0.12552391564167684,0.13384560640519513,0.14216729716871343,0.1504889879322317,0.15881067869575,0.1671323694592683,0.1754540602227866,0.1837757509863049,0.19209744174982318,0.20041913251334148,0.20874082327685975,0.21706251404037805,0.22538420480389634,0.23370589556741464,0.2420275863309329,0.2503492770944512,0.2586709678579695,0.2669926586214878,0.2753143493850061,0.2836360401485244,0.2919577309120427,0.300279421675561,0.3086011124390793,0.3169228032025976,0.3252444939661159,0.3335661847296341,0.3418878754931524,0.3502095662566707,0.358531257020189,0.3668529477837073,0.3751746385472256,0.3834963293107439,0.3918180200742622,0.40013971083778044,0.40846140160129873,0.41678309236481703,0.42510478312833533,0.4334264738918536,0.4417481646553719,0.4500698554188902,0.4583915461824085,0.4667132369459268,0.4750349277094451,0.4833566184729634,0.49167830923648165,0.49999999999999994,0.5083216907635182,0.5166433815270366,0.5249650722905548,0.5332867630540732,0.5416084538175914,0.5499301445811098,0.558251835344628,0.5665735261081464,0.5748952168716646,0.5832169076351829,0.5915385983987012,0.5998602891622195,0.6081819799257377,0.616503670689256,0.6248253614527743,0.6331470522162926,0.6414687429798109,0.6497904337433292,0.6581121245068475,0.6664338152703658,0.6747555060338841,0.6830771967974024,0.6913988875609207,0.699720578324439,0.7080422690879572,0.7163639598514755,0.7246856506149938,0.7330073413785121,0.7413290321420304,0.7496507229055487,0.757972413669067,0.7662941044325853,0.7746157951961036,0.7829374859596219,0.7912591767231402,0.7995808674866585,0.8079025582501768,0.8162242490136951,0.8245459397772134,0.8328676305407317,0.84118932130425,0.8495110120677682,0.8578327028312865,0.8661543935948048,0.8744760843583231,0.8827977751218414,0.8911194658853596,0.8994411566488779,0.9077628474123962,0.9160845381759146,0.012016788756245655,0.0,0.0,0.0,0.0,0.0,0.0,0.03605036626873709,0.0,0.04806715502498262,0.0,0.03605036626873697,0.14420146507494788,0.04806715502498262,0.08411752129371987,0.10815109880621092,0.1321846763187022,0.16823504258743918,0.2884029301498967,0.3605036626873697,0.33647008517487836,0.37252045144361534,0.4566379727373349,0.6368898040810198,0.7089905366184938,0.7210073253747394,0.8171416354247046,0.9733598892558981,0.9973934667683894,1.0574774105496247,1.225712453137057,1.4900818057744614,1.3939474957244962,1.646300059605655,1.958736567268042,1.9947869335367787,2.0428540885617616,2.5235256388116047,2.343273807467903,2.872012512742712,2.7878949914489923,2.5836095825928163,3.0522643440863964,3.29260011921131,3.5930198381174514,3.244532964186327,3.400751218017521,3.2325161754300815,3.4728519505550177,3.3887344292612753,3.388734429261298,3.4728519505549484,3.2325161754301246,3.4007512180174753,3.2445329641863703,3.5930198381174034,3.292600119211354,3.052264344086356,2.583609582592851,2.7878949914489923,2.872012512742712,2.343273807467903,2.523525638811588,2.0428540885617616,1.9947869335367787,1.958736567268042,1.646300059605655,1.3939474957244962,1.4900818057744614,1.225712453137057,1.0574774105496176,0.9973934667683894,0.9733598892558981,0.8171416354247046,0.721007325374749,0.7089905366184938,0.6368898040810198,0.4566379727373349,0.37252045144361534,0.33647008517487836,0.3605036626873697,0.28840293014989576,0.16823504258743918,0.1321846763187022,0.10815109880621092,0.08411752129371959,0.04806715502498262,0.14420146507494788,0.03605036626873697,0.0,0.04806715502498262,0.0,0.03605036626873697,0.0,0.0,0.0,0.0,0.0,0.0,0.012016788756245497,0.5,0.1121781534415358
1.01,expected,0.4,False,False,100,100,normal,0.3,1.6,1.6,0.5,0.4,0.12127974571231191,0.12885415079806567,0.13642855588381944,0.14400296096957318,0.15157736605532696,0.1591517711410807,0.16672617622683447,0.17430058131258824,0.181874986398342,0.18944939148409576,0.19702379656984953,0.20459820165560327,0.21217260674135704,0.21974701182711082,0.22732141691286456,0.23489582199861833,0.2424702270843721,0.25004463217012585,0.2576190372558796,0.2651934423416334,0.27276784742738713,0.2803422525131409,0.2879166575988947,0.2954910626846484,0.30306546777040216,0.31063987285615596,0.3182142779419097,0.32578868302766345,0.33336308811341725,0.340937493199171,0.34851189828492474,0.3560863033706785,0.3636607084564323,0.371235113542186,0.3788095186279398,0.38638392371369357,0.3939583287994473,0.4015327338852011,0.40910713897095485,0.4166815440567086,0.42425594914246234,0.43183035422821614,0.4394047593139699,0.4469791643997236,0.4545535694854774,0.46212797457123117,0.4697023796569849,0.4772767847427387,0.48485118982849246,0.4924255949142462,0.5,0.5075744050857537,0.5151488101715075,0.5227232152572613,0.530297620343015,0.5378720254287688,0.5454464305145226,0.5530208356002763,0.5605952406860301,0.5681696457717837,0.5757440508575375,0.5833184559432913,0.590892861029045,0.5984672661147988,0.6060416712005526,0.6136160762863063,0.6211904813720601,0.6287648864578139,0.6363392915435677,0.6439136966293214,0.6514881017150752,0.659062506800829,0.6666369118865827,0.6742113169723365,0.6817857220580903,0.689360127143844,0.6969345322295978,0.7045089373153516,0.7120833424011053,0.7196577474868591,0.7272321525726128,0.7348065576583666,0.7423809627441204,0.749955367829874,0.7575297729156278,0.7651041780013816,0.7726785830871353,0.7802529881728891,0.7878273932586429,0.7954017983443966,0.8029762034301504,0.8105506085159042,0.8181250136016579,0.8256994186874117,0.8332738237731655,0.8408482288589192,0.848422633944673,0.8559970390304268,0.8635714441161805,0.8711458492019343,0.8787202542876881,0.02640471399874928,0.03960707099812385,0.013202356999374667,0.0,0.0,0.013202356999374618,0.06601178499687309,0.026404713998749333,0.0792141419962477,0.05280942799749847,0.06601178499687332,0.14522592699312079,0.13202356999374618,0.237642425988744,0.17163064099187003,0.29045185398624157,0.237642425988744,0.35646363898311595,0.4224754239799862,0.435677780979364,0.5544989939737359,0.6733202069681029,0.6205107789706092,0.7129272779662319,0.7789390629630996,0.9769744179537252,0.9109626329568519,1.1222003449468385,1.4918663409293371,1.1486050589455958,1.5578781259262104,1.927544121908687,1.8483299799124533,2.085972405901182,2.3368171888893157,2.0991747629005717,2.2840077608918,2.600864328876809,2.4556384018836876,2.8649114688643027,2.653673756874288,3.313791606843041,3.234577464846793,3.0497444668555254,3.089351537853672,3.300589249843666,3.20817275084802,3.7626717448217795,3.274184535844917,3.2609821788455187,3.260982178845566,3.274184535844893,3.762671744821752,3.208172750848067,3.300589249843642,3.089351537853649,3.04974446685557,3.2345774648467693,3.3137916068430657,2.653673756874288,2.8649114688642814,2.4556384018837054,2.60086432887679,2.2840077608918,2.0991747629005872,2.336817188889299,2.085972405901182,1.8483299799124397,1.9275441219087153,1.5578781259261991,1.1486050589455874,1.4918663409293482,1.1222003449468385,0.9109626329568453,0.9769744179537323,0.7789390629630996,0.7129272779662267,0.6205107789706138,0.6733202069681029,0.55449899397374,0.4356777809793608,0.4224754239799862,0.35646363898311856,0.23764242598874225,0.29045185398624046,0.17163064099187192,0.23764242598874225,0.1320235699937457,0.14522592699312237,0.06601178499687285,0.05280942799749828,0.07921414199624857,0.02640471399874914,0.06601178499687285,0.013202356999374764,0.0,0.0,0.013202356999374764,0.0396070709981237,0.02640471399874914,0.5,0.11287492551595464
1.01,expected,0.4,False,False,100,100,normal,0.3,1.6,1.6,0.75,0.1,0.16628280871941073,0.1729571525450225,0.1796314963706343,0.18630584019624608,0.19298018402185788,0.19965452784746965,0.20632887167308145,0.21300321549869322,0.21967755932430502,0.2263519031499168,0.2330262469755286,0.23970059080114037,0.24637493462675214,0.2530492784523639,0.25972362227797574,0.2663979661035875,0.2730723099291993,0.2797466537548111,0.2864209975804229,0.29309534140603466,0.29976968523164643,0.3064440290572582,0.31311837288287003,0.3197927167084818,0.3264670605340936,0.3331414043597054,0.3398157481853171,0.34649009201092895,0.3531644358365407,0.3598387796621525,0.3665131234877643,0.3731874673133761,0.37986181113898787,0.38653615496459964,0.3932104987902114,0.39988484261582324,0.406559186441435,0.4132335302670468,0.4199078740926586,0.42658221791827033,0.43325656174388216,0.439930905569494,0.4466052493951057,0.45327959322071754,0.45995393704632925,0.4666282808719411,0.4733026246975529,0.4799769685231646,0.48665131234877645,0.49332565617438817,0.5,0.5066743438256118,0.5133486876512235,0.5200230314768354,0.5266973753024472,0.5333717191280589,0.5400460629536707,0.5467204067792825,0.5533947506048943,0.5600690944305061,0.5667434382561178,0.5734177820817297,0.5800921259073415,0.5867664697329532,0.593440813558565,0.6001151573841768,0.6067895012097886,0.6134638450354004,0.6201381888610121,0.626812532686624,0.6334868765122357,0.6401612203378475,0.6468355641634593,0.653509907989071,0.6601842518146829,0.6668585956402946,0.6735329394659064,0.6802072832915182,0.68688162711713,0.6935559709427418,0.7002303147683535,0.7069046585939653,0.7135790024195772,0.7202533462451889,0.7269276900708007,0.7336020338964124,0.7402763777220243,0.7469507215476361,0.7536250653732478,0.7602994091988596,0.7669737530244715,0.7736480968500832,0.780322440675695,0.7869967845013067,0.7936711283269186,0.8003454721525304,0.8070198159781421,0.8136941598037539,0.8203685036293656,0.8270428474549775,0.8337171912805893,0.01498274626132764,0.044948238783982734,0.01498274626132764,0.0,0.04494823878398292,0.029965492522655155,0.01498274626132764,0.08989647756796547,0.04494823878398292,0.10487922382929303,0.10487922382929349,0.08989647756796584,0.1947757013972593,0.17979295513593016,0.16481020887460404,0.3296204177492081,0.2996549252265503,0.3446031640105357,0.2846721789652252,0.3146376714878804,0.4045341490558463,0.4195168953171704,0.7641200593277097,0.5693443579304504,0.4794478803624805,1.0487922382929435,1.2136024471675289,1.0487922382929349,1.3334644172581598,1.573188357439389,1.6181365962233851,1.8428777901432998,2.1874809541538354,2.232429192937818,2.322325670505765,2.3972394018124223,2.6369633419936647,3.026514744788158,3.0864457298335193,3.3111869237533806,3.1613594611401057,3.745686565331941,3.730703819070551,3.610841848979991,4.0003932517744465,3.955445012990464,4.165203460649119,3.9704277592517916,4.270082684478413,4.075306983081084,4.075306983081084,4.270082684478413,3.9704277592517916,4.165203460649049,3.955445012990529,4.0003932517744465,3.610841848979991,3.730703819070551,3.745686565331879,3.161359461140158,3.3111869237533806,3.086445729833468,3.026514744788208,2.6369633419936425,2.3972394018124423,2.322325670505765,2.2324291929377997,2.1874809541538536,1.8428777901432845,1.6181365962233984,1.573188357439389,1.3334644172581487,1.0487922382929435,1.2136024471675289,1.0487922382929435,0.4794478803624805,0.5693443579304456,0.764120059327716,0.4195168953171704,0.4045341490558496,0.3146376714878778,0.2846721789652228,0.34460316401053853,0.2996549252265503,0.3296204177492108,0.16481020887460265,0.17979295513593016,0.19477570139726091,0.08989647756796508,0.1048792238292926,0.10487922382929435,0.04494823878398254,0.08989647756796659,0.014982746261327515,0.02996549252265503,0.044948238783983296,0.0,0.014982746261327765,0.04494823878398254,0.014982746261327515,0.5,0.09462159660041573
1.01,expected,0.4,False,False,100,100,normal,0.3,1.6,1.6,0.75,0.2,0.11973002915128796,0.1273354285682622,0.13494082798523643,0.14254622740221068,0.15015162681918492,0.15775702623615917,0.16536242565313342,0.17296782507010766,0.18057322448708188,0.18817862390405612,0.19578402332103037,0.20338942273800462,0.21099482215497883,0.21860022157195308,0.22620562098892733,0.23381102040590157,0.24141641982287582,0.24902181923985006,0.2566272186568243,0.26423261807379855,0.2718380174907728,0.27944341690774704,0.2870488163247213,0.2946542157416955,0.3022596151586697,0.30986501457564397,0.3174704139926182,0.32507581340959246,0.3326812128265667,0.34028661224354095,0.3478920116605152,0.35549741107748944,0.3631028104944637,0.3707082099114379,0.3783136093284121,0.38591900874538637,0.3935244081623606,0.40112980757933486,0.4087352069963091,0.41634060641328335,0.4239460058302576,0.43155140524723185,0.4391568046642061,0.44676220408118034,0.4543676034981546,0.46197300291512877,0.469578402332103,0.47718380174907726,0.4847892011660515,0.49239460058302575,0.5,0.5076053994169742,0.5152107988339485,0.5228161982509227,0.530421597667897,0.5380269970848712,0.5456323965018455,0.5532377959188197,0.560843195335794,0.5684485947527682,0.5760539941697425,0.5836593935867167,0.591264793003691,0.5988701924206652,0.6064755918376394,0.6140809912546137,0.6216863906715878,0.6292917900885621,0.6368971895055363,0.6445025889225106,0.6521079883394848,0.659713387756459,0.6673187871734333,0.6749241865904075,0.6825295860073818,0.690134985424356,0.6977403848413303,0.7053457842583045,0.7129511836752788,0.720556583092253,0.7281619825092273,0.7357673819262015,0.7433727813431757,0.75097818076015,0.7585835801771242,0.7661889795940985,0.7737943790110727,0.781399778428047,0.7890051778450212,0.7966105772619955,0.8042159766789696,0.8118213760959438,0.8194267755129181,0.8270321749298923,0.8346375743468666,0.8422429737638408,0.8498483731808151,0.8574537725977893,0.8650591720147636,0.8726645714317378,0.8802699708487121,0.03944566005704319,0.0,0.0,0.0,0.013148553352347705,0.0,0.0,0.013148553352347752,0.013148553352347705,0.039445660057043114,0.013148553352347705,0.06574276676173876,0.06574276676173853,0.05259421340939082,0.13148553352347706,0.13148553352347706,0.06574276676173853,0.18407974693286788,0.28926817375164954,0.19722830028521557,0.19722830028521557,0.3155652804563449,0.3944566005704341,0.5785363475032991,0.6311305609126898,0.7231704343791238,0.7231704343791238,0.8546559679026008,0.8809530746072962,1.2754096751777273,1.1044784815972073,1.5515292955770292,1.4331923154059103,1.7882032559192877,1.9985801095568514,2.1958084098420665,2.458779476889021,2.458779476889021,2.6297106704695414,2.721750543935975,3.168801357915797,3.444920978315099,3.3923267649057083,3.5501094051338806,3.629000725247993,3.9314174523519636,4.168091412694222,3.615852171895619,4.549399459912307,4.062902985875441,4.062902985875441,4.549399459912307,3.615852171895619,4.168091412694222,3.9314174523519636,3.629000725247966,3.5501094051338806,3.3923267649057083,3.444920978315099,3.168801357915797,2.721750543935975,2.6297106704695414,2.458779476889021,2.458779476889021,2.1958084098420665,1.9985801095568805,1.7882032559192877,1.4331923154058999,1.5515292955770292,1.1044784815972073,1.2754096751777273,0.8809530746072962,0.8546559679026008,0.7231704343791238,0.7231704343791238,0.6311305609126898,0.5785363475032991,0.39445660057043114,0.3155652804563449,0.19722830028521557,0.19722830028521557,0.28926817375164954,0.18407974693286788,0.06574276676173853,0.13148553352347706,0.13148553352347706,0.05259421340939082,0.06574276676173853,0.06574276676173853,0.013148553352347898,0.039445660057043114,0.013148553352347705,0.013148553352347705,0.0,0.0,0.013148553352347705,0.0,0.0,0.0,0.039445660057043114,0.5,0.09742039973104138
1.01,expected,0.4,False,False,100,100,normal,0.3,1.6,1.6,0.75,0.3,0.18272352095048564,0.18906905053147594,0.1954145801124662,0.2017601096934565,0.20810563927444678,0.21445116885543708,0.22079669843642735,0.22714222801741765,0.23348775759840795,0.23983328717939822,0.2461788167603885,0.25252434634137877,0.2588698759223691,0.26521540550335937,0.27156093508434964,0.27790646466533997,0.28425199424633024,0.2905975238273205,0.29694305340831084,0.3032885829893011,0.3096341125702914,0.3159796421512817,0.32232517173227193,0.32867070131326226,0.3350162308942526,0.3413617604752428,0.34770729005623313,0.3540528196372234,0.3603983492182137,0.366743878799204,0.3730894083801943,0.37943493796118455,0.3857804675421749,0.39212599712316515,0.3984715267041554,0.40481705628514575,0.41116258586613597,0.4175081154471263,0.42385364502811657,0.43019917460910684,0.43654470419009717,0.4428902337710875,0.4492357633520777,0.45558129293306804,0.46192682251405826,0.4682723520950486,0.4746178816760389,0.4809634112570291,0.48730894083801946,0.4936544704190098,0.5,0.5063455295809903,0.5126910591619807,0.5190365887429709,0.5253821183239612,0.5317276479049514,0.5380731774859417,0.5444187070669321,0.5507642366479223,0.5571097662289126,0.563455295809903,0.5698008253908932,0.5761463549718835,0.5824918845528738,0.588837414133864,0.5951829437148544,0.6015284732958447,0.6078740028768349,0.6142195324578252,0.6205650620388155,0.6269105916198058,0.6332561212007961,0.6396016507817863,0.6459471803627767,0.652292709943767,0.6586382395247572,0.6649837691057475,0.6713292986867379,0.6776748282677281,0.6840203578487184,0.6903658874297086,0.6967114170106989,0.7030569465916893,0.7094024761726795,0.7157480057536698,0.72209353533466,0.7284390649156504,0.7347845944966407,0.7411301240776309,0.7474756536586212,0.7538211832396116,0.7601667128206018,0.7665122424015921,0.7728577719825824,0.7792033015635726,0.785548831144563,0.7918943607255533,0.7982398903065435,0.8045854198875338,0.8109309494685241,0.8172764790495144,0.04727737790376532,0.031518251935843684,0.015759125967921773,0.06303650387168737,0.04727737790376532,0.031518251935843684,0.04727737790376532,0.09455475580753064,0.15759125967921842,0.09455475580753105,0.12607300774337474,0.267905141454669,0.23638688951882764,0.36245989726220235,0.25214601548674725,0.4254964011338897,0.31518251935843683,0.6303650387168681,0.693401542588561,0.8037154243640139,0.5988467867810248,0.7406789204923331,0.8667519282356936,0.7249197945243984,0.835233676299865,1.434080463080875,1.3552848332412784,1.5601534708242624,1.9383724940543696,2.269314139380745,1.985649871958152,2.064445501797743,1.985649871958152,2.1274820056694486,2.017168123893978,2.757847044386346,3.1991025714881056,2.584496658739182,2.8681609261617753,3.0730295637447322,3.0730295637447322,3.4670077129428356,3.340934705199401,3.6245989726220547,3.7033946024616,4.034336247787956,4.396796145050232,4.1131318776275645,3.671876350525757,3.6403580985899775,3.6403580985899135,3.671876350525757,4.113131877627636,4.396796145050155,4.034336247788027,3.7033946024616,3.6245989726219916,3.34093470519946,3.4670077129427743,3.0730295637447322,3.073029563744786,2.86816092616175,2.5844966587391593,3.1991025714881616,2.757847044386298,2.017168123893978,2.127482005669467,1.9856498719581344,2.064445501797779,1.9856498719581344,2.2693141393807252,1.9383724940544034,1.5601534708242486,1.3552848332412664,1.4340804630809,0.8352336762998502,0.7249197945243984,0.8667519282357089,0.7406789204923201,0.5988467867810352,0.8037154243640069,0.6934015425885549,0.6303650387168792,0.31518251935843405,0.4254964011338934,0.25214601548674725,0.3624598972621992,0.2363868895188297,0.267905141454669,0.12607300774337363,0.09455475580753188,0.15759125967921703,0.09455475580753021,0.04727737790376594,0.03151825193584341,0.04727737790376511,0.06303650387168792,0.015759125967921703,0.03151825193584396,0.04727737790376511,0.5,0.09989843032064653
1.01,expected,0.4,False,False,100,100,normal,0.3,1.6,1.6,0.75,0.4,0.12103703238809284,0.12861629174033098,0.13619555109256912,0.14377481044480728,0.1513540697970454,0.15893332914928354,0.1665125885015217,0.17409184785375983,0.181671107205998,0.18925036655823613,0.19682962591047426,0.20440888526271242,0.21198814461495058,0.2195674039671887,0.22714666331942684,0.23472592267166498,0.24230518202390314,0.2498844413761413,0.25746370072837943,0.26504296008061756,0.2726222194328557,0.2802014787850939,0.287780738137332,0.29535999748957015,0.3029392568418083,0.3105185161940464,0.3180977755462846,0.32567703489852273,0.33325629425076086,0.340835553602999,0.34841481295523713,0.3559940723074753,0.36357333165971345,0.3711525910119516,0.3787318503641897,0.38631110971642785,0.393890369068666,0.40146962842090417,0.4090488877731423,0.41662814712538043,0.42420740647761856,0.4317866658298567,0.4393659251820949,0.446945184534333,0.45452444388657115,0.4621037032388093,0.4696829625910474,0.4772622219432856,0.48484148129552374,0.49242074064776187,0.5,0.5075792593522381,0.5151585187044764,0.5227377780567145,0.5303170374089526,0.5378962967611908,0.5454755561134289,0.553054815465667,0.5606340748179052,0.5682133341701433,0.5757925935223814,0.5833718528746196,0.5909511122268578,0.5985303715790959,0.6061096309313341,0.6136888902835722,0.6212681496358103,0.6288474089880485,0.6364266683402866,0.6440059276925247,0.6515851870447629,0.659164446397001,0.6667437057492391,0.6743229651014773,0.6819022244537155,0.6894814838059536,0.6970607431581918,0.7046400025104299,0.712219261862668,0.7197985212149062,0.7273777805671443,0.7349570399193824,0.7425362992716206,0.7501155586238587,0.757694817976097,0.7652740773283351,0.7728533366805732,0.7804325960328113,0.7880118553850495,0.7955911147372876,0.8031703740895257,0.8107496334417639,0.818328892794002,0.8259081521462401,0.8334874114984784,0.8410666708507165,0.8486459302029546,0.8562251895551928,0.8638044489074309,0.871383708259669,0.8789629676119072,0.026387802647357655,0.0,0.013193901323678802,0.0,0.0,0.0,0.01319390132367885,0.026387802647357603,0.0263878026473577,0.0791634079420731,0.013193901323678802,0.026387802647357603,0.06596950661839425,0.1319390132367885,0.0527756052947154,0.1715207172078244,0.197908519855182,0.263878026473577,0.11874511191310964,0.25068412514989813,0.3826231383866838,0.4353987436814021,0.46178654632875976,0.6596950661839426,0.712470671478658,0.9235730926575129,0.6069194608892271,0.9235730926575195,1.227032823102133,1.3325840336915638,1.4645230469283417,1.6096559614888197,1.6228498628124985,2.0450547051702217,2.031860803846543,2.361708336938514,2.0054730011991704,2.6783619687068065,2.889464389885668,2.849882685914632,3.4699960481275376,3.2720875282723307,3.2193119229776395,3.4831899494512166,3.245699725624997,3.9845581997510124,3.522771653422227,4.050527706369407,3.351250936214428,3.6679045679827205,3.6679045679827205,3.351250936214379,4.050527706369407,3.522771653422253,3.9845581997510124,3.245699725624997,3.4831899494512166,3.2193119229776395,3.2720875282723547,3.4699960481275376,2.849882685914632,2.889464389885626,2.6783619687068065,2.005473001199185,2.361708336938514,2.031860803846543,2.0450547051702217,1.6228498628124985,1.6096559614888197,1.4645230469283523,1.3325840336915638,1.227032823102133,0.9235730926575195,0.6069194608892182,0.9235730926575195,0.712470671478658,0.6596950661839426,0.46178654632875976,0.4353987436814021,0.38262313838668666,0.25068412514989813,0.11874511191310964,0.263878026473577,0.19790851985517985,0.17152071720782505,0.0527756052947154,0.1319390132367885,0.06596950661839425,0.0263878026473577,0.01319390132367885,0.0791634079420731,0.0263878026473577,0.0263878026473577,0.013193901323678656,0.0,0.0,0.0,0.01319390132367885,0.0,0.0263878026473577,0.5,0.10219616879085046
1.01,expected,0.4,False,False,100,100,normal,0.3,1.6,1.6,1.0,0.1,0.19193741301381795,0.1980986647535416,0.20425991649326522,0.21042116823298887,0.21658241997271252,0.22274367171243614,0.2289049234521598,0.23506617519188344,0.2412274269316071,0.24738867867133071,0.25354993041105434,0.259711182150778,0.26587243389050164,0.2720336856302253,0.27819493736994894,0.2843561891096726,0.29051744084939624,0.29667869258911983,0.3028399443288435,0.30900119606856713,0.3151624478082908,0.32132369954801443,0.327484951287738,0.33364620302746173,0.3398074547671853,0.345968706506909,0.3521299582466326,0.3582912099863563,0.3644524617260799,0.3706137134658035,0.3767749652055272,0.3829362169452508,0.38909746868497447,0.3952587204246981,0.4014199721644217,0.4075812239041454,0.413742475643869,0.41990372738359266,0.4260649791233163,0.43222623086303996,0.4383874826027636,0.44454873434248726,0.45070998608221086,0.4568712378219345,0.46303248956165816,0.4691937413013818,0.47535499304110546,0.4815162447808291,0.4876774965205527,0.49383874826027635,0.5,0.5061612517397236,0.5123225034794473,0.518483755219171,0.5246450069588946,0.5308062586986182,0.5369675104383418,0.5431287621780655,0.5492900139177892,0.5554512656575128,0.5616125173972364,0.56777376913696,0.5739350208766837,0.5800962726164074,0.586257524356131,0.5924187760958546,0.5985800278355783,0.604741279575302,0.6109025313150256,0.6170637830547492,0.6232250347944728,0.6293862865341965,0.6355475382739202,0.6417087900136438,0.6478700417533674,0.654031293493091,0.6601925452328147,0.6663537969725384,0.672515048712262,0.6786763004519856,0.6848375521917093,0.6909988039314329,0.6971600556711566,0.7033213074108802,0.7094825591506038,0.7156438108903275,0.7218050626300511,0.7279663143697748,0.7341275661094984,0.7402888178492221,0.7464500695889457,0.7526113213286693,0.758772573068393,0.7649338248081166,0.7710950765478403,0.7772563282875639,0.7834175800272875,0.7895788317670112,0.7957400835067348,0.8019013352464585,0.808062586986182,0.04869140438878673,0.0,0.0,0.0649218725183823,0.0,0.016230468129595575,0.03246093625919115,0.03246093625919115,0.04869140438878695,0.01623046812959565,0.08115234064797788,0.11361327690716903,0.16230468129595577,0.09738280877757347,0.2759179582031248,0.2759179582031248,0.17853514942555296,0.421992171369485,0.4869140438878673,0.38953123511029386,0.6005273207950363,0.6654491933134247,0.8115234064797715,0.7466015339614033,0.9251366833869479,1.2497460459788594,1.1523632372012858,1.2497460459788594,1.5418944723115937,1.6068163448299475,1.6392772810891683,2.028808516199447,2.109960856847425,2.288496006272997,2.742949113901628,2.6455663051241025,3.262324094048711,3.2298631577895196,3.1974022215303286,3.359706902826284,3.651855329159005,3.8790818829733777,4.0089256280101075,3.8953123511029384,3.7330076698069825,4.21992171369485,4.333534990602018,4.51207014002761,4.755527161971504,4.365995926861211,4.36599592686125,4.755527161971461,4.51207014002753,4.333534990602058,4.219921713694887,3.733007669807016,3.895312351102903,4.008925628010071,3.8790818829733777,3.6518553291590377,3.3597069028263147,3.1974022215302997,3.2298631577894907,3.2623240940487404,2.6455663051241025,2.742949113901628,2.2884960062729554,2.1099608568474437,2.0288085161994656,1.6392772810891683,1.6068163448299475,1.541894472311566,1.2497460459788707,1.1523632372012964,1.2497460459788707,0.9251366833869396,0.7466015339613897,0.8115234064797862,0.6654491933134247,0.6005273207950309,0.38953123511029736,0.48691404388786286,0.4219921713694888,0.17853514942555296,0.2759179582031223,0.27591795820312726,0.09738280877757259,0.1623046812959572,0.113613276907168,0.0811523406479786,0.016230468129595724,0.048691404388786295,0.03246093625919145,0.03246093625919086,0.016230468129595724,0.0,0.06492187251838172,0.0,0.0,0.04869140438878717,0.5,0.0879528314926578
1.01,expected,0.4,False,False,100,100,normal,0.3,1.6,1.6,1.0,0.2,0.18579512785232472,0.1920792252952782,0.19836332273823173,0.20464742018118523,0.21093151762413875,0.21721561506709225,0.22349971251004574,0.22978380995299927,0.23606790739595276,0.2423520048389063,0.24863610228185978,0.2549201997248133,0.26120429716776683,0.2674883946107203,0.2737724920536738,0.2800565894966273,0.2863406869395808,0.29262478438253436,0.29890888182548786,0.30519297926844136,0.31147707671139485,0.31776117415434835,0.3240452715973019,0.33032936904025534,0.3366134664832089,0.3428975639261624,0.3491816613691159,0.35546575881206943,0.3617498562550229,0.3680339536979764,0.3743180511409299,0.3806021485838834,0.38688624602683697,0.3931703434697904,0.39945444091274396,0.40573853835569745,0.41202263579865095,0.4183067332416045,0.42459083068455794,0.4308749281275115,0.437159025570465,0.4434431230134185,0.44972722045637203,0.45601131789932553,0.462295415342279,0.4685795127852325,0.474863610228186,0.48114770767113957,0.48743180511409306,0.49371590255704656,0.5,0.5062840974429536,0.5125681948859071,0.5188522923288605,0.5251363897718141,0.5314204872147676,0.5377045846577211,0.5439886821006746,0.5502727795436282,0.5565568769865816,0.5628409744295351,0.5691250718724886,0.5754091693154422,0.5816932667583956,0.5879773642013492,0.5942614616443027,0.6005455590872562,0.6068296565302097,0.6131137539731633,0.6193978514161167,0.6256819488590701,0.6319660463020237,0.6382501437449772,0.6445342411879307,0.6508183386308842,0.6571024360738378,0.6633865335167912,0.6696706309597448,0.6759547284026983,0.6822388258456518,0.6885229232886052,0.6948070207315589,0.7010911181745123,0.7073752156174657,0.7136593130604194,0.7199434105033728,0.7262275079463263,0.7325116053892797,0.7387957028322334,0.7450798002751868,0.7513638977181403,0.7576479951610939,0.7639320926040474,0.7702161900470008,0.7765002874899545,0.7827843849329079,0.7890684823758614,0.7953525798188148,0.8016366772617685,0.8079207747047219,0.8142048721476753,0.015913184177647074,0.0,0.03182636835529415,0.031826368355294,0.015913184177647074,0.015913184177647074,0.04773955253294101,0.0636527367105883,0.015913184177647,0.07956592088823537,0.11139228924352951,0.06365273671058773,0.07956592088823537,0.20687139430941198,0.20687139430941198,0.3500900519082356,0.3023504993752917,0.38191642026352973,0.41374278861882396,0.38191642026352973,0.7160932879941183,0.5887878145729365,0.6524405512835357,0.8752251297705812,1.1457492607905893,1.0502701557247067,1.2094019975011667,1.5117524968764853,1.6390579702976342,1.7504502595411782,1.8936689171400016,1.9414084696729257,2.1164534956270797,2.4824567317129214,2.386977626647061,2.6097622051341203,3.0394181779305645,2.7848072310882626,2.6734149418446846,3.246289572240003,3.723685097569415,3.7395982817470292,4.02603559694471,4.057861965300003,4.02603559694471,4.296559727964709,3.978296044411733,4.010122412767062,4.264733359609416,4.312472912142395,4.312472912142319,4.2647333596093775,4.010122412767098,3.978296044411733,4.296559727964672,4.026035596944745,4.057861965299968,4.026035596944674,3.7395982817470954,3.723685097569448,3.246289572239974,2.6734149418446846,2.7848072310882626,3.0394181779305645,2.6097622051340967,2.386977626647082,2.4824567317129214,2.116453495627042,1.94140846967296,1.8936689171400183,1.7504502595411624,1.6390579702976342,1.5117524968764853,1.2094019975011667,1.0502701557246976,1.1457492607905992,0.8752251297705812,0.6524405512835242,0.5887878145729469,0.7160932879941246,0.38191642026351963,0.4137427886188276,0.3819164202635332,0.3023504993752864,0.35009005190823866,0.2068713943094138,0.2068713943094138,0.07956592088823326,0.06365273671058885,0.11139228924353049,0.07956592088823326,0.015913184177647213,0.06365273671058885,0.047739552532939954,0.015913184177647213,0.015913184177647213,0.03182636835529443,0.03182636835529331,0.0,0.015913184177647213,0.5,0.09122453460276586
1.01,expected,0.4,False,False,100,100,normal,0.3,1.6,1.6,1.0,0.3,0.16088111407658784,0.16766349179505607,0.17444586951352434,0.18122824723199257,0.1880106249504608,0.19479300266892907,0.2015753803873973,0.20835775810586554,0.21514013582433378,0.22192251354280204,0.22870489126127028,0.23548726897973854,0.24226964669820678,0.249052024416675,0.25583440213514325,0.2626167798536115,0.2693991575720798,0.276181535290548,0.28296391300901624,0.2897462907274845,0.2965286684459527,0.30331104616442095,0.3100934238828892,0.3168758016013574,0.3236581793198257,0.33044055703829395,0.3372229347567622,0.3440053124752304,0.3507876901936987,0.35757006791216694,0.3643524456306352,0.3711348233491034,0.37791720106757165,0.3846995787860399,0.3914819565045081,0.39826433422297636,0.4050467119414446,0.4118290896599129,0.4186114673783811,0.42539384509684935,0.4321762228153176,0.4389586005337858,0.4457409782522541,0.45252335597072235,0.4593057336891906,0.4660881114076588,0.47287048912612706,0.4796528668445953,0.4864352445630636,0.4932176222815318,0.5,0.5067823777184683,0.5135647554369365,0.5203471331554048,0.5271295108738729,0.5339118885923413,0.5406942663108095,0.5474766440292778,0.554259021747746,0.5610413994662142,0.5678237771846825,0.5746061549031507,0.581388532621619,0.5881709103400872,0.5949532880585555,0.6017356657770236,0.608518043495492,0.6153004212139601,0.6220827989324285,0.6288651766508967,0.6356475543693649,0.6424299320878332,0.6492123098063014,0.6559946875247696,0.6627770652432379,0.6695594429617062,0.6763418206801743,0.6831241983986427,0.6899065761171108,0.6966889538355792,0.7034713315540473,0.7102537092725156,0.7170360869909838,0.7238184647094521,0.7306008424279204,0.7373832201463886,0.7441655978648569,0.750947975583325,0.7577303533017934,0.7645127310202615,0.7712951087387299,0.778077486457198,0.7848598641756663,0.7916422418941345,0.7984246196126028,0.8052069973310709,0.8119893750495393,0.8187717527680076,0.8255541304864757,0.8323365082049441,0.8391188859234122,0.029488183687470734,0.0,0.0,0.0,0.014744091843735308,0.0,0.0,0.0442322755312061,0.014744091843735308,0.05897636737494147,0.04423227553120592,0.1326968265936183,0.0442322755312061,0.10320864290614756,0.14744091843735369,0.11795273474988198,0.11795273474988294,0.25064956134350125,0.1769291021248244,0.32437002056217806,0.39809047978085493,0.38334638793711956,0.7519486840305037,0.6634841329680862,0.7077164084992976,0.7372045921867684,0.7077164084992976,1.2237596230300254,1.4006887251548599,1.5333855517484782,1.680826470185832,1.5333855517484782,1.7840351130919794,2.5064956134350123,2.4622633379038064,2.6834247155598367,2.565471980809933,3.0667711034969565,2.8308656339971905,3.1552356545593687,3.2731883893092517,3.391141124059107,3.774487511996254,3.9809047978085497,4.113601624402167,3.81871978752746,4.261042542839521,4.762341665526485,3.9219284304336077,4.025137073339788,4.025137073339689,3.9219284304336717,4.762341665526446,4.261042542839591,3.8187197875273973,4.113601624402167,3.9809047978085497,3.774487511996254,3.3911411240591347,3.2731883893092517,3.1552356545593687,2.8308656339971443,3.0667711034970067,2.565471980809912,2.6834247155598807,2.462263337903766,2.5064956134350536,1.7840351130919503,1.5333855517484782,1.680826470185832,1.5333855517484782,1.4006887251548599,1.2237596230300354,0.7077164084992976,0.7372045921867564,0.7077164084993092,0.6634841329680806,0.7519486840305161,0.3833463879371133,0.39809047978086143,0.3243700205621728,0.1769291021248273,0.25064956134349714,0.11795273474988101,0.11795273474988487,0.14744091843735124,0.10320864290614927,0.04423227553120538,0.13269682659362048,0.04423227553120538,0.05897636737494243,0.014744091843735126,0.04423227553120682,0.0,0.0,0.014744091843735126,0.0,0.0,0.0,0.029488183687471217,0.5,0.09105400296549497
1.01,expected,0.4,False,False,100,100,normal,0.3,1.6,1.6,1.0,0.4,0.14723692619889123,0.1542921876749134,0.16134744915093557,0.16840271062695775,0.17545797210297992,0.18251323357900212,0.1895684950550243,0.19662375653104647,0.20367901800706864,0.21073427948309081,0.217789540959113,0.22484480243513516,0.23190006391115736,0.2389553253871795,0.2460105868632017,0.25306584833922385,0.26012110981524605,0.26717637129126826,0.2742316327672904,0.28128689424331255,0.28834215571933475,0.29539741719535695,0.30245267867137915,0.3095079401474013,0.31656320162342344,0.32361846309944564,0.33067372457546784,0.33772898605149,0.3447842475275122,0.35183950900353433,0.35889477047955654,0.36595003195557874,0.3730052934316009,0.380060554907623,0.38711581638364523,0.39417107785966743,0.4012263393356896,0.4082816008117118,0.4153368622877339,0.4223921237637561,0.42944738523977827,0.43650264671580047,0.44355790819182267,0.4506131696678448,0.457668431143867,0.46472369261988916,0.47177895409591136,0.4788342155719335,0.4858894770479557,0.4929447385239779,0.5,0.5070552614760222,0.5141105229520444,0.5211657844280666,0.5282210459040888,0.535276307380111,0.5423315688561332,0.5493868303321553,0.5564420918081775,0.5634973532841996,0.5705526147602218,0.577607876236244,0.5846631377122662,0.5917183991882884,0.5987736606643106,0.6058289221403328,0.6128841836163549,0.6199394450923771,0.6269947065683992,0.6340499680444214,0.6411052295204436,0.6481604909964658,0.655215752472488,0.6622710139485102,0.6693262754245324,0.6763815369005546,0.6834367983765766,0.6904920598525988,0.697547321328621,0.7046025828046432,0.7116578442806654,0.7187131057566876,0.7257683672327098,0.732823628708732,0.7398788901847542,0.7469341516607761,0.7539894131367983,0.7610446746128205,0.7680999360888427,0.775155197564865,0.7822104590408872,0.7892657205169094,0.7963209819929316,0.8033762434689538,0.8104315049449757,0.8174867664209979,0.8245420278970201,0.8315972893730423,0.8386525508490645,0.8457078123250867,0.8527630738011088,0.014173819119228591,0.0,0.0,0.0,0.028347638238457068,0.0,0.0,0.04252145735768577,0.056695276476914365,0.028347638238457182,0.04252145735768577,0.0850429147153712,0.08504291471537187,0.11339055295382827,0.09921673383460052,0.19843346766919948,0.11339055295382827,0.29765020150380156,0.24095492502688698,0.2834763823845707,0.3401716588614848,0.3118240206230278,0.4677360309345453,0.6519956794845176,0.7795600515575694,0.7370385941998837,1.0488626148229196,1.034688795703683,1.1055578912998345,1.3606866354459393,1.5024248266382247,1.8284226663804952,1.8142488472612666,2.0835514105265944,2.338680154672708,2.4237230693880987,2.565461260580365,2.6505041752957568,2.919806738561078,3.1324140253495303,3.444238045972534,2.863111462084164,3.118240206230302,3.855278800430161,4.096233725457078,4.25214573576856,3.8552788004301917,3.855278800430161,4.365536288722389,4.337188650483999,4.337188650483931,4.365536288722389,3.855278800430161,3.855278800430161,4.25214573576856,4.096233725457046,3.8552788004302214,3.1182402062302774,2.863111462084209,3.444238045972534,3.1324140253495063,2.919806738561078,2.650504175295736,2.565461260580365,2.423723069388079,2.338680154672745,2.0835514105265944,1.8142488472612808,1.828422666380481,1.5024248266382247,1.3606866354459393,1.1055578912998256,1.034688795703683,1.0488626148229117,0.7370385941998837,0.7795600515575939,0.6519956794845125,0.4677360309345417,0.3118240206230278,0.3401716588614848,0.2834763823845707,0.24095492502688506,0.2976502015037992,0.11339055295382827,0.19843346766920572,0.09921673383459974,0.11339055295382827,0.0850429147153712,0.0850429147153712,0.0425214573576856,0.028347638238457068,0.056695276476914136,0.0425214573576856,0.0,0.0,0.028347638238457068,0.0,0.0,0.0,0.014173819119228756,0.5,0.09455031968317135
1.01,expected,0.4,False,False,100,100,normal,0.3,1.6,1.6,1.25,0.1,0.19326220189471666,0.19939695785682232,0.20553171381892799,0.21166646978103365,0.21780122574313932,0.22393598170524498,0.23007073766735064,0.2362054936294563,0.24234024959156197,0.24847500555366764,0.2546097615157733,0.26074451747787897,0.26687927343998463,0.2730140294020903,0.27914878536419596,0.2852835413263016,0.2914182972884073,0.29755305325051296,0.3036878092126186,0.3098225651747243,0.31595732113682995,0.3220920770989356,0.3282268330610413,0.33436158902314694,0.3404963449852526,0.3466311009473583,0.35276585690946394,0.3589006128715696,0.36503536883367527,0.37117012479578093,0.3773048807578866,0.38343963671999226,0.3895743926820979,0.3957091486442036,0.40184390460630925,0.4079786605684149,0.4141134165305206,0.42024817249262625,0.4263829284547319,0.4325176844168376,0.43865244037894324,0.44478719634104896,0.4509219523031546,0.4570567082652603,0.46319146422736596,0.4693262201894716,0.4754609761515773,0.48159573211368295,0.4877304880757886,0.4938652440378943,0.49999999999999994,0.5061347559621057,0.5122695119242113,0.518404267886317,0.5245390238484227,0.5306737798105283,0.536808535772634,0.5429432917347397,0.5490780476968453,0.555212803658951,0.5613475596210566,0.5674823155831623,0.573617071545268,0.5797518275073736,0.5858865834694793,0.592021339431585,0.5981560953936906,0.6042908513557963,0.610425607317902,0.6165603632800076,0.6226951192421133,0.628829875204219,0.6349646311663246,0.6410993871284303,0.647234143090536,0.6533688990526416,0.6595036550147473,0.665638410976853,0.6717731669389586,0.6779079229010643,0.6840426788631699,0.6901774348252756,0.6963121907873813,0.7024469467494869,0.7085817027115926,0.7147164586736983,0.7208512146358039,0.7269859705979096,0.7331207265600153,0.7392554825221209,0.7453902384842266,0.7515249944463323,0.7576597504084379,0.7637945063705436,0.7699292623326492,0.7760640182947549,0.7821987742568606,0.7883335302189662,0.7944682861810719,0.8006030421431776,0.8067377981052832,0.016300566903997348,0.0,0.0,0.0,0.0,0.032601133807994696,0.016300566903997348,0.016300566903997348,0.0,0.04890170071199204,0.06520226761598939,0.04890170071199204,0.09780340142398408,0.09780340142398408,0.16300566903997346,0.13040453523197879,0.16300566903997346,0.2771096373679549,0.26080907046395757,0.26080907046395757,0.4890170071199204,0.6031209754479019,0.7009243768718859,0.6520226761598938,0.9128317466238514,1.2714442185117931,1.1410396832798144,1.1899413839918063,1.4833515882637587,1.8745651939596948,1.6137561234957374,2.1353742644236524,1.9886691622876762,1.9397674615756841,2.428784468695605,2.6080907046395754,3.1297088455674906,3.162309979375485,3.309015081511461,3.7002286872073977,3.586124718879384,4.091442292903334,3.863234356247371,4.319650229559297,4.335950796463294,4.482655898599271,4.890170071199204,4.498956465503268,4.743464969063228,4.661962134543241,4.661962134543199,4.743464969063228,4.498956465503268,4.890170071199204,4.482655898599271,4.335950796463294,4.319650229559297,3.863234356247371,4.091442292903334,3.5861247188794163,3.7002286872073977,3.309015081511461,3.162309979375485,3.1297088455674906,2.6080907046395754,2.428784468695605,1.9397674615756841,1.9886691622876762,2.1353742644236524,1.6137561234957374,1.8745651939596948,1.4833515882637587,1.1899413839918063,1.1410396832798144,1.2714442185117931,0.9128317466238514,0.6520226761598938,0.7009243768718859,0.6031209754479019,0.4890170071199204,0.26080907046395757,0.26080907046395757,0.2771096373679549,0.16300566903997346,0.13040453523197879,0.16300566903997346,0.09780340142398408,0.09780340142398408,0.04890170071199204,0.06520226761598939,0.04890170071199204,0.0,0.016300566903997348,0.016300566903997348,0.032601133807994696,0.0,0.0,0.0,0.0,0.016300566903997348,0.5,0.08280716565262893
1.01,expected,0.4,False,False,100,100,normal,0.3,1.6,1.6,1.25,0.2,0.13325904807687808,0.14059386711534053,0.14792868615380295,0.1552635051922654,0.16259832423072784,0.1699331432691903,0.1772679623076527,0.18460278134611516,0.19193760038457758,0.19927241942304003,0.20660723846150247,0.21394205749996492,0.22127687653842734,0.2286116955768898,0.2359465146153522,0.24328133365381466,0.2506161526922771,0.25795097173073955,0.265285790769202,0.27262060980766445,0.2799554288461269,0.2872902478845893,0.29462506692305174,0.3019598859615142,0.3092947049999766,0.316629524038439,0.3239643430769015,0.3312991621153639,0.33863398115382637,0.3459688001922888,0.35330361923075126,0.3606384382692137,0.36797325730767616,0.3753080763461386,0.382642895384601,0.3899777144230635,0.39731253346152584,0.4046473524999883,0.41198217153845074,0.4193169905769132,0.42665180961537563,0.4339866286538381,0.44132144769230053,0.448656266730763,0.4559910857692254,0.46332590480768787,0.4706607238461503,0.47799554288461277,0.4853303619230751,0.49266518096153755,0.5,0.5073348190384624,0.5146696380769249,0.5220044571153873,0.5293392761538498,0.5366740951923122,0.5440089142307747,0.5513437332692371,0.5586785523076996,0.566013371346162,0.5733481903846245,0.5806830094230868,0.5880178284615493,0.5953526475000117,0.6026874665384742,0.6100222855769366,0.617357104615399,0.6246919236538615,0.632026742692324,0.6393615617307864,0.6466963807692488,0.6540311998077112,0.6613660188461736,0.6687008378846361,0.6760356569230985,0.683370475961561,0.6907052950000234,0.6980401140384859,0.7053749330769483,0.7127097521154108,0.7200445711538732,0.7273793901923357,0.7347142092307981,0.7420490282692606,0.7493838473077229,0.7567186663461853,0.7640534853846478,0.7713883044231102,0.7787231234615727,0.7860579425000351,0.7933927615384976,0.80072758057696,0.8080623996154225,0.8153972186538849,0.8227320376923474,0.8300668567308098,0.8374016757692722,0.8447364948077346,0.852071313846197,0.8594061328846595,0.866740951923122,0.013633601521130695,0.0,0.0,0.0,0.013633601521130695,0.0,0.0,0.013633601521130745,0.0,0.0,0.0,0.0,0.0,0.013633601521130745,0.04090080456339208,0.08180160912678416,0.05453440608452278,0.05453440608452278,0.10906881216904556,0.17723681977469902,0.17723681977470035,0.2045040228169604,0.2999392334648753,0.27267203042261595,0.490809654760705,0.5317104593240971,0.5589776623663585,0.7225808806199268,0.8861840988734951,0.8725504973523645,1.281558542986285,1.513329768845507,1.4860625658032456,1.6905665886202186,1.8950706114371523,1.8950706114371951,2.344979461634479,2.590384289014832,3.1766291544234515,3.1357283498600594,3.4356675833249346,3.8446756289588557,3.817408425916594,3.8446756289588557,4.3082180806773,4.199149268508253,4.417286892846344,4.580890111099983,4.703592524790089,4.417286892846344,4.417286892846344,4.703592524790089,4.580890111099913,4.417286892846344,4.199149268508253,4.3082180806773,3.8446756289588557,3.817408425916594,3.8446756289588557,3.4356675833249346,3.135728349860107,3.1766291544234515,2.590384289014832,2.344979461634479,1.8950706114371663,1.8950706114371663,1.690566588620206,1.4860625658032456,1.513329768845507,1.281558542986285,0.8725504973523776,0.8861840988734951,0.7225808806199268,0.5589776623663585,0.5317104593240971,0.490809654760705,0.27267203042261384,0.2999392334648753,0.2045040228169604,0.17723681977469902,0.17723681977469902,0.10906881216904556,0.05453440608452278,0.0545344060845236,0.08180160912678416,0.04090080456339208,0.013633601521130695,0.0,0.0,0.0,0.0,0.0,0.013633601521130695,0.0,0.0,0.0136336015211309,0.0,0.0,0.0,0.013633601521130695,0.5,0.08481183224681908
1.01,expected,0.4,False,False,100,100,normal,0.3,1.6,1.6,1.25,0.3,0.21017629160946125,0.215972765777272,0.2217692399450828,0.22756571411289356,0.23336218828070435,0.2391586624485151,0.2449551366163259,0.25075161078413666,0.2565480849519474,0.26234455911975824,0.268141033287569,0.27393750745537976,0.2797339816231905,0.28553045579100134,0.2913269299588121,0.29712340412662286,0.3029198782944336,0.3087163524622444,0.3145128266300552,0.32030930079786596,0.3261057749656767,0.33190224913348754,0.33769872330129824,0.34349519746910906,0.3492916716369198,0.3550881458047306,0.3608846199725414,0.36668109414035216,0.3724775683081629,0.37827404247597374,0.38407051664378444,0.38986699081159526,0.395663464979406,0.4014599391472168,0.4072564133150276,0.4130528874828383,0.4188493616506491,0.4246458358184599,0.43044230998627064,0.43623878415408146,0.4420352583218922,0.447831732489703,0.4536282066575138,0.4594246808253245,0.4652211549931353,0.47101762916094614,0.47681410332875684,0.48261057749656766,0.48840705166437837,0.4942035258321892,0.5,0.5057964741678107,0.5115929483356215,0.5173894225034322,0.523185896671243,0.5289823708390539,0.5347788450068646,0.5405753191746754,0.5463717933424862,0.5521682675102969,0.5579647416781077,0.5637612158459184,0.5695576900137292,0.5753541641815401,0.5811506383493508,0.5869471125171616,0.5927435866849723,0.5985400608527831,0.6043365350205939,0.6101330091884046,0.6159294833562154,0.6217259575240263,0.627522431691837,0.6333189058596478,0.6391153800274585,0.6449118541952693,0.6507083283630801,0.6565048025308908,0.6623012766987016,0.6680977508665125,0.6738942250343232,0.679690699202134,0.6854871733699447,0.6912836475377555,0.6970801217055663,0.702876595873377,0.7086730700411878,0.7144695442089987,0.7202660183768094,0.7260624925446202,0.731858966712431,0.7376554408802417,0.7434519150480525,0.7492483892158632,0.755044863383674,0.7608413375514849,0.7666378117192956,0.7724342858871064,0.7782307600549171,0.7840272342227279,0.7898237083905387,0.03450373351280489,0.034503733512804724,0.017251866756402445,0.0,0.017251866756402445,0.017251866756402362,0.05175560026920733,0.05175560026920733,0.08625933378201141,0.10351120053841466,0.13801493405121956,0.2587780013460367,0.20702240107682737,0.20702240107682932,0.36228920188445135,0.41404480215365863,0.36228920188445135,0.37954106864085013,0.48305226917926847,0.5520597362048782,0.7245784037688958,0.8280896043073254,0.9661045383585277,0.8280896043073173,1.0696157388969516,1.1903788061917573,1.4146530740250005,1.8114460094222566,1.7079348088838258,2.0012165437427027,1.794194142665837,2.2772464118451228,2.2427426783323177,2.4152613458963192,3.019076682370457,2.95006921534479,3.2606028169600623,3.346862150742074,3.191595349934422,3.0880841493960376,3.1915953499344525,4.519989090177397,3.7436550861393663,3.898921886946915,4.588996557203006,4.554492823690289,4.140448021536548,4.261211088831445,4.606248423959409,4.84777455854904,4.847774558549133,4.606248423959409,4.261211088831445,4.140448021536548,4.554492823690202,4.588996557203094,3.898921886946915,3.7436550861392948,4.519989090177484,3.191595349934422,3.0880841493960673,3.191595349934422,3.346862150742042,3.2606028169600934,2.95006921534479,3.019076682370457,2.4152613458963192,2.2427426783322963,2.2772464118451445,1.794194142665837,2.0012165437426646,1.7079348088838586,1.8114460094222395,1.414653074025014,1.1903788061917573,1.0696157388969414,0.8280896043073254,0.9661045383585277,0.8280896043073095,0.7245784037689096,0.5520597362048729,0.48305226917927313,0.37954106864085013,0.3622892018844479,0.4140448021536627,0.3622892018844479,0.20702240107682737,0.20702240107683134,0.25877800134603424,0.13801493405121823,0.10351120053841567,0.08625933378201141,0.051755600269207835,0.05175560026920684,0.01725186675640228,0.017251866756402612,0.0,0.017251866756402612,0.03450373351280456,0.03450373351280456,0.5,0.08688739875748122
1.01,expected,0.4,False,False,100,100,normal,0.3,1.6,1.6,1.25,0.4,0.18162063162506384,0.18798821899256257,0.19435580636006128,0.20072339372756,0.20709098109505875,0.21345856846255745,0.21982615583005619,0.22619374319755492,0.23256133056505363,0.23892891793255233,0.24529650530005107,0.2516640926675498,0.2580316800350485,0.26439926740254727,0.270766854770046,0.2771344421375447,0.28350202950504344,0.28986961687254215,0.29623720424004085,0.3026047916075396,0.30897237897503826,0.315339966342537,0.3217075537100358,0.32807514107753444,0.3344427284450332,0.34081031581253196,0.3471779031800306,0.3535454905475294,0.35991307791502813,0.3662806652825268,0.37264825265002555,0.37901584001752425,0.38538342738502296,0.3917510147525217,0.3981186021200204,0.40448618948751913,0.4108537768550179,0.4172213642225166,0.4235889515900153,0.42995653895751407,0.4363241263250127,0.4426917136925115,0.44905930106001024,0.4554268884275089,0.46179447579500765,0.4681620631625064,0.47452965053000506,0.4808972378975038,0.4872648252650026,0.49363241263250124,0.5,0.5063675873674988,0.5127351747349974,0.5191027621024962,0.5254703494699949,0.5318379368374936,0.5382055242049923,0.5445731115724911,0.5509406989399898,0.5573082863074885,0.5636758736749873,0.5700434610424859,0.5764110484099847,0.5827786357774835,0.5891462231449821,0.5955138105124809,0.6018813978799796,0.6082489852474783,0.614616572614977,0.6209841599824758,0.6273517473499745,0.6337193347174732,0.6400869220849719,0.6464545094524706,0.6528220968199694,0.659189684187468,0.6655572715549668,0.6719248589224656,0.6782924462899642,0.684660033657463,0.6910276210249616,0.6973952083924604,0.7037627957599591,0.7101303831274578,0.7164979704949566,0.7228655578624553,0.729233145229954,0.7356007325974527,0.7419683199649515,0.7483359073324501,0.7547034946999489,0.7610710820674477,0.7674386694349463,0.7738062568024451,0.7801738441699438,0.7865414315374425,0.7929090189049413,0.79927660627244,0.8056441936399387,0.8120117810074374,0.8183793683749362,0.015704535207544584,0.0,0.0,0.03140907041508917,0.01570453520754465,0.015704535207544584,0.0,0.01570453520754465,0.0628181408301786,0.07852267603772292,0.03140907041508917,0.10993174645281256,0.15704535207544515,0.10993174645281256,0.20415895769808048,0.2198634929056232,0.28268163373580374,0.2512725633207144,0.39261338018861286,0.45543152101879886,0.4397269858112464,0.4397269858112464,0.4711360562263437,0.6438859435093252,0.8166358307923148,1.2092492109809487,1.099317464528116,1.303476422226195,1.4762263095092103,1.554748985546907,1.8688396896978139,1.6803852672072779,2.0887031826034206,2.575543774037323,2.763998196527859,2.4184984219618553,2.6854755204901357,2.858225407773127,3.2194297175466255,3.8947247314711078,3.6120430977352385,3.4078841400371602,3.643452168150391,4.507201604565276,4.428678928527553,4.051770083546556,3.7533839146031394,4.522906139772821,4.13029275958428,4.507201604565276,4.507201604565276,4.13029275958428,4.522906139772821,3.7533839146031394,4.051770083546556,4.428678928527553,4.507201604565276,3.643452168150391,3.4078841400371602,3.6120430977352385,3.8947247314711078,3.2194297175466255,2.858225407773102,2.6854755204901593,2.4184984219618553,2.763998196527835,2.5755437740373455,2.0887031826034206,1.6803852672072632,1.8688396896978299,1.554748985546907,1.4762263095092103,1.303476422226195,1.099317464528116,1.2092492109809487,0.8166358307923148,0.6438859435093252,0.4711360562263437,0.4397269858112464,0.43972698581125413,0.455431521018791,0.39261338018861286,0.2512725633207167,0.2826816337358013,0.2198634929056232,0.20415895769808226,0.1099317464528116,0.15704535207544515,0.10993174645281353,0.03140907041508903,0.07852267603772257,0.06281814083017917,0.015704535207544515,0.0,0.015704535207544792,0.015704535207544515,0.03140907041508903,0.0,0.0,0.015704535207544515,0.5,0.08859613829476827
1.01,expected,0.4,False,False,100,100,normal,0.3,1.6,1.6,1.5,0.1,0.22241505594351346,0.22796675482464318,0.23351845370577293,0.23907015258690265,0.2446218514680324,0.2501735503491621,0.25572524923029183,0.26127694811142155,0.2668286469925513,0.27238034587368104,0.27793204475481076,0.2834837436359405,0.28903544251707025,0.29458714139819997,0.3001388402793297,0.3056905391604594,0.3112422380415891,0.31679393692271884,0.3223456358038486,0.32789733468497834,0.33344903356610806,0.3390007324472378,0.34455243132836755,0.35010413020949727,0.355655829090627,0.3612075279717567,0.3667592268528864,0.37231092573401614,0.37786262461514586,0.38341432349627563,0.38896602237740535,0.3945177212585351,0.40006942013966484,0.40562111902079456,0.4111728179019243,0.416724516783054,0.4222762156641837,0.42782791454531344,0.43337961342644316,0.43893131230757293,0.44448301118870265,0.4500347100698324,0.45558640895096214,0.46113810783209186,0.4666898067132216,0.4722415055943513,0.477793204475481,0.4833449033566108,0.4888966022377405,0.4944483011188702,0.49999999999999994,0.5055516988811297,0.5111033977622594,0.5166550966433892,0.5222067955245189,0.5277584944056486,0.5333101932867783,0.538861892167908,0.5444135910490377,0.5499652899301675,0.5555169888112972,0.5610686876924269,0.5666203865735567,0.5721720854546865,0.5777237843358162,0.5832754832169459,0.5888271820980756,0.5943788809792054,0.5999305798603352,0.6054822787414649,0.6110339776225946,0.6165856765037243,0.622137375384854,0.6276890742659837,0.6332407731471135,0.6387924720282432,0.6443441709093729,0.6498958697905026,0.6554475686716323,0.6609992675527621,0.6665509664338918,0.6721026653150215,0.6776543641961513,0.683206063077281,0.6887577619584108,0.6943094608395405,0.6998611597206702,0.7054128586018,0.7109645574829297,0.7165162563640595,0.7220679552451892,0.7276196541263189,0.7331713530074486,0.7387230518885783,0.7442747507697081,0.7498264496508378,0.7553781485319675,0.7609298474130972,0.7664815462942269,0.7720332451753567,0.7775849440564865,0.03602500861129231,0.0,0.018012504305646156,0.054037512916938195,0.054037512916938465,0.09006252152823077,0.018012504305646156,0.0720500172225839,0.09006252152823077,0.09006252152823077,0.10807502583387693,0.09006252152822988,0.18012504305646154,0.27018756458469234,0.21615005166775386,0.39627509472421546,0.342237581807277,0.36025008611291953,0.5223626248637385,0.4683251119468,0.5403751291693847,0.7565251808371309,0.6484501550032616,0.7385126765314923,1.0987627626444154,0.9546627281992461,1.5490753702855695,1.386962831534754,1.459012848757324,1.8012504305646155,1.7652254219533057,2.1434880123718925,2.48572559417917,2.647838132929985,2.683863141541277,2.8459756802920926,3.1882132620993695,3.512438339601,3.5844883568235493,3.8006384084913383,4.413063554883264,4.142875990298616,4.142875990298616,4.395051050577662,4.755301136690584,5.025488701275278,5.079526214192165,4.863376162524462,4.917413675441401,5.259651257248677,5.259651257248625,4.917413675441401,4.863376162524462,5.079526214192216,5.025488701275278,4.755301136690584,4.395051050577662,4.142875990298616,4.142875990298616,4.413063554883308,3.8006384084913383,3.5844883568235133,3.512438339601,3.1882132620993695,2.8459756802920926,2.683863141541277,2.6478381329299316,2.48572559417917,2.1434880123718925,1.7652254219533232,1.8012504305646155,1.4590128487573386,1.386962831534754,1.5490753702855695,0.9546627281992461,1.0987627626444154,0.7385126765314923,0.6484501550032616,0.7565251808371386,0.5403751291693847,0.4683251119468,0.5223626248637281,0.3602500861129231,0.342237581807277,0.39627509472421546,0.21615005166775386,0.2701875645846869,0.18012504305646154,0.09006252152823077,0.10807502583387693,0.09006252152823077,0.09006252152823077,0.07205001722258463,0.018012504305646156,0.09006252152823077,0.054037512916938465,0.054037512916938465,0.018012504305646156,0.0,0.03602500861129159,0.5,0.07925797119495787
1.01,expected,0.4,False,False,100,100,normal,0.3,1.6,1.6,1.5,0.2,0.17690164493409577,0.18336361203541385,0.18982557913673193,0.19628754623805003,0.2027495133393681,0.2092114804406862,0.2156734475420043,0.22213541464332237,0.22859738174464045,0.23505934884595853,0.2415213159472766,0.2479832830485947,0.2544452501499128,0.2609072172512309,0.26736918435254897,0.27383115145386705,0.28029311855518513,0.2867550856565032,0.2932170527578213,0.29967901985913936,0.30614098696045744,0.3126029540617755,0.31906492116309365,0.32552688826441173,0.3319888553657298,0.3384508224670479,0.34491278956836596,0.3513747566696841,0.3578367237710022,0.36429869087232025,0.37076065797363833,0.3772226250749564,0.3836845921762745,0.39014655927759256,0.39660852637891064,0.4030704934802287,0.4095324605815468,0.4159944276828649,0.422456394784183,0.4289183618855011,0.43538032898681917,0.44184229608813724,0.4483042631894553,0.4547662302907734,0.46122819739209153,0.4676901644934096,0.4741521315947277,0.48061409869604577,0.48707606579736384,0.4935380328986819,0.5,0.5064619671013181,0.5129239342026362,0.5193859013039543,0.5258478684052723,0.5323098355065905,0.5387718026079085,0.5452337697092267,0.5516957368105446,0.5581577039118628,0.5646196710131809,0.571081638114499,0.577543605215817,0.5840055723171351,0.5904675394184532,0.5969295065197713,0.6033914736210894,0.6098534407224074,0.6163154078237255,0.6227773749250436,0.6292393420263618,0.6357013091276797,0.6421632762289979,0.6486252433303159,0.6550872104316341,0.6615491775329521,0.6680111446342702,0.6744731117355883,0.6809350788369064,0.6873970459382245,0.6938590130395426,0.7003209801408606,0.7067829472421787,0.7132449143434968,0.7197068814448149,0.726168848546133,0.732630815647451,0.7390927827487691,0.7455547498500873,0.7520167169514054,0.7584786840527235,0.7649406511540415,0.7714026182553596,0.7778645853566777,0.7843265524579958,0.7907885195593138,0.7972504866606319,0.80371245376195,0.8101744208632681,0.8166363879645862,0.8230983550659042,0.01547516389856001,0.0,0.0,0.0,0.0,0.0,0.03095032779712002,0.03095032779712002,0.0,0.0,0.0,0.030950327797119887,0.03095032779712002,0.046425491695680034,0.09285098339136007,0.09285098339136007,0.09285098339136007,0.34045360576832023,0.17022680288416012,0.29402811407264023,0.4333045891596803,0.4487797530582365,0.4952052447539203,0.6190065559424004,0.7273327032323206,0.7737581949280006,1.0677863090006317,1.0058856534064007,1.2070627840876809,1.361814423073281,1.501090898160321,1.8724948317257615,2.1046222902041616,2.4760262237696016,1.9962961429142414,2.2748490930883216,2.893855649030722,2.770054337842218,3.234309254799042,3.4354863854803224,3.5592876966688025,3.8997413024371226,3.9306916302342425,4.178294252611167,4.1009184331184025,4.518747858379523,5.060378594829124,4.7973008085536035,4.859201464147843,4.503272694480963,4.503272694480963,4.859201464147843,4.797300808553521,5.060378594829211,4.518747858379446,4.100918433118474,4.178294252611131,3.9306916302343105,3.899741302437056,3.5592876966688025,3.4354863854803224,3.234309254799042,2.7700543378422418,2.893855649030722,2.2748490930883216,1.9962961429142414,2.4760262237696016,2.1046222902041616,1.8724948317257615,1.5010908981602953,1.3618144230733042,1.2070627840876602,1.005885653406418,1.0677863090006223,0.7737581949280138,0.727332703232308,0.6190065559424004,0.4952052447539203,0.4487797530582403,0.4333045891596803,0.29402811407264023,0.17022680288416012,0.34045360576832023,0.09285098339136007,0.09285098339136007,0.09285098339136007,0.046425491695680034,0.03095032779711949,0.03095032779712002,0.0,0.0,0.0,0.03095032779712002,0.03095032779712002,0.0,0.0,0.0,0.0,0.0,0.01547516389856001,0.5,0.0828792854171401
1.01,expected,0.4,False,False,100,100,normal,0.3,1.6,1.6,1.5,0.3,0.18745944961140798,0.1937102606191798,0.19996107162695165,0.2062118826347235,0.21246269364249534,0.21871350465026718,0.224964315658039,0.23121512666581084,0.2374659376735827,0.24371674868135454,0.24996755968912637,0.25621837069689823,0.26246918170467004,0.2687199927124419,0.2749708037202137,0.28122161472798557,0.2874724257357574,0.29372323674352924,0.2999740477513011,0.3062248587590729,0.31247566976684477,0.3187264807746166,0.32497729178238843,0.33122810279016024,0.3374789137979321,0.34372972480570396,0.34998053581347577,0.35623134682124763,0.3624821578290195,0.3687329688367913,0.37498377984456316,0.381234590852335,0.3874854018601068,0.39373621286787863,0.3999870238756505,0.40623783488342236,0.41248864589119416,0.418739456898966,0.4249902679067379,0.4312410789145097,0.43749188992228155,0.44374270093005336,0.4499935119378252,0.4562443229455971,0.4624951339533689,0.46874594496114075,0.47499675596891255,0.4812475669766844,0.4874983779844562,0.4937491889922281,0.49999999999999994,0.5062508110077717,0.5125016220155436,0.5187524330233154,0.5250032440310872,0.5312540550388591,0.537504866046631,0.5437556770544028,0.5500064880621747,0.5562572990699465,0.5625081100777183,0.5687589210854902,0.575009732093262,0.5812605431010338,0.5875113541088057,0.5937621651165775,0.6000129761243493,0.6062637871321213,0.612514598139893,0.6187654091476649,0.6250162201554368,0.6312670311632085,0.6375178421709804,0.6437686531787522,0.650019464186524,0.6562702751942959,0.6625210862020677,0.6687718972098395,0.6750227082176115,0.6812735192253833,0.6875243302331551,0.693775141240927,0.7000259522486987,0.7062767632564706,0.7125275742642425,0.7187783852720142,0.7250291962797861,0.731280007287558,0.7375308182953297,0.7437816293031017,0.7500324403108736,0.7562832513186453,0.7625340623264172,0.7687848733341891,0.7750356843419608,0.7812864953497327,0.7875373063575044,0.7937881173652763,0.8000389283730482,0.8062897393808199,0.812540550388592,0.015997924089476836,0.0,0.015997924089476766,0.015997924089476836,0.015997924089476836,0.0,0.015997924089476836,0.06399169635790707,0.06399169635790734,0.015997924089476836,0.03199584817895353,0.06399169635790763,0.11198546862633736,0.03199584817895382,0.09598754453686059,0.1919750890737229,0.17597716498424443,0.22397093725267472,0.3199584817895382,0.47993772268430296,0.3679522540579656,0.4639397985948303,0.5759252672211687,0.7679003562948847,0.7359045081159312,0.9598754453686145,1.2318401548897109,1.1038567621738968,1.1678484585318143,1.5358007125897695,1.5997924089476767,2.063732207542521,2.2717052207057207,1.839761270289828,2.4156865375109917,2.1757176761688597,2.8956242601952944,3.5675370719533186,3.455551603327012,3.679522540579656,3.8554997055639344,3.4715495274164585,3.935489326011284,4.351435352337719,4.319439504158726,4.783379302753596,4.511414593232447,4.703389682306211,4.559408365500879,4.671393834127215,4.671393834127299,4.559408365500838,4.703389682306211,4.511414593232487,4.78337930275351,4.319439504158765,4.351435352337719,3.935489326011249,3.4715495274164887,3.8554997055639344,3.6795225405796232,3.455551603327012,3.56753707195335,2.8956242601952686,2.1757176761688597,2.415686537511013,1.8397612702898116,2.271705220705761,2.0637322075424844,1.5997924089476623,1.5358007125898103,1.1678484585317936,1.1038567621739066,1.2318401548897218,0.9598754453685974,0.7359045081159378,0.7679003562948916,0.5759252672211584,0.4639397985948303,0.3679522540579689,0.4799377226842987,0.31995848178954384,0.22397093725267272,0.17597716498424285,0.1919750890737263,0.09598754453685975,0.03199584817895325,0.11198546862634035,0.0639916963579065,0.03199584817895325,0.015997924089477193,0.0639916963579065,0.0639916963579065,0.015997924089477193,0.0,0.015997924089477193,0.015997924089476624,0.015997924089476624,0.0,0.01599792408947634,0.5,0.08351207326816015
1.01,expected,0.4,False,False,100,100,normal,0.3,1.6,1.6,1.5,0.4,0.19764218841314585,0.20368934464488292,0.20973650087662002,0.2157836571083571,0.2218308133400942,0.22787796957183126,0.23392512580356833,0.2399722820353054,0.2460194382670425,0.2520665944987796,0.2581137507305167,0.26416090696225375,0.2702080631939908,0.27625521942572795,0.28230237565746497,0.2883495318892021,0.29439668812093917,0.30044384435267624,0.30649100058441336,0.3125381568161504,0.3185853130478875,0.3246324692796246,0.33067962551136165,0.3367267817430988,0.3427739379748358,0.3488210942065729,0.35486825043831,0.36091540667004707,0.36696256290178414,0.3730097191335212,0.37905687536525834,0.3851040315969954,0.3911511878287325,0.39719834406046955,0.4032455002922066,0.40929265652394375,0.4153398127556808,0.4213869689874179,0.42743412521915497,0.43348128145089204,0.43952843768262917,0.4455755939143662,0.4516227501461033,0.4576699063778404,0.46371706260957746,0.46976421884131453,0.47581137507305166,0.48185853130478873,0.4879056875365258,0.4939528437682629,0.49999999999999994,0.506047156231737,0.5120943124634741,0.5181414686952113,0.5241886249269483,0.5302357811586853,0.5362829373904224,0.5423300936221596,0.5483772498538966,0.5544244060856337,0.5604715623173708,0.5665187185491078,0.572565874780845,0.5786130310125821,0.5846601872443191,0.5907073434760561,0.5967544997077933,0.6028016559395304,0.6088488121712674,0.6148959684030045,0.6209431246347417,0.6269902808664787,0.6330374370982158,0.6390845933299529,0.64513174956169,0.651178905793427,0.6572260620251641,0.6632732182569012,0.6693203744886382,0.6753675307203754,0.6814146869521125,0.6874618431838495,0.6935089994155865,0.6995561556473237,0.7056033118790608,0.7116504681107978,0.7176976243425349,0.723744780574272,0.7297919368060091,0.7358390930377462,0.7418862492694832,0.7479334055012203,0.7539805617329575,0.7600277179646945,0.7660748741964316,0.7721220304281686,0.7781691866599058,0.7842163428916429,0.7902634991233799,0.796310655355117,0.802357811586854,0.016536698601430803,0.0,0.0,0.033073397202861454,0.0,0.06614679440572321,0.04961009580429241,0.08268349300715364,0.049610095804292174,0.08268349300715401,0.09922019160858482,0.16536698601430802,0.14883028741287585,0.11575689021001667,0.16536698601430652,0.19844038321716964,0.4630275608400625,0.16536698601430652,0.47956425944149766,0.46302756084005825,0.6945413412600937,0.5291743552457857,0.7441514370643793,0.7772248342672549,0.9756652174844085,1.2071789979044487,1.1244955048972947,1.4056193811216182,1.5544496685344955,1.802500147555941,1.8190368461573883,2.000940530773127,2.364747900004605,2.199380913990297,2.8112387622432107,2.6458717762289283,3.1254360356704214,3.108899337068991,3.489243404901899,3.4396333090975757,4.034954458749153,3.505780103503298,4.018417760147685,4.216858143364855,4.3326150335748705,4.4318352251834146,4.233394841966286,4.283004937770578,4.299541636372008,4.663349005603486,4.663349005603486,4.299541636371969,4.283004937770539,4.233394841966324,4.431835225183495,4.332615033574831,4.216858143364815,4.018417760147722,3.505780103503298,4.034954458749079,3.4396333090976383,3.4892434049018672,3.108899337068962,3.1254360356704503,2.6458717762289528,2.8112387622432107,2.1993809139902765,2.3647479000046263,2.000940530773109,1.8190368461573714,1.802500147555974,1.554449668534481,1.4056193811216053,1.1244955048973049,1.2071789979044598,0.9756652174844085,0.7772248342672405,0.7441514370643929,0.5291743552457808,0.6945413412600873,0.4630275608400667,0.47956425944149766,0.16536698601430652,0.46302756084005825,0.19844038321717147,0.16536698601430652,0.11575689021001456,0.14883028741287857,0.16536698601430652,0.09922019160858574,0.08268349300715326,0.04961009580429195,0.08268349300715477,0.04961009580429195,0.06614679440572381,0.0,0.0330733972028613,0.0,0.0,0.016536698601430953,0.5,0.08665445064138236
1.01,expected,0.4,False,False,100,100,normal,0.3,1.6,2.0,0.5,0.1,0.11825119262294166,0.12588616877048284,0.133521144918024,0.14115612106556516,0.14879109721310632,0.15642607336064748,0.16406104950818867,0.17169602565572983,0.179331001803271,0.18696597795081216,0.19460095409835332,0.20223593024589448,0.20987090639343564,0.2175058825409768,0.22514085868851796,0.23277583483605915,0.24041081098360031,0.2480457871311415,0.25568076327868267,0.2633157394262238,0.270950715573765,0.27858569172130615,0.2862206678688473,0.2938556440163885,0.30149062016392963,0.3091255963114708,0.31676057245901196,0.3243955486065531,0.3320305247540943,0.3396655009016355,0.34730047704917666,0.3549354531967178,0.362570429344259,0.37020540549180014,0.3778403816393413,0.38547535778688247,0.39311033393442363,0.4007453100819648,0.40838028622950595,0.4160152623770471,0.4236502385245883,0.43128521467212944,0.4389201908196706,0.44655516696721176,0.4541901431147529,0.46182511926229414,0.4694600954098353,0.47709507155737646,0.4847300477049176,0.4923650238524588,0.49999999999999994,0.5076349761475412,0.5152699522950823,0.5229049284426235,0.5305399045901646,0.5381748807377058,0.545809856885247,0.5534448330327881,0.5610798091803293,0.5687147853278705,0.5763497614754116,0.5839847376229528,0.5916197137704939,0.5992546899180351,0.6068896660655763,0.6145246422131174,0.6221596183606587,0.6297945945081999,0.637429570655741,0.6450645468032822,0.6526995229508233,0.6603344990983645,0.6679694752459057,0.6756044513934468,0.683239427540988,0.6908744036885291,0.6985093798360703,0.7061443559836115,0.7137793321311526,0.7214143082786938,0.729049284426235,0.7366842605737761,0.7443192367213173,0.7519542128688584,0.7595891890163996,0.7672241651639408,0.7748591413114819,0.7824941174590231,0.7901290936065642,0.7977640697541054,0.8053990459016467,0.8130340220491878,0.820668998196729,0.8283039743442702,0.8359389504918113,0.8435739266393525,0.8512089027868937,0.8588438789344348,0.866478855081976,0.8741138312295171,0.8817488073770583,0.01309761786645591,0.0,0.013097617866455932,0.013097617866455932,0.0,0.013097617866455885,0.013097617866455932,0.05239047146582373,0.013097617866455932,0.06548808933227966,0.09168332506519153,0.1178785607981034,0.17026903226392712,0.09168332506519153,0.14407379653101474,0.2095618858632949,0.19646426799683828,0.35363568239431015,0.30124521092848644,0.31434282879494235,0.4715142431924136,0.48461186105886944,0.45841662532595767,0.6417832754563406,0.5500999503911492,0.7596618362544441,1.12639513651521,1.0216141935835628,1.2442736973133046,1.4014451117107847,1.5193236725088881,1.4931284367759763,1.6895927047728154,1.8860569727696543,2.2134974194310524,2.0825212407664933,2.2265950372975083,2.5278402482259947,2.4230593052943474,2.6195235732911866,3.077940198617144,3.313697320213351,3.235111613014615,2.9862568735519526,3.5232592060766206,3.8114067991386764,3.5625520596760136,3.8114067991386764,3.6935282383405728,3.44467349887791,3.444673498877885,3.6935282383405728,3.8114067991386764,3.5625520596760136,3.8114067991386764,3.523259206076646,2.9862568735519526,3.235111613014615,3.313697320213351,3.077940198617144,2.6195235732911866,2.4230593052943474,2.5278402482259947,2.2265950372975083,2.0825212407664933,2.21349741943102,1.8860569727696543,1.6895927047728154,1.4931284367759763,1.5193236725088881,1.4014451117107847,1.2442736973133137,1.0216141935835628,1.12639513651521,0.7596618362544441,0.5500999503911492,0.6417832754563406,0.45841662532595767,0.48461186105886944,0.4715142431924136,0.31434282879494235,0.30124521092848644,0.35363568239431015,0.19646426799683897,0.2095618858632949,0.14407379653101526,0.09168332506519153,0.17026903226392712,0.1178785607981034,0.0916833250651902,0.06548808933227966,0.013097617866455932,0.05239047146582373,0.013097617866455932,0.013097617866455932,0.0,0.013097617866455932,0.013097617866455932,0.0,0.013097617866455932,0.5,0.10744306173160868
1.01,expected,0.4,False,False,100,100,normal,0.3,1.6,2.0,0.5,0.2,0.11529847406949058,0.12299250458810077,0.13068653510671097,0.13838056562532114,0.14607459614393134,0.1537686266625415,0.16146265718115171,0.1691566876997619,0.1768507182183721,0.1845447487369823,0.19223877925559246,0.19993280977420264,0.20762684029281284,0.21532087081142304,0.2230149013300332,0.23070893184864338,0.23840296236725358,0.24609699288586379,0.25379102340447396,0.26148505392308413,0.26917908444169436,0.27687311496030453,0.2845671454789147,0.2922611759975249,0.2999552065161351,0.3076492370347453,0.31534326755335546,0.32303729807196563,0.33073132859057586,0.33842535910918603,0.3461193896277962,0.3538134201464064,0.3615074506650166,0.3692014811836268,0.37689551170223695,0.3845895422208471,0.39228357273945735,0.3999776032580675,0.4076716337766777,0.4153656642952879,0.4230596948138981,0.4307537253325083,0.43844775585111845,0.4461417863697286,0.45383581688833885,0.461529847406949,0.4692238779255592,0.47691790844416937,0.4846119389627796,0.49230596948138977,0.49999999999999994,0.5076940305186102,0.5153880610372203,0.5230820915558305,0.5307761220744407,0.538470152593051,0.5461641831116612,0.5538582136302713,0.5615522441488815,0.5692462746674917,0.5769403051861018,0.584634335704712,0.5923283662233222,0.6000223967419325,0.6077164272605426,0.6154104577791528,0.623104488297763,0.6307985188163732,0.6384925493349833,0.6461865798535935,0.6538806103722037,0.6615746408908139,0.6692686714094241,0.6769627019280343,0.6846567324466445,0.6923507629652547,0.7000447934838648,0.707738824002475,0.7154328545210852,0.7231268850396954,0.7308209155583056,0.7385149460769158,0.746208976595526,0.7539030071141362,0.7615970376327463,0.7692910681513565,0.7769850986699667,0.784679129188577,0.7923731597071871,0.8000671902257973,0.8077612207444075,0.8154552512630177,0.8231492817816278,0.830843312300238,0.8385373428188482,0.8462313733374585,0.8539254038560686,0.8616194343746788,0.869313464893289,0.8770074954118992,0.8847015259305093,0.012997089075501032,0.0,0.0,0.0,0.0,0.025994178151002016,0.02599417815100211,0.11697380167950908,0.012997089075501008,0.09097962352850739,0.07798253445300633,0.10397671260400806,0.10397671260400806,0.18195924705701477,0.2859359596610232,0.3119301378120242,0.1819592470570141,0.36391849411402954,0.3769155831895306,0.4678952067180346,0.4419010285670359,0.4029097613405327,0.5588748302465454,0.7538311663790558,0.6758486319260549,0.701842810077057,1.0267700369645834,1.013772947889075,1.195732194946097,1.5986419562866299,1.5466535999846256,1.6116390453621192,1.7806012033436447,1.858583737796651,2.1705138756086764,2.131522608382158,2.443452746194198,2.4304556571186975,2.560426547873708,2.716391616779701,2.9243450419877375,3.1452955562712552,3.1582926453467564,3.1842868234977355,3.2232780907242615,3.4962169613097838,3.2882635361017667,3.288263536101743,3.379243159630274,3.535208228536287,3.5352082285362614,3.379243159630274,3.2882635361017667,3.2882635361017667,3.4962169613097336,3.2232780907242615,3.1842868234977586,3.1582926453467564,3.1452955562712552,2.9243450419877375,2.7163916167797204,2.560426547873708,2.4304556571186624,2.443452746194198,2.131522608382173,2.1705138756086764,1.858583737796651,1.7806012033436447,1.6116390453621308,1.5466535999846256,1.5986419562866299,1.1957321949460797,1.0137729478890825,1.0267700369645834,0.701842810077057,0.6758486319260549,0.7538311663790612,0.5588748302465454,0.4029097613405327,0.4419010285670295,0.467895206718038,0.3769155831895306,0.36391849411402954,0.18195924705701477,0.31193013781202533,0.2859359596610232,0.18195924705701216,0.10397671260400844,0.10397671260400844,0.07798253445300633,0.09097962352850739,0.012997089075501055,0.1169738016795095,0.02599417815100211,0.025994178151001735,0.0,0.0,0.0,0.0,0.012997089075501055,0.5,0.11211659829187431
1.01,expected,0.4,False,False,100,100,normal,0.3,1.6,2.0,0.5,0.3,0.06426103476138423,0.07297581406615655,0.08169059337092886,0.09040537267570117,0.0991201519804735,0.10783493128524582,0.11654971059001813,0.12526448989479044,0.13397926919956277,0.1426940485043351,0.15140882780910742,0.1601236071138797,0.16883838641865204,0.17755316572342436,0.18626794502819666,0.19498272433296898,0.2036975036377413,0.21241228294251363,0.22112706224728595,0.22984184155205825,0.23855662085683058,0.2472714001616029,0.2559861794663752,0.2647009587711475,0.27341573807591985,0.28213051738069217,0.2908452966854645,0.2995600759902368,0.3082748552950091,0.3169896345997814,0.32570441390455374,0.33441919320932606,0.3431339725140984,0.3518487518188707,0.36056353112364303,0.36927831042841536,0.3779930897331877,0.38670786903795995,0.3954226483427323,0.4041374276475046,0.4128522069522769,0.42156698625704925,0.43028176556182157,0.4389965448665939,0.44771132417136617,0.4564261034761385,0.4651408827809108,0.47385566208568314,0.48257044139045546,0.4912852206952278,0.5000000000000001,0.5087147793047724,0.5174295586095448,0.526144337914317,0.5348591172190893,0.5435738965238617,0.5522886758286341,0.5610034551334063,0.5697182344381786,0.578433013742951,0.5871477930477232,0.5958625723524956,0.6045773516572679,0.6132921309620403,0.6220069102668125,0.6307216895715848,0.6394364688763572,0.6481512481811295,0.6568660274859018,0.6655808067906741,0.6742955860954465,0.6830103654002188,0.6917251447049911,0.7004399240097634,0.7091547033145357,0.717869482619308,0.7265842619240803,0.7352990412288527,0.744013820533625,0.7527285998383973,0.7614433791431696,0.7701581584479419,0.7788729377527143,0.7875877170574865,0.7963024963622589,0.8050172756670312,0.8137320549718036,0.8224468342765758,0.8311616135813481,0.8398763928861205,0.8485911721908928,0.8573059514956651,0.8660207308004374,0.8747355101052098,0.883450289409982,0.8921650687147544,0.9008798480195267,0.909594627324299,0.9183094066290713,0.9270241859338436,0.9357389652386159,0.011474759888094783,0.0229495197761896,0.0,0.0,0.0,0.0,0.0,0.011474759888094783,0.034424279664284345,0.0,0.02294951977618964,0.05737379944047391,0.06884855932856869,0.10327283899285337,0.05737379944047391,0.06884855932856869,0.09179807910475826,0.13769711865713738,0.17212139832142226,0.26391947742618,0.34424279664284346,0.3671923164190342,0.4130913559714121,0.5852127542928338,0.6425865537333079,0.7114351130618765,0.7343846328380661,0.7802836723904502,0.7229098729499713,0.7802836723904452,1.3769711865713739,1.4458197458999427,1.6179411442213643,1.6179411442213643,1.996608220528492,1.9507091809761128,1.996608220528505,2.0310325001927767,2.272002457842767,2.478548135828473,2.788366652807032,2.788366652807032,2.8572152121356007,2.845740452247524,3.4424279664284345,3.281781327995108,3.281781327995108,3.5112765257570033,3.316205607659392,3.270306568107013,3.2703065681070336,3.3162056076593713,3.511276525757026,3.281781327995129,3.2817813279950867,3.4424279664284128,2.845740452247524,2.857215212135619,2.788366652807014,2.7883666528070497,2.478548135828457,2.272002457842781,2.0310325001927634,1.996608220528505,1.9507091809761257,1.9966082205284794,1.6179411442213747,1.6179411442213538,1.4458197458999518,1.376971186571365,0.7802836723904502,0.7229098729499667,0.7802836723904502,0.7343846328380708,0.7114351130618719,0.642586553733312,0.5852127542928302,0.4130913559714148,0.3671923164190307,0.3442427966428457,0.26391947742618166,0.17212139832142062,0.13769711865713824,0.09179807910475768,0.06884855932856912,0.05737379944047354,0.1032728389928537,0.06884855932856912,0.05737379944047354,0.02294951977618971,0.0,0.03442427966428456,0.01147475988809471,0.0,0.0,0.0,0.0,0.0,0.02294951977618971,0.011474759888094856,0.5,0.11525066369550495
1.01,expected,0.4,False,False,100,100,normal,0.3,1.6,2.0,0.5,0.4,0.13606482787570284,0.14334353131818878,0.15062223476067474,0.15790093820316067,0.1651796416456466,0.17245834508813257,0.1797370485306185,0.18701575197310444,0.19429445541559037,0.20157315885807633,0.20885186230056227,0.21613056574304823,0.22340926918553417,0.2306879726280201,0.23796667607050603,0.24524537951299197,0.2525240829554779,0.2598027863979639,0.2670814898404498,0.27436019328293576,0.2816388967254217,0.2889176001679077,0.2961963036103936,0.30347500705287955,0.3107537104953655,0.3180324139378514,0.32531111738033736,0.3325898208228233,0.3398685242653092,0.34714722770779516,0.3544259311502811,0.3617046345927671,0.368983338035253,0.37626204147773895,0.38354074492022494,0.3908194483627108,0.3980981518051968,0.40537685524768274,0.4126555586901687,0.4199342621326546,0.42721296557514055,0.4344916690176265,0.44177037246011247,0.4490490759025984,0.45632777934508434,0.4636064827875703,0.4708851862300562,0.47816388967254214,0.48544259311502813,0.49272129655751407,0.5,0.5072787034424859,0.5145574068849719,0.5218361103274578,0.5291148137699437,0.5363935172124297,0.5436722206549156,0.5509509240974015,0.5582296275398875,0.5655083309823734,0.5727870344248593,0.5800657378673454,0.5873444413098313,0.5946231447523173,0.6019018481948032,0.6091805516372891,0.6164592550797751,0.623737958522261,0.631016661964747,0.6382953654072329,0.6455740688497188,0.6528527722922048,0.6601314757346908,0.6674101791771767,0.6746888826196626,0.6819675860621486,0.6892462895046345,0.6965249929471204,0.7038036963896064,0.7110823998320923,0.7183611032745782,0.7256398067170642,0.7329185101595501,0.740197213602036,0.7474759170445221,0.754754620487008,0.762033323929494,0.7693120273719799,0.7765907308144658,0.7838694342569518,0.7911481376994377,0.7984268411419236,0.8057055445844096,0.8129842480268955,0.8202629514693814,0.8275416549118674,0.8348203583543534,0.8420990617968394,0.8493777652393253,0.8566564686818112,0.8639351721242972,0.027477421161658553,0.0,0.0,0.027477421161658553,0.027477421161658452,0.054954842323317106,0.09617097406580495,0.08243226348497568,0.1511258163891215,0.20608065871243916,0.12364839522746304,0.24729679045492703,0.34346776452073197,0.2610355010357563,0.3159903433590734,0.4121613174248783,0.549548423233167,0.34346776452073197,0.43963873858653685,0.5220710020715126,0.7418903713647753,0.7281516607839518,0.9204936089155618,0.9342323194963911,1.0029258724005372,1.1128355570471717,1.2502226628554642,1.3876097686637572,1.3601323475020988,1.7585549543461474,1.7722936649269636,1.6486452696995133,1.9783743236394162,2.033329165962718,2.0333291659627486,2.4867066151300805,2.4729679045492703,2.706525984423368,2.761480826746685,2.7477421161658557,3.063732459524929,2.8026969584891512,2.816435669070002,3.022516327782441,3.0087776172016123,3.063732459524929,3.3385066711415146,3.104948591267393,3.5033711981114664,2.8988679325549778,2.8988679325549778,3.5033711981114664,3.104948591267417,3.3385066711415146,3.063732459524929,3.0087776172016123,3.022516327782441,2.816435669070002,2.802696958489173,3.063732459524929,2.747742116165814,2.761480826746685,2.706525984423368,2.4729679045492703,2.4867066151300996,2.033329165962733,2.033329165962733,1.978374323639386,1.6486452696995388,1.772293664926977,1.758554954346121,1.3601323475020988,1.3876097686637572,1.2502226628554642,1.1128355570471717,1.0029258724005372,0.9342323194963911,0.9204936089155618,0.7281516607839518,0.741890371364781,0.5220710020715126,0.43963873858653685,0.34346776452073197,0.5495484232331628,0.4121613174248783,0.3159903433590734,0.2610355010357563,0.34346776452073197,0.24729679045492703,0.12364839522746351,0.20608065871243916,0.15112581638912206,0.08243226348497568,0.09617097406580495,0.054954842323317106,0.02747742116165814,0.027477421161658553,0.0,0.0,0.027477421161658553,0.5,0.11784786687748008
1.01,expected,0.4,False,False,100,100,normal,0.3,1.6,2.0,0.75,0.1,0.15203607562043697,0.15899535410802823,0.1659546325956195,0.17291391108321075,0.179873189570802,0.18683246805839326,0.19379174654598452,0.2007510250335758,0.20771030352116707,0.21466958200875833,0.22162886049634958,0.22858813898394084,0.2355474174715321,0.24250669595912336,0.24946597444671464,0.2564252529343059,0.26338453142189716,0.2703438099094884,0.2773030883970797,0.28426236688467094,0.2912216453722622,0.29818092385985345,0.3051402023474447,0.31209948083503597,0.31905875932262723,0.3260180378102185,0.33297731629780974,0.33993659478540106,0.3468958732729923,0.3538551517605836,0.36081443024817483,0.3677737087357661,0.37473298722335735,0.3816922657109486,0.38865154419853987,0.3956108226861311,0.4025701011737224,0.40952937966131364,0.4164886581489049,0.42344793663649616,0.4304072151240874,0.4373664936116787,0.44432577209926993,0.4512850505868612,0.45824432907445245,0.4652036075620437,0.47216288604963497,0.4791221645372262,0.4860814430248175,0.49304072151240874,0.5,0.5069592784875913,0.5139185569751825,0.5208778354627738,0.527837113950365,0.5347963924379564,0.5417556709255475,0.5487149494131389,0.5556742279007301,0.5626335063883214,0.5695927848759126,0.576552063363504,0.5835113418510951,0.5904706203386865,0.5974298988262776,0.604389177313869,0.6113484558014601,0.6183077342890515,0.6252670127766426,0.632226291264234,0.6391855697518252,0.6461448482394165,0.6531041267270078,0.660063405214599,0.6670226837021903,0.6739819621897816,0.6809412406773728,0.6879005191649641,0.6948597976525553,0.7018190761401466,0.7087783546277379,0.7157376331153291,0.7226969116029204,0.7296561900905116,0.7366154685781029,0.7435747470656942,0.7505340255532854,0.7574933040408767,0.7644525825284679,0.7714118610160592,0.7783711395036504,0.7853304179912417,0.792289696478833,0.7992489749664242,0.8062082534540155,0.8131675319416067,0.820126810429198,0.8270860889167893,0.8340453674043805,0.8410046458919718,0.847963924379563,0.014369305694305091,0.0,0.0,0.043107917082915274,0.014369305694305091,0.028738611388610183,0.0,0.014369305694305091,0.014369305694305091,0.014369305694305091,0.057477222777220366,0.014369305694305091,0.057477222777220366,0.07184652847152517,0.2011702797202713,0.2586475024974917,0.21553958541457638,0.3448633366633222,0.3448633366633222,0.48855639360637315,0.4167098651348477,0.6035108391608139,0.6609880619380343,0.6609880619380343,0.6897266733266444,0.9914820929070515,0.9340048701298236,0.9914820929070515,1.3794533466532888,1.4656691808191193,1.5375157092906448,1.6381008491507807,1.9398562687311875,2.212873076922984,2.2272423826172894,2.3421968281717302,2.615213636363527,2.687060164835052,2.945707667332544,2.960076973026849,3.448633366633222,3.563587812187663,3.6210650349648827,3.8509739260737645,3.736019480519324,3.577957117881968,4.009036288711121,3.779127397602239,4.353899625374443,3.8078660089908496,3.8078660089908496,4.353899625374443,3.779127397602239,4.009036288711121,3.577957117881911,3.7360194805193836,3.8509739260737033,3.6210650349649414,3.563587812187606,3.448633366633277,2.9600769730268017,2.9457076673325906,2.6870601648350094,2.6152136363635683,2.3421968281716925,2.227242382617325,2.212873076922949,1.9398562687312184,1.6381008491507545,1.5375157092906695,1.465669180819096,1.3794533466532888,0.9914820929070515,0.934004870129831,0.9914820929070515,0.6897266733266444,0.6609880619380343,0.6609880619380343,0.6035108391608139,0.4167098651348477,0.48855639360637315,0.3448633366633222,0.3448633366633222,0.21553958541457638,0.2586475024974917,0.2011702797202713,0.07184652847152546,0.057477222777220366,0.014369305694305091,0.057477222777220366,0.014369305694305091,0.014369305694305091,0.014369305694305091,0.0,0.028738611388610183,0.014369305694305091,0.043107917082915274,0.0,0.0,0.014369305694305091,0.5,0.0966528699952149
1.01,expected,0.4,False,False,100,100,normal,0.3,1.6,2.0,0.75,0.2,0.1525034010222674,0.15945333300182205,0.1664032649813767,0.17335319696093135,0.180303128940486,0.18725306092004065,0.1942029928995953,0.20115292487914996,0.2081028568587046,0.21505278883825923,0.22200272081781391,0.22895265279736854,0.23590258477692322,0.24285251675647784,0.24980244873603252,0.25675238071558715,0.2637023126951418,0.27065224467469645,0.27760217665425113,0.28455210863380576,0.2915020406133604,0.29845197259291506,0.30540190457246974,0.31235183655202436,0.319301768531579,0.32625170051113367,0.33320163249068835,0.340151564470243,0.3471014964497976,0.3540514284293523,0.36100136040890696,0.3679512923884616,0.3749012243680162,0.3818511563475709,0.38880108832712557,0.3957510203066802,0.4027009522862348,0.4096508842657895,0.4166008162453441,0.4235507482248988,0.4305006802044534,0.4374506121840081,0.4444005441635627,0.4513504761431174,0.45830040812267203,0.4652503401022267,0.47220027208178134,0.479150204061336,0.48610013604089064,0.4930500680204453,0.49999999999999994,0.5069499319795546,0.5138998639591092,0.520849795938664,0.5277997279182185,0.5347496598977732,0.5416995918773279,0.5486495238568825,0.5555994558364372,0.5625493878159918,0.5694993197955465,0.5764492517751012,0.5833991837546557,0.5903491157342105,0.5972990477137651,0.6042489796933197,0.6111989116728744,0.618148843652429,0.6250987756319837,0.6320487076115383,0.6389986395910929,0.6459485715706477,0.6528985035502022,0.6598484355297569,0.6667983675093117,0.6737482994888662,0.6806982314684209,0.6876481634479756,0.6945980954275301,0.7015480274070849,0.7084979593866394,0.7154478913661941,0.7223978233457489,0.7293477553253034,0.7362976873048581,0.7432476192844129,0.7501975512639674,0.7571474832435221,0.7640974152230766,0.7710473472026314,0.7779972791821861,0.7849472111617406,0.7918971431412953,0.7988470751208501,0.8057970071004046,0.8127469390799593,0.8196968710595138,0.8266468030390686,0.8335967350186233,0.8405466669981778,0.8474965989777326,0.01438863003180183,0.0,0.01438863003180183,0.01438863003180183,0.02877726006360366,0.0,0.01438863003180183,0.0,0.05755452012720755,0.043165890095405314,0.08633178019081132,0.12949767028621592,0.1151090402544151,0.1582749303498195,0.15827493034982074,0.21582945047702656,0.27338397060423586,0.46043616101765666,0.3884930108586509,0.31654986069964147,0.46043616101765666,0.6187110913674762,0.7050428715582924,0.8345405418445094,0.8489291718763045,1.007204102226124,1.1079245124487451,1.1367017725123492,1.1798676626077453,1.6834697137208074,1.3525312229893773,1.6690810836890189,1.9280764242614372,2.0575740945476535,2.5611761456607356,2.51801025556533,2.777005596137742,2.7626169661059623,3.1079440868691823,2.9928350466147924,3.280607647250804,3.4532712076324525,3.366939427441615,3.8129869584274996,3.510825727759632,3.6547120280776793,3.510825727759632,3.5396029878232644,3.9137073686500816,4.100759559063538,4.100759559063505,3.9137073686501127,3.5396029878232076,3.5108257277597166,3.654712028077621,3.51082572775966,3.8129869584274996,3.366939427441588,3.4532712076324525,3.28060764725083,2.9928350466147444,3.107944086869257,2.762616966105918,2.777005596137764,2.51801025556533,2.561176145660695,2.0575740945477023,1.928076424261422,1.6690810836890189,1.3525312229893773,1.683469713720794,1.1798676626077735,1.136701772512331,1.1079245124487276,1.0072041022261482,0.8489291718762977,0.8345405418444961,0.7050428715583037,0.6187110913674712,0.46043616101766777,0.3165498606996364,0.38849301085864474,0.46043616101766777,0.2733839706042315,0.21582945047702484,0.1582749303498233,0.1582749303498182,0.11510904025441694,0.1294976702862149,0.08633178019080993,0.04316589009540635,0.057554520127206625,0.0,0.014388630031802118,0.0,0.028777260063604235,0.014388630031801656,0.014388630031801656,0.0,0.014388630031801656,0.5,0.09974879827021227
1.01,expected,0.4,False,False,100,100,normal,0.3,1.6,2.0,0.75,0.3,0.18399476294171155,0.1903148676828773,0.1966349724240431,0.20295507716520886,0.20927518190637462,0.2155952866475404,0.22191539138870617,0.22823549612987193,0.23455560087103772,0.24087570561220348,0.24719581035336924,0.253515915094535,0.2598360198357008,0.26615612457686655,0.27247622931803234,0.27879633405919807,0.28511643880036386,0.29143654354152965,0.2977566482826954,0.30407675302386117,0.3103968577650269,0.31671696250619275,0.3230370672473585,0.3293571719885242,0.33567727672969006,0.3419973814708558,0.3483174862120215,0.3546375909531873,0.3609576956943531,0.36727780043551883,0.3735979051766846,0.3799180099178504,0.38623811465901614,0.39255821940018193,0.3988783241413477,0.40519842888251345,0.41151853362367924,0.417838638364845,0.42415874310601076,0.43047884784717655,0.43679895258834234,0.44311905732950807,0.4494391620706739,0.45575926681183965,0.4620793715530054,0.4683994762941712,0.47471958103533696,0.4810396857765027,0.48735979051766853,0.49367989525883427,0.5,0.5063201047411657,0.5126402094823316,0.5189603142234973,0.525280418964663,0.5316005237058289,0.5379206284469946,0.5442407331881604,0.5505608379293262,0.5568809426704919,0.5632010474116577,0.5695211521528235,0.5758412568939892,0.582161361635155,0.5884814663763208,0.5948015711174865,0.6011216758586523,0.6074417805998181,0.6137618853409839,0.6200819900821496,0.6264020948233154,0.6327221995644812,0.6390423043056469,0.6453624090468127,0.6516825137879785,0.6580026185291442,0.6643227232703101,0.6706428280114758,0.6769629327526415,0.6832830374938074,0.6896031422349731,0.6959232469761389,0.7022433517173047,0.7085634564584704,0.7148835611996363,0.721203665940802,0.7275237706819677,0.7338438754231336,0.7401639801642993,0.746484084905465,0.7528041896466309,0.7591242943877966,0.7654443991289623,0.7717645038701282,0.7780846086112939,0.7844047133524596,0.7907248180936255,0.7970449228347912,0.803365027575957,0.8096851323171227,0.8160052370582885,0.04746756775183827,0.03164504516789204,0.06329009033578435,0.031645045167892176,0.0791126129197301,0.07911261291973044,0.1582252258394609,0.1740477484234062,0.1265801806715687,0.20569279359129913,0.09493513550367612,0.1740477484234062,0.2373378387591924,0.4904982001023266,0.31645045167892316,0.4746756775183806,0.4746756775183806,0.45885315493443857,0.5854333356060027,0.6487234259417926,0.8702387421170235,0.996818922788608,0.8227711743652002,1.0126414453725363,1.1866891937959618,1.2658018067156926,1.4398495551390877,1.534784690642764,1.8670576649056467,1.8354126197377383,2.0094603681611445,1.7246549616501314,1.8195900971537922,2.4366684779276873,2.6423612715190083,2.7689414521905533,2.8638765876942296,2.990456768365824,3.1803270393731498,3.196149561957096,2.9113441554460935,3.4018423555483643,2.8164090199424163,3.433487400716316,3.4651324458841484,3.8765180330668088,3.7974054201470784,4.082210826658037,3.9556306459865396,3.9556306459865396,3.9556306459865396,3.9556306459864703,4.082210826658109,3.7974054201470784,3.8765180330667404,3.4651324458842088,3.433487400716316,2.8164090199423666,3.401842355548424,2.9113441554460935,3.196149561957068,3.1803270393731777,2.990456768365824,2.8638765876942043,2.7689414521905777,2.6423612715190083,2.4366684779276655,1.8195900971538082,1.7246549616501314,2.0094603681611267,1.8354126197377543,1.8670576649056467,1.5347846906427502,1.4398495551391004,1.2658018067156926,1.186689193795941,1.012641445372554,0.8227711743652002,0.9968189227885905,0.8702387421170388,0.6487234259417811,0.5854333356060079,0.45885315493443857,0.4746756775183764,0.4746756775183848,0.31645045167892316,0.4904982001023223,0.2373378387591924,0.17404774842340773,0.09493513550367529,0.20569279359130005,0.12658018067156926,0.17404774842340467,0.15822522583946158,0.07911261291973079,0.0791126129197294,0.031645045167892315,0.06329009033578463,0.031645045167892315,0.04746756775183764,0.5,0.10224214437230386
1.01,expected,0.4,False,False,100,100,normal,0.3,1.6,2.0,0.75,0.4,0.13834462897498473,0.14557773639548505,0.15281084381598534,0.16004395123648565,0.16727705865698594,0.17451016607748626,0.18174327349798658,0.18897638091848687,0.1962094883389872,0.20344259575948748,0.2106757031799878,0.2179088106004881,0.2251419180209884,0.2323750254414887,0.239608132861989,0.24684124028248933,0.25407434770298964,0.26130745512348996,0.2685405625439903,0.27577366996449054,0.28300677738499086,0.2902398848054911,0.29747299222599144,0.30470609964649176,0.3119392070669921,0.3191723144874924,0.3264054219079927,0.333638529328493,0.34087163674899335,0.3481047441694936,0.3553378515899939,0.3625709590104942,0.3698040664309945,0.3770371738514948,0.38427028127199514,0.39150338869249546,0.3987364961129958,0.40596960353349604,0.41320271095399635,0.4204358183744967,0.427668925794997,0.4349020332154973,0.44213514063599757,0.4493682480564979,0.4566013554769982,0.4638344628974985,0.47106757031799884,0.4783006777384991,0.4855337851589994,0.49276689257949974,0.5,0.5072331074205003,0.5144662148410006,0.521699322261501,0.5289324296820013,0.5361655371025016,0.5433986445230019,0.5506317519435022,0.5578648593640025,0.5650979667845029,0.5723310742050032,0.5795641816255035,0.5867972890460037,0.594030396466504,0.6012635038870043,0.6084966113075047,0.615729718728005,0.6229628261485052,0.6301959335690055,0.6374290409895058,0.6446621484100061,0.6518952558305064,0.6591283632510068,0.6663614706715071,0.6735945780920074,0.6808276855125077,0.688060792933008,0.6952939003535084,0.7025270077740087,0.709760115194509,0.7169932226150093,0.7242263300355096,0.7314594374560099,0.7386925448765103,0.7459256522970104,0.7531587597175107,0.760391867138011,0.7676249745585113,0.7748580819790116,0.7820911893995119,0.7893242968200123,0.7965574042405126,0.8037905116610129,0.8110236190815132,0.8182567265020135,0.8254898339225138,0.8327229413430142,0.8399560487635145,0.8471891561840148,0.8544222636045151,0.8616553710250153,0.013825316587525938,0.013825316587525992,0.0,0.04147594976257798,0.027650633175051877,0.013825316587525938,0.04147594976257798,0.027650633175051877,0.06912658293762997,0.1106025327002075,0.0691265829376297,0.11060253270020794,0.09677721611268195,0.16590379905031127,0.30415696492557065,0.221205065400415,0.26268101516299286,0.4147594976257782,0.34563291468815116,0.40093418103825224,0.5944886132636199,0.691265829376297,0.6497898796137191,0.8433443118390823,0.7603924123139266,0.8709949450141341,1.2719291260523864,1.119850643589601,1.244278492877344,1.8802430559035277,1.3687063421650785,1.76964052320332,1.8940683724910536,1.9493696388411577,2.1705747042415724,2.1982253374166243,2.3779544530544796,2.944792433143025,3.1383468653683884,2.6268101516299285,3.0415696492557065,3.2904253478311984,3.401027880531381,3.3042506644186993,3.331901297593751,3.359551930768803,3.3319012975937765,3.5254557298191145,4.009341810382522,3.414853197118933,3.414853197118907,4.009341810382522,3.5254557298191145,3.331901297593751,3.359551930768803,3.331901297593751,3.3042506644186993,3.401027880531381,3.2904253478311736,3.0415696492557065,2.6268101516299285,3.1383468653684363,2.944792433143025,2.3779544530544614,2.1982253374166243,2.1705747042415724,1.9493696388411874,1.8940683724910536,1.76964052320332,1.368706342165068,1.8802430559035277,1.2442784928773347,1.119850643589601,1.2719291260523864,0.8709949450141341,0.7603924123139266,0.8433443118390823,0.6497898796137191,0.691265829376297,0.5944886132636154,0.40093418103825224,0.3456329146881485,0.4147594976257782,0.2626810151630009,0.221205065400415,0.30415696492557065,0.16590379905031127,0.09677721611268157,0.1106025327002075,0.0691265829376297,0.1106025327002075,0.0691265829376297,0.027650633175051877,0.04147594976257782,0.013825316587525938,0.027650633175051877,0.04147594976257782,0.0,0.013825316587525938,0.013825316587526152,0.5,0.10694517142695772
1.01,expected,0.4,False,False,100,100,normal,0.3,1.6,2.0,1.0,0.1,0.12891398628191963,0.13633570655628124,0.14375742683064285,0.15117914710500446,0.15860086737936607,0.16602258765372768,0.1734443079280893,0.18086602820245087,0.18828774847681248,0.1957094687511741,0.2031311890255357,0.2105529092998973,0.21797462957425892,0.22539634984862053,0.2328180701229821,0.24023979039734372,0.24766151067170533,0.25508323094606694,0.26250495122042855,0.26992667149479016,0.27734839176915177,0.2847701120435134,0.292191832317875,0.2996135525922366,0.3070352728665982,0.3144569931409598,0.3218787134153214,0.329300433689683,0.3367221539640446,0.3441438742384062,0.3515655945127678,0.3589873147871294,0.36640903506149103,0.37383075533585264,0.38125247561021425,0.38867419588457586,0.39609591615893747,0.4035176364332991,0.4109393567076607,0.4183610769820223,0.4257827972563839,0.4332045175307455,0.4406262378051071,0.44804795807946873,0.45546967835383034,0.46289139862819195,0.47031311890255356,0.47773483917691517,0.4851565594512768,0.4925782797256384,0.5,0.5074217202743616,0.5148434405487232,0.5222651608230848,0.5296868810974464,0.537108601371808,0.5445303216461697,0.5519520419205313,0.5593737621948929,0.5667954824692545,0.5742172027436161,0.5816389230179777,0.5890606432923393,0.5964823635667009,0.6039040838410625,0.6113258041154241,0.6187475243897858,0.6261692446641474,0.6335909649385089,0.6410126852128705,0.6484344054872321,0.6558561257615937,0.6632778460359553,0.6706995663103169,0.6781212865846785,0.6855430068590401,0.6929647271334017,0.7003864474077633,0.707808167682125,0.7152298879564866,0.7226516082308482,0.7300733285052098,0.7374950487795714,0.744916769053933,0.7523384893282946,0.7597602096026562,0.7671819298770178,0.7746036501513794,0.782025370425741,0.7894470907001027,0.7968688109744643,0.8042905312488259,0.8117122515231875,0.8191339717975491,0.8265556920719107,0.8339774123462723,0.8413991326206339,0.8488208528949955,0.8562425731693571,0.8636642934437188,0.8710860137180804,0.013473965105563297,0.0,0.0,0.0,0.0,0.0,0.0,0.013473965105563297,0.0,0.0,0.013473965105563297,0.026947930211126594,0.040421895316689896,0.06736982552781674,0.10779172084450638,0.026947930211126594,0.05389586042225319,0.0673698255278165,0.134739651055633,0.1482136161611963,0.2425313719001394,0.2829532672168293,0.30990119742795585,0.2829532672168293,0.44464084848358887,0.6467503250670383,0.5254846391169726,0.7545420459115447,0.9835994527061208,0.9566515224949942,1.3204485803452033,1.30697461523964,1.711193568406539,1.8863551147788618,2.0749906262567483,2.2366782075235077,2.5196314747403368,2.8160587070627296,2.69479302111266,3.301121450863008,3.1259599044906854,3.4628090321297678,3.6783924738187808,3.9074498806133566,3.5840747180798376,4.446408484835889,3.8400800550855405,4.298194868674693,4.594622100997085,4.419460554624762,4.419460554624762,4.594622100997085,4.298194868674693,3.8400800550855405,4.446408484835889,3.5840747180798376,3.9074498806133566,3.6783924738187808,3.4628090321297678,3.1259599044906854,3.301121450863008,2.69479302111266,2.8160587070627296,2.5196314747403368,2.2366782075235077,2.0749906262567483,1.8863551147788618,1.7111935684065647,1.30697461523964,1.3204485803452033,0.9566515224949942,0.9835994527061208,0.7545420459115447,0.5254846391169686,0.6467503250670383,0.44464084848358887,0.2829532672168293,0.30990119742795585,0.2829532672168293,0.2425313719001394,0.1482136161611963,0.134739651055633,0.0673698255278165,0.05389586042225319,0.026947930211126594,0.10779172084450638,0.0673698255278165,0.040421895316689896,0.026947930211126594,0.013473965105563297,0.0,0.0,0.013473965105563297,0.0,0.0,0.0,0.0,0.0,0.0,0.013473965105563297,0.5,0.08895366538578527
1.01,expected,0.4,False,False,100,100,normal,0.3,1.6,2.0,1.0,0.2,0.19967924952256466,0.20568566453211337,0.21169207954166208,0.21769849455121076,0.22370490956075947,0.22971132457030818,0.2357177395798569,0.2417241545894056,0.24773056959895431,0.253736984608503,0.2597433996180517,0.26574981462760044,0.2717562296371491,0.27776264464669786,0.28376905965624655,0.28977547466579523,0.29578188967534397,0.30178830468489265,0.3077947196944414,0.31380113470399007,0.31980754971353875,0.3258139647230875,0.33182037973263623,0.3378267947421849,0.3438332097517336,0.3498396247612823,0.355846039770831,0.36185245478037975,0.36785886978992843,0.3738652847994771,0.3798716998090258,0.38587811481857454,0.3918845298281233,0.39789094483767196,0.40389735984722064,0.4099037748567694,0.41591018986631806,0.4219166048758668,0.4279230198854155,0.43392943489496416,0.4399358499045129,0.44594226491406164,0.4519486799236103,0.457955094933159,0.46396150994270774,0.4699679249522564,0.4759743399618051,0.48198075497135384,0.4879871699809025,0.49399358499045126,0.49999999999999994,0.5060064150095487,0.5120128300190974,0.518019245028646,0.5240256600381947,0.5300320750477434,0.5360384900572922,0.5420449050668409,0.5480513200763896,0.5540577350859384,0.560064150095487,0.5660705651050357,0.5720769801145844,0.5780833951241331,0.5840898101336818,0.5900962251432305,0.5961026401527793,0.6021090551623279,0.6081154701718767,0.6141218851814254,0.6201283001909741,0.6261347152005228,0.6321411302100715,0.6381475452196201,0.6441539602291688,0.6501603752387176,0.6561667902482663,0.662173205257815,0.6681796202673638,0.6741860352769125,0.6801924502864611,0.6861988652960098,0.6922052803055585,0.6982116953151072,0.704218110324656,0.7102245253342047,0.7162309403437533,0.722237355353302,0.7282437703628508,0.7342501853723995,0.7402566003819482,0.7462630153914969,0.7522694304010455,0.7582758454105943,0.764282260420143,0.7702886754296917,0.7762950904392404,0.7823015054487891,0.7883079204583379,0.7943143354678865,0.8003207504774352,0.04994659868208814,0.01664886622736271,0.0,0.0,0.01664886622736271,0.09989319736417628,0.04994659868208814,0.09989319736417628,0.21643526095571525,0.16648866227362788,0.1498397960462637,0.19978639472835347,0.08324433113681318,0.1498397960462651,0.2663818596378046,0.4162216556840659,0.44951938813879533,0.6659546490945054,0.5660614517303348,0.6992523815492371,0.5993591841850548,0.8990387762775823,1.1321229034606697,0.9989319736417674,1.1154740372333067,1.2153672345974722,1.4318024955531865,1.5483445591447393,1.7647798201004556,1.9312684823740833,1.964566214828791,1.9146196161467028,2.6971163288327715,2.7137651950601347,2.5639253990138458,2.497329934104418,2.9801470546979116,2.8802538573337624,3.8458880985208044,3.0800402520620875,3.679399436247142,3.7126971687019017,3.629452837565088,3.7959414998386807,4.17886542306806,4.045674493249158,4.195514289295383,3.6960483024745394,4.128918824385933,4.045674493249158,4.04567449324912,4.128918824385972,3.6960483024745394,4.195514289295423,4.045674493249158,4.1788654230679825,3.795941499838716,3.629452837565088,3.7126971687018333,3.6793994362471762,3.080040252062116,3.8458880985208044,2.8802538573337624,2.980147054697939,2.497329934104418,2.563925399013822,2.7137651950601347,2.697116328832722,1.9146196161467208,1.964566214828809,1.9312684823740833,1.7647798201004556,1.5483445591447393,1.4318024955531998,1.215367234597461,1.1154740372333067,0.9989319736417674,1.1321229034606488,0.8990387762775907,0.5993591841850604,0.6992523815492371,0.5660614517303348,0.6659546490945115,0.44951938813878695,0.4162216556840697,0.2663818596378046,0.1498397960462651,0.0832443311368124,0.19978639472835347,0.1498397960462651,0.16648866227362788,0.21643526095571625,0.09989319736417489,0.04994659868208837,0.09989319736417673,0.016648866227362787,0.0,0.0,0.016648866227362787,0.04994659868208837,0.5,0.09327633940547124
1.01,expected,0.4,False,False,100,100,normal,0.3,1.6,2.0,1.0,0.3,0.12826096722982885,0.13569574788523228,0.1431305285406357,0.1505653091960391,0.15800008985144254,0.16543487050684597,0.1728696511622494,0.18030443181765282,0.18773921247305625,0.19517399312845968,0.20260877378386308,0.2100435544392665,0.21747833509466993,0.22491311575007333,0.23234789640547676,0.2397826770608802,0.24721745771628362,0.25465223837168705,0.2620870190270905,0.2695217996824939,0.2769565803378973,0.28439136099330076,0.29182614164870413,0.2992609223041076,0.306695702959511,0.3141304836149144,0.32156526427031784,0.32900004492572127,0.3364348255811247,0.3438696062365281,0.35130438689193155,0.3587391675473349,0.3661739482027384,0.3736087288581418,0.38104350951354526,0.38847829016894864,0.3959130708243521,0.4033478514797555,0.41078263213515886,0.41821741279056235,0.4256521934459657,0.4330869741013692,0.4405217547567726,0.44795653541217606,0.45539131606757943,0.4628260967229829,0.4702608773783863,0.47769565803378977,0.48513043868919314,0.4925652193445965,0.5,0.5074347806554034,0.5148695613108069,0.5223043419662102,0.5297391226216137,0.5371739032770171,0.5446086839324206,0.5520434645878239,0.5594782452432274,0.5669130258986308,0.5743478065540342,0.5817825872094377,0.589217367864841,0.5966521485202445,0.6040869291756479,0.6115217098310514,0.6189564904864547,0.6263912711418582,0.6338260517972616,0.641260832452665,0.6486956131080684,0.6561303937634718,0.6635651744188753,0.6709999550742787,0.6784347357296822,0.6858695163850855,0.6933042970404889,0.7007390776958924,0.7081738583512958,0.7156086390066992,0.7230434196621026,0.7304782003175061,0.7379129809729095,0.745347761628313,0.7527825422837163,0.7602173229391198,0.7676521035945232,0.7750868842499266,0.78252166490533,0.7899564455607334,0.7973912262161369,0.8048260068715403,0.8122607875269438,0.8196955681823471,0.8271303488377506,0.834565129493154,0.8419999101485575,0.8494346908039608,0.8568694714593642,0.8643042521147677,0.8717390327701711,0.01345029593136985,0.0,0.0,0.0,0.01345029593136985,0.0,0.0,0.01345029593136985,0.01345029593136985,0.013450295931369902,0.01345029593136985,0.0269005918627397,0.040350887794109704,0.04035088779410955,0.0538011837254794,0.06725147965684926,0.13450295931369852,0.18830414303917792,0.25555562269602716,0.24210532676465915,0.2555556226960252,0.5245615413234281,0.21520473490191602,0.6321639087743877,0.6187136128430131,0.6590645006371227,0.9818716029899992,0.6456142047057528,0.9549710111272595,1.0760236745095881,1.4122810727938448,1.5736846239702609,1.6274858076957641,2.098246165293681,2.0309946856368626,2.4210532676465553,2.178947940881932,2.4076029717152214,2.797661553724908,2.7976615537249496,3.2146207275973704,3.7660828607835866,3.389474574705177,3.4970769421561876,3.6181296055384626,4.277194106175644,3.967837299754076,4.2368432183815345,4.088889963136465,4.156141442793253,4.156141442793316,4.0888899631364035,4.2368432183815345,3.967837299754076,4.277194106175644,3.6181296055384626,3.4970769421561876,3.389474574705177,3.7660828607835866,3.2146207275974183,2.797661553724908,2.7976615537249496,2.4076029717151854,2.178947940881932,2.4210532676465553,2.0309946856368626,2.098246165293681,1.6274858076957641,1.5736846239702844,1.4122810727938238,1.0760236745095961,0.9549710111272524,0.6456142047057577,0.9818716029899917,0.6590645006371276,0.6187136128430177,0.6321639087743782,0.21520473490191921,0.5245615413234203,0.25555562269602905,0.24210532676465552,0.25555562269602905,0.1883041430391765,0.13450295931369952,0.06725147965684876,0.053801183725479804,0.040350887794109856,0.04035088779410925,0.026900591862739902,0.013450295931369751,0.013450295931369951,0.013450295931369751,0.013450295931369951,0.0,0.0,0.013450295931369751,0.0,0.0,0.0,0.013450295931369951,0.5,0.09446835956915581
1.01,expected,0.4,False,False,100,100,normal,0.3,1.6,2.0,1.0,0.4,0.12170399948745957,0.12926991949771038,0.1368358395079612,0.144401759518212,0.1519676795284628,0.1595335995387136,0.1670995195489644,0.1746654395592152,0.18223135956946604,0.18979727957971684,0.19736319958996765,0.20492911960021845,0.21249503961046928,0.2200609596207201,0.2276268796309709,0.2351927996412217,0.2427587196514725,0.2503246396617233,0.2578905596719741,0.2654564796822249,0.2730223996924757,0.2805883197027265,0.2881542397129773,0.2957201597232282,0.303286079733479,0.3108519997437298,0.3184179197539806,0.3259838397642314,0.3335497597744822,0.341115679784733,0.3486815997949838,0.3562475198052346,0.3638134398154854,0.3713793598257362,0.3789452798359871,0.3865111998462379,0.3940771198564887,0.4016430398667395,0.4092089598769903,0.4167748798872411,0.4243407998974919,0.4319067199077427,0.4394726399179935,0.4470385599282443,0.4546044799384951,0.462170399948746,0.4697363199589968,0.4773022399692476,0.4848681599794984,0.4924340799897492,0.5,0.5075659200102508,0.5151318400205016,0.5226977600307524,0.5302636800410032,0.537829600051254,0.5453955200615048,0.5529614400717556,0.5605273600820064,0.5680932800922572,0.575659200102508,0.5832251201127588,0.5907910401230096,0.5983569601332605,0.6059228801435113,0.6134888001537621,0.6210547201640129,0.6286206401742638,0.6361865601845146,0.6437524801947654,0.6513184002050162,0.658884320215267,0.6664502402255178,0.6740161602357686,0.6815820802460194,0.6891480002562702,0.696713920266521,0.7042798402767718,0.7118457602870226,0.7194116802972734,0.7269776003075242,0.734543520317775,0.7421094403280258,0.7496753603382766,0.7572412803485274,0.7648072003587782,0.772373120369029,0.7799390403792799,0.7875049603895307,0.7950708803997815,0.8026368004100324,0.8102027204202832,0.817768640430534,0.8253345604407848,0.8329004804510356,0.8404664004612864,0.8480323204715372,0.855598240481788,0.8631641604920388,0.8707300805022896,0.8782960005125404,0.026434326523281572,0.0,0.0,0.0,0.0,0.013217163261640812,0.0,0.0,0.013217163261640812,0.03965148978492243,0.013217163261640812,0.026434326523281527,0.05286865304656325,0.09252014283148569,0.09252014283148569,0.1057373060931265,0.15860595913968972,0.11895446935476729,0.22469177544789382,0.277560428494457,0.2511261019711754,0.37008057132594274,0.5286865304656286,0.5683380202505549,0.6740753263436814,0.8591156120066528,0.8326812854833712,1.0045044078847016,1.2159790200709548,1.3084991629024403,1.3878021424722853,1.3878021424722853,1.5199737750886935,1.9693573259844666,1.8239685301064321,2.2072662646940158,2.339437897310424,2.683084142113085,2.7888214482062113,3.1853363460554354,3.304290815410203,3.1324676930088726,3.476113937811534,3.039947550177387,3.7272400397826817,3.555416917381378,3.674371386736145,3.8329773458758356,4.110537774370293,4.07088628458537,4.07088628458537,4.110537774370293,3.8329773458758356,3.674371386736145,3.555416917381378,3.7272400397827092,3.039947550177387,3.476113937811534,3.1324676930088726,3.304290815410203,3.1853363460554354,2.7888214482062113,2.683084142113085,2.339437897310424,2.2072662646940158,1.8239685301064321,1.9693573259844521,1.5199737750886935,1.3878021424722853,1.3878021424722853,1.3084991629024403,1.2159790200709548,1.0045044078847016,0.8326812854833712,0.8591156120066528,0.6740753263436814,0.5683380202505549,0.5286865304656325,0.37008057132594274,0.2511261019711754,0.277560428494457,0.22469177544789382,0.11895446935476729,0.15860595913968972,0.1057373060931265,0.09252014283148569,0.09252014283148569,0.05286865304656325,0.026434326523281624,0.013217163261640618,0.03965148978492243,0.013217163261640812,0.0,0.0,0.013217163261640812,0.0,0.0,0.0,0.0,0.026434326523281624,0.5,0.099357220022386
1.01,expected,0.4,False,False,100,100,normal,0.3,1.6,2.0,1.25,0.1,0.20646925649850636,0.21233987136853624,0.21821048623856612,0.22408110110859597,0.22995171597862585,0.23582233084865573,0.2416929457186856,0.24756356058871548,0.25343417545874536,0.25930479032877524,0.2651754051988051,0.271046020068835,0.27691663493886487,0.2827872498088947,0.2886578646789246,0.29452847954895445,0.3003990944189843,0.3062697092890142,0.3121403241590441,0.31801093902907396,0.32388155389910384,0.3297521687691337,0.3356227836391636,0.34149339850919347,0.3473640133792233,0.3532346282492532,0.35910524311928305,0.364975857989313,0.3708464728593428,0.3767170877293727,0.38258770259940256,0.38845831746943243,0.3943289323394623,0.4001995472094922,0.40607016207952207,0.41194077694955195,0.4178113918195818,0.42368200668961165,0.4295526215596416,0.4354232364296714,0.44129385129970133,0.44716446616973116,0.45303508103976103,0.4589056959097909,0.46477631077982084,0.47064692564985067,0.4765175405198805,0.4823881553899104,0.48825877025994024,0.4941293851299702,0.5,0.5058706148700299,0.5117412297400598,0.5176118446100897,0.5234824594801195,0.5293530743501494,0.5352236892201793,0.5410943040902092,0.546964918960239,0.5528355338302688,0.5587061487002988,0.5645767635703286,0.5704473784403585,0.5763179933103884,0.5821886081804183,0.5880592230504481,0.593929837920478,0.5998004527905079,0.6056710676605378,0.6115416825305676,0.6174122974005976,0.6232829122706274,0.6291535271406572,0.6350241420106871,0.640894756880717,0.6467653717507469,0.6526359866207767,0.6585066014908066,0.6643772163608365,0.6702478312308664,0.6761184461008962,0.6819890609709262,0.687859675840956,0.6937302907109859,0.6996009055810157,0.7054715204510456,0.7113421353210755,0.7172127501911053,0.7230833650611352,0.7289539799311651,0.7348245948011949,0.7406952096712248,0.7465658245412546,0.7524364394112846,0.7583070542813144,0.7641776691513443,0.7700482840213742,0.7759188988914041,0.7817895137614339,0.7876601286314638,0.7935307435014937,0.03406798170682624,0.03406798170682624,0.0,0.01703399085341312,0.01703399085341312,0.0,0.03406798170682624,0.01703399085341312,0.03406798170682624,0.03406798170682624,0.11923793597389186,0.10220394512047873,0.13627192682730627,0.15330591768071666,0.238475871947786,0.23847587194778372,0.28957784450802304,0.34067981706826245,0.47695174389556744,0.6132236707228724,0.5450877073092198,0.5110197256023936,0.6472916524296987,0.7494955975501845,1.1072094054718424,0.9368694969377306,1.4138212408332758,1.618229131074262,1.396787249979876,1.8056030304617912,1.941874957289096,2.197384820090293,2.5039966554517292,2.4188267011846634,2.469928673744903,2.5721326188653815,3.1512883078814573,3.5771380792167218,3.2023902804416973,4.020021841405459,3.3727301889758303,4.360701658473759,4.002987850552084,3.9518858779918067,4.224429731646494,4.326633676766974,4.820619411515868,4.837653402369373,4.684347484688564,4.871721384076198,4.871721384076107,4.684347484688653,4.8376534023692805,4.820619411515959,4.3266336767668925,4.224429731646494,3.9518858779918067,4.002987850552121,4.3607016584738005,3.3727301889757664,4.020021841405535,3.202390280441637,3.5771380792167897,3.151288307881398,2.572132618865406,2.4699286737448793,2.4188267011846865,2.5039966554517052,2.1973848200903134,1.9418749572890774,1.8056030304618083,1.3967872499798892,1.6182291310742312,1.4138212408333026,0.9368694969377127,1.1072094054718635,0.7494955975501703,0.6472916524297048,0.5110197256023888,0.5450877073092251,0.6132236707228667,0.476951743895572,0.3406798170682592,0.2895778445080258,0.238475871947786,0.23847587194778144,0.15330591768071955,0.13627192682730369,0.1022039451204797,0.119237935973893,0.03406798170682592,0.03406798170682657,0.01703399085341296,0.03406798170682657,0.0,0.017033990853413283,0.01703399085341296,0.0,0.03406798170682592,0.03406798170682657,0.5,0.08309064363388985
1.01,expected,0.4,False,False,100,100,normal,0.3,1.6,2.0,1.25,0.2,0.1407080426255455,0.14789388177303459,0.1550797209205237,0.16226556006801277,0.16945139921550187,0.17663723836299094,0.18382307751048005,0.19100891665796912,0.19819475580545823,0.2053805949529473,0.2125664341004364,0.21975227324792548,0.22693811239541456,0.23412395154290366,0.24130979069039277,0.24849562983788184,0.2556814689853709,0.26286730813286,0.2700531472803491,0.2772389864278382,0.2844248255753273,0.2916106647228164,0.29879650387030543,0.3059823430177946,0.31316818216528364,0.32035402131277274,0.32753986046026184,0.3347256996077509,0.34191153875524,0.3490973779027291,0.35628321705021815,0.3634690561977073,0.37065489534519636,0.3778407344926854,0.38502657364017456,0.3922124127876636,0.39939825193515266,0.4065840910826418,0.41376993023013087,0.42095576937762,0.4281416085251091,0.4353274476725981,0.4425132868200873,0.44969912596757633,0.4568849651150654,0.46407080426255454,0.4712566434100436,0.47844248255753274,0.4856283217050218,0.49281416085251084,0.5,0.507185839147489,0.5143716782949781,0.5215575174424673,0.5287433565899563,0.5359291957374454,0.5431150348849345,0.5503008740324236,0.5574867131799127,0.5646725523274018,0.5718583914748908,0.57904423062238,0.586230069769869,0.5934159089173581,0.6006017480648472,0.6077875872123363,0.6149734263598253,0.6221592655073145,0.6293451046548035,0.6365309438022927,0.6437167829497817,0.6509026220972708,0.6580884612447598,0.665274300392249,0.672460139539738,0.6796459786872272,0.6868318178347163,0.6940176569822053,0.7012034961296945,0.7083893352771835,0.7155751744246726,0.7227610135721617,0.7299468527196508,0.7371326918671398,0.744318531014629,0.751504370162118,0.7586902093096072,0.7658760484570962,0.7730618876045853,0.7802477267520744,0.7874335658995635,0.7946194050470525,0.8018052441945417,0.8089910833420307,0.8161769224895199,0.8233627616370089,0.830548600784498,0.8377344399319872,0.8449202790794762,0.8521061182269652,0.8592919573744544,0.013916259179687132,0.0,0.0,0.0,0.0,0.013916259179687076,0.0,0.013916259179687076,0.0,0.013916259179687076,0.013916259179687132,0.013916259179687132,0.041748777539061234,0.041748777539061234,0.041748777539061394,0.05566503671874853,0.15307885097655785,0.09741381425780954,0.1669951101562462,0.15307885097655785,0.180911369335932,0.1809113693359334,0.29224144277342634,0.4870690712890515,0.5844828855468572,0.6262316630859185,0.7097292181640464,0.8628080691405988,1.0019706609374697,1.1967982894530977,1.1550495119140185,1.2246308078124724,1.6838673607421493,2.1152713953124196,2.2822665054686984,1.8647787300780827,2.198768950390541,2.5884242074218164,2.783251835937394,3.0615770195311804,3.4790647949217965,3.562562349999864,3.6599761642577295,4.133128976367094,4.341872864062335,4.383621641601463,4.286207827343587,4.439286678320212,4.968104527148325,4.411454159960769,4.4114541599608375,4.968104527148325,4.439286678320143,4.286207827343652,4.383621641601463,4.341872864062335,4.133128976367094,3.6599761642576736,3.5625623499999195,3.4790647949217965,3.0615770195311334,2.783251835937437,2.5884242074218164,2.198768950390541,1.8647787300780827,2.2822665054686984,2.1152713953124196,1.6838673607421493,1.2246308078124533,1.1550495119140363,1.1967982894530977,1.0019706609374772,0.8628080691405922,0.7097292181640464,0.6262316630859136,0.5844828855468618,0.4870690712890515,0.29224144277342634,0.1809113693359334,0.1809113693359334,0.15307885097655666,0.1669951101562462,0.09741381425781029,0.15307885097655666,0.05566503671874874,0.04174877753906091,0.04174877753906155,0.04174877753906155,0.013916259179686969,0.013916259179687186,0.013916259179687186,0.0,0.013916259179687186,0.0,0.013916259179687186,0.0,0.0,0.0,0.0,0.013916259179686969,0.5,0.08633280151417841
1.01,expected,0.4,False,False,100,100,normal,0.3,1.6,2.0,1.25,0.3,0.20081938411903455,0.20680299643665387,0.21278660875427316,0.21877022107189248,0.22475383338951177,0.2307374457071311,0.2367210580247504,0.2427046703423697,0.24868828265998902,0.25467189497760834,0.26065550729522763,0.2666391196128469,0.27262273193046627,0.27860634424808556,0.28458995656570485,0.2905735688833242,0.2965571812009435,0.3025407935185628,0.3085244058361821,0.3145080181538014,0.3204916304714207,0.32647524278904005,0.33245885510665935,0.33844246742427864,0.344426079741898,0.3504096920595173,0.35639330437713657,0.3623769166947559,0.3683605290123752,0.3743441413299945,0.38032775364761384,0.3863113659652331,0.3922949782828524,0.39827859060047177,0.404262202918091,0.41024581523571035,0.41622942755332965,0.42221303987094894,0.4281966521885683,0.4341802645061876,0.44016387682380687,0.4461474891414262,0.4521311014590455,0.4581147137766648,0.46409832609428414,0.47008193841190343,0.4760655507295227,0.48204916304714207,0.48803277536476136,0.49401638768238065,0.5,0.5059836123176193,0.5119672246352386,0.5179508369528579,0.5239344492704772,0.5299180615880965,0.5359016739057159,0.5418852862233352,0.5478688985409544,0.5538525108585737,0.559836123176193,0.5658197354938124,0.5718033478114317,0.5777869601290511,0.5837705724466703,0.5897541847642895,0.5957377970819089,0.6017214093995282,0.6077050217171476,0.6136886340347669,0.6196722463523862,0.6256558586700054,0.6316394709876247,0.6376230833052441,0.6436066956228634,0.6495903079404827,0.655573920258102,0.6615575325757213,0.6675411448933406,0.67352475721096,0.6795083695285793,0.6854919818461985,0.6914755941638179,0.6974592064814371,0.7034428187990565,0.7094264311166758,0.715410043434295,0.7213936557519144,0.7273772680695337,0.733360880387153,0.7393444927047723,0.7453281050223917,0.7513117173400109,0.7572953296576302,0.7632789419752496,0.7692625542928688,0.7752461666104882,0.7812297789281075,0.7872133912457268,0.7931970035633461,0.7991806158809655,0.016712312678670783,0.01671231267867086,0.10027387607202469,0.05013693803601258,0.016712312678670783,0.016712312678670783,0.06684925071468344,0.10027387607202469,0.0835615633933539,0.20054775214405032,0.10027387607202516,0.11698618875069491,0.16712312678670857,0.33424625357341714,0.21726006482271915,0.16712312678670857,0.35095856625208804,0.4178078169667676,0.5013693803601257,0.6183555691108218,0.6852048198254989,0.718629445182847,0.7854786958975304,0.902464884648218,1.1030126367922768,1.1197249494709474,1.353697326972327,1.3871219523296812,1.4706835157230354,1.6043820171523875,1.9720528960831794,2.256162211620545,2.289586836977886,2.5402715271579943,2.6906823412659833,2.907942406088729,2.6572577159086666,2.974791656803385,3.6265718512715766,3.6265718512715766,3.2756132850194577,3.7101334146649307,4.0109550428810055,4.077804293595651,4.395338234490436,4.562461361277144,4.111228918952993,4.211502795025057,4.194790482346385,4.679447550027797,4.679447550027797,4.194790482346424,4.211502795025018,4.111228918953069,4.562461361277102,4.395338234490395,4.077804293595651,4.010955042881044,3.710133414664965,3.2756132850194577,3.6265718512715424,3.6265718512715424,2.974791656803385,2.657257715908691,2.907942406088756,2.6906823412659833,2.540271527157947,2.289586836977886,2.256162211620545,1.9720528960831794,1.6043820171524172,1.4706835157230218,1.3871219523296685,1.353697326972327,1.1197249494709578,1.1030126367922666,0.9024648846482347,0.7854786958975231,0.7186294451828402,0.6852048198254989,0.6183555691108275,0.501369380360121,0.4178078169667753,0.35095856625208477,0.16712312678670704,0.2172600648227232,0.3342462535734141,0.16712312678670704,0.1169861887506971,0.10027387607202422,0.20054775214404844,0.08356156339335508,0.10027387607202422,0.06684925071468281,0.016712312678671015,0.016712312678670703,0.05013693803601211,0.10027387607202608,0.016712312678670703,0.016712312678670703,0.5,0.0890628442462021
1.01,expected,0.4,False,False,100,100,normal,0.3,1.6,2.0,1.25,0.4,0.12167511438730226,0.1292416120995562,0.13680810981181019,0.1443746075240641,0.1519411052363181,0.15950760294857202,0.167074100660826,0.17464059837307994,0.18220709608533392,0.18977359379758785,0.19734009150984183,0.20490658922209576,0.21247308693434974,0.22003958464660367,0.22760608235885765,0.23517258007111158,0.24273907778336556,0.2503055754956195,0.2578720732078735,0.2654385709201274,0.2730050686323814,0.2805715663446353,0.2881380640568893,0.2957045617691432,0.3032710594813972,0.31083755719365114,0.3184040549059051,0.32597055261815905,0.33353705033041303,0.34110354804266696,0.34867004575492094,0.35623654346717487,0.36380304117942885,0.3713695388916828,0.37893603660393677,0.38650253431619075,0.3940690320284447,0.4016355297406986,0.4092020274529526,0.41676852516520657,0.4243350228774605,0.4319015205897144,0.4394680183019684,0.4470345160142224,0.4546010137264763,0.46216751143873025,0.46973400915098423,0.4773005068632382,0.48486700457549214,0.49243350228774607,0.5,0.507566497712254,0.515132995424508,0.5226994931367619,0.5302659908490158,0.5378324885612699,0.5453989862735238,0.5529654839857777,0.5605319816980316,0.5680984794102857,0.5756649771225396,0.5832314748347935,0.5907979725470475,0.5983644702593015,0.6059309679715554,0.6134974656838094,0.6210639633960633,0.6286304611083173,0.6361969588205713,0.6437634565328252,0.6513299542450792,0.6588964519573332,0.6664629496695871,0.674029447381841,0.6815959450940949,0.689162442806349,0.6967289405186029,0.7042954382308568,0.7118619359431109,0.7194284336553648,0.7269949313676187,0.7345614290798727,0.7421279267921266,0.7496944245043806,0.7572609222166345,0.7648274199288885,0.7723939176411425,0.7799604153533964,0.7875269130656504,0.7950934107779043,0.8026599084901582,0.8102264062024123,0.8177929039146662,0.8253594016269201,0.8329258993391742,0.8404923970514281,0.848058894763682,0.8556253924759359,0.8631918901881899,0.8707583879004439,0.8783248856126978,0.01321615413139556,0.0,0.013216154131395586,0.0,0.0,0.0,0.0,0.01321615413139549,0.0,0.0,0.0,0.03964846239418647,0.013216154131395586,0.03964846239418647,0.03964846239418676,0.10572923305116393,0.052864616525582345,0.09251307891976843,0.17181000370814264,0.15859384957674588,0.2511069284965161,0.33040385328488725,0.3171876991534941,0.43613308633605113,0.5550784735186146,0.4757815487302376,0.6079430900441969,0.8986984809348932,1.01764386811746,1.0705084846430346,1.3876961837965365,1.374480029665131,1.5462900333732836,1.4802092627162948,2.0881523527604875,2.074936198629107,2.5507177473593483,2.405340051913979,2.8018246758558436,3.2115254539291276,3.185093145666336,3.541929307213991,3.581577769608178,3.8194685439733242,4.189520859652401,3.859117006367483,3.938413931155856,4.229169322046587,3.9119816228930935,4.189520859652401,4.1895208596523394,3.9119816228930935,4.229169322046587,3.9384139311558846,3.8591170063674545,4.189520859652401,3.8194685439733242,3.581577769608204,3.5419293072139646,3.185093145666336,3.2115254539291276,2.801824675855864,2.4053400519139614,2.5507177473593483,2.074936198629107,2.0881523527605026,1.480209262716284,1.5462900333732836,1.3744800296651412,1.3876961837965163,1.0705084846430426,1.01764386811746,0.8986984809348998,0.6079430900441969,0.47578154873023415,0.5550784735186146,0.4361330863360544,0.3171876991534894,0.33040385328488964,0.2511069284965161,0.15859384957674705,0.17181000370814264,0.09251307891976775,0.052864616525582345,0.10572923305116469,0.03964846239418617,0.03964846239418676,0.013216154131395586,0.03964846239418676,0.0,0.0,0.0,0.013216154131395586,0.0,0.0,0.0,0.0,0.013216154131395586,0.0,0.013216154131395586,0.5,0.09224099972575403
1.01,expected,0.4,False,False,100,100,normal,0.3,1.6,2.0,1.5,0.1,0.2065034952966466,0.21237342539071366,0.21824335548478074,0.2241132855788478,0.22998321567291488,0.23585314576698194,0.24172307586104902,0.24759300595511607,0.25346293604918313,0.25933286614325024,0.2652027962373173,0.27107272633138435,0.2769426564254514,0.28281258651951846,0.28868251661358557,0.2945524467076526,0.3004223768017197,0.3062923068957868,0.31216223698985385,0.3180321670839209,0.32390209717798796,0.329772027272055,0.3356419573661221,0.3415118874601892,0.34738181755425623,0.35325174764832334,0.35912167774239034,0.36499160783645745,0.3708615379305245,0.37673146802459156,0.3826013981186587,0.38847132821272573,0.3943412583067928,0.40021118840085984,0.4060811184949269,0.411951048588994,0.41782097868306106,0.4236909087771281,0.4295608388711952,0.4354307689652622,0.44130069905932934,0.4471706291533964,0.45304055924746345,0.45891048934153056,0.46478041943559756,0.47065034952966467,0.4765202796237318,0.4823902097177988,0.4882601398118659,0.4941300699059329,0.5,0.5058699300940671,0.5117398601881341,0.5176097902822012,0.5234797203762683,0.5293496504703353,0.5352195805644024,0.5410895106584694,0.5469594407525366,0.5528293708466037,0.5586993009406707,0.5645692310347378,0.5704391611288049,0.5763090912228719,0.582179021316939,0.588048951411006,0.5939188815050731,0.5997888115991402,0.6056587416932072,0.6115286717872743,0.6173986018813413,0.6232685319754084,0.6291384620694755,0.6350083921635425,0.6408783222576097,0.6467482523516768,0.6526181824457438,0.6584881125398109,0.6643580426338779,0.670227972727945,0.6760979028220121,0.6819678329160791,0.6878377630101462,0.6937076931042132,0.6995776231982803,0.7054475532923474,0.7113174833864144,0.7171874134804815,0.7230573435745485,0.7289272736686156,0.7347972037626828,0.7406671338567498,0.7465370639508169,0.7524069940448839,0.758276924138951,0.7641468542330181,0.7700167843270851,0.7758867144211522,0.7817566445152192,0.7876265746092863,0.7934965047033534,0.017035978009529197,0.0,0.0,0.0,0.0,0.017035978009529117,0.017035978009529197,0.034071956019058394,0.051107934028587106,0.08517989004764598,0.017035978009529197,0.17035978009529196,0.05110793402858759,0.13628782407623227,0.18739575810482115,0.22146771412387956,0.28961162616199365,0.23850369213340872,0.35775553820011313,0.35775553820011313,0.528115318295405,0.5792232523239873,0.8177269444574015,0.6984750983906971,1.0051227025622131,0.7666190104288211,1.2095544386765615,0.9710507465431641,1.4480581308099818,1.6524898669243164,2.010245405124445,2.4531808333722043,2.3680009433245583,2.4872527893912624,2.436144855362652,3.3049797338486644,2.8961162616199636,3.0664760417152266,3.7649511401059876,3.730879184086859,4.1227066783060655,3.9864188542298318,3.9523468982107364,4.701929930630103,4.378246348448962,4.361210370439433,4.412318304468103,4.821181776696717,4.6337860185919855,5.366333073001646,5.366333073001646,4.6337860185919855,4.821181776696717,4.4123183044680205,4.361210370439516,4.378246348448962,4.701929930630103,3.9523468982107364,3.9864188542297945,4.122706678306105,3.730879184086859,3.764951140105917,3.0664760417152843,2.896116261619936,3.3049797338486955,2.436144855362652,2.4872527893912393,2.3680009433245806,2.453180833372181,2.0102454051244645,1.6524898669243164,1.448058130809968,0.9710507465431734,1.2095544386765615,0.7666190104288066,1.0051227025622322,0.6984750983906904,0.8177269444574091,0.5792232523239873,0.5281153182954,0.3577555382001165,0.35775553820010975,0.238503692133411,0.28961162616199365,0.22146771412387747,0.18739575810482292,0.13628782407623227,0.05110793402858807,0.17035978009529035,0.017035978009529034,0.0851798900476468,0.051107934028587106,0.03407195601905872,0.017035978009529034,0.017035978009529034,0.0,0.0,0.0,0.0,0.017035978009529034,0.5,0.08037616549418626
1.01,expected,0.4,False,False,100,100,normal,0.3,1.6,2.0,1.5,0.2,0.1949993101410765,0.20109932393825497,0.20719933773543342,0.2132993515326119,0.21939936532979037,0.22549937912696885,0.2315993929241473,0.23769940672132578,0.24379942051850426,0.24989943431568273,0.2559994481128612,0.26209946191003963,0.26819947570721814,0.2742994895043966,0.28039950330157504,0.28649951709875354,0.292599530895932,0.29869954469311044,0.30479955849028895,0.3108995722874674,0.3169995860846459,0.32309959988182435,0.32919961367900286,0.3352996274761813,0.34139964127335976,0.34749965507053826,0.3535996688677167,0.35969968266489516,0.36579969646207366,0.3718997102592521,0.37799972405643056,0.38409973785360907,0.3901997516507875,0.39629976544796597,0.4023997792451445,0.4084997930423229,0.4145998068395014,0.4206998206366799,0.4267998344338583,0.4328998482310368,0.4389998620282153,0.4450998758253938,0.4511998896225722,0.4572999034197507,0.4633999172169292,0.4694999310141076,0.4755999448112861,0.4816999586084646,0.487799972405643,0.4938999862028215,0.5,0.5061000137971784,0.5122000275943569,0.5183000413915354,0.5244000551887138,0.5305000689858923,0.5366000827830708,0.5427000965802492,0.5488001103774277,0.5549001241746062,0.5610001379717847,0.5671001517689631,0.5732001655661416,0.5793001793633201,0.5854001931604985,0.591500206957677,0.5976002207548555,0.6037002345520339,0.6098002483492124,0.6159002621463909,0.6220002759435693,0.6281002897407478,0.6342003035379263,0.6403003173351047,0.6464003311322832,0.6525003449294617,0.6586003587266401,0.6647003725238186,0.6708003863209971,0.6769004001181755,0.683000413915354,0.6891004277125325,0.695200441509711,0.7013004553068894,0.707400469104068,0.7135004829012465,0.7196004966984249,0.7257005104956034,0.7318005242927819,0.7379005380899603,0.7440005518871388,0.7501005656843173,0.7562005794814958,0.7623005932786742,0.7684006070758527,0.7745006208730312,0.7806006346702096,0.7867006484673881,0.7928006622645666,0.798900676061745,0.8050006898589235,0.016393405543812765,0.0,0.03278681108762553,0.0,0.03278681108762553,0.04918021663143851,0.03278681108762553,0.049180216631438296,0.06557362217525106,0.09836043326287702,0.0819670277190642,0.08196702771906345,0.11475383880668988,0.11475383880668988,0.09836043326287613,0.1311472443505027,0.24590108315719258,0.18032746098193958,0.4426219496829466,0.4590153552267553,0.6721296272963264,0.39344173305150454,0.7377032494715777,0.7540966550153906,0.8032768716468217,0.9836043326287703,1.0819647658916474,1.0327845492601995,1.5573735266622195,1.5901603377498454,1.8852416375384593,2.0163888818889792,1.950815259713728,2.2458965595023384,2.6557316980976795,2.754092131360557,2.80327234799197,3.2458942976749423,3.393434947569258,3.2295008921310995,4.163925008128423,4.196711819216125,3.90163051942742,4.93441506868762,4.311465658022816,4.032777763777922,4.491793119004677,4.6065469578114495,4.508186524548489,4.704907391074242,4.704907391074327,4.508186524548489,4.606546957811365,4.491793119004758,4.032777763777922,4.311465658022738,4.934415068687709,3.90163051942742,4.196711819216048,4.163925008128423,3.2295008921311585,3.3934349475692267,3.2458942976749126,2.8032723479920207,2.7540921313605318,2.6557316980976555,2.245896559502379,1.95081525971371,2.016388881888961,1.8852416375384935,1.5901603377498308,1.5573735266622053,1.0327845492602181,1.0819647658916376,0.9836043326287615,0.8032768716468364,0.7540966550153837,0.7377032494715711,0.3934417330515117,0.6721296272963203,0.4590153552267553,0.4426219496829426,0.18032746098194286,0.24590108315719036,0.1311472443505015,0.09836043326287792,0.11475383880668882,0.11475383880668882,0.08196702771906493,0.08196702771906345,0.09836043326287613,0.06557362217525076,0.04918021663143896,0.03278681108762538,0.04918021663143807,0.032786811087625975,0.0,0.03278681108762538,0.0,0.01639340554381269,0.5,0.0840542572311985
1.01,expected,0.4,False,False,100,100,normal,0.3,1.6,2.0,1.5,0.3,0.17765651477647876,0.18410338448094918,0.1905502541854196,0.19699712388989002,0.20344399359436044,0.2098908632988309,0.2163377330033013,0.22278460270777173,0.22923147241224215,0.23567834211671257,0.242125211821183,0.2485720815256534,0.25501895123012386,0.26146582093459425,0.2679126906390647,0.27435956034353515,0.28080643004800554,0.28725329975247593,0.2937001694569464,0.30014703916141683,0.3065939088658872,0.31304077857035767,0.3194876482748281,0.3259345179792985,0.3323813876837689,0.33882825738823935,0.3452751270927098,0.3517219967971802,0.35816886650165064,0.3646157362061211,0.3710626059105915,0.3775094756150619,0.3839563453195323,0.39040321502400277,0.39685008472847316,0.40329695443294356,0.409743824137414,0.41619069384188445,0.42263756354635484,0.4290844332508253,0.4355313029552957,0.44197817265976613,0.4484250423642366,0.454871912068707,0.4613187817731774,0.4677656514776478,0.47421252118211826,0.48065939088658866,0.4871062605910591,0.49355313029552955,0.49999999999999994,0.5064468697044704,0.5128937394089408,0.5193406091134112,0.5257874788178816,0.5322343485223521,0.5386812182268226,0.545128087931293,0.5515749576357634,0.5580218273402338,0.5644686970447041,0.5709155667491745,0.577362436453645,0.5838093061581154,0.5902561758625859,0.5967030455670563,0.6031499152715267,0.6095967849759971,0.6160436546804675,0.622490524384938,0.6289373940894084,0.6353842637938789,0.6418311334983493,0.6482780032028197,0.6547248729072901,0.6611717426117605,0.667618612316231,0.6740654820207014,0.6805123517251719,0.6869592214296423,0.6934060911341127,0.6998529608385831,0.7062998305430535,0.7127467002475238,0.7191935699519945,0.7256404396564649,0.7320873093609352,0.7385341790654056,0.744981048769876,0.7514279184743464,0.7578747881788168,0.7643216578832874,0.7707685275877578,0.7772153972922282,0.7836622669966986,0.790109136701169,0.7965560064056394,0.8030028761101098,0.8094497458145804,0.8158966155190508,0.8223434852235212,0.015511403919123338,0.0,0.015511403919123338,0.031022807838246676,0.01551140391912327,0.031022807838246676,0.0,0.015511403919123338,0.015511403919123338,0.04653421175737001,0.031022807838246676,0.09306842351473962,0.13960263527211067,0.09306842351473962,0.15511403919123273,0.07755701959561703,0.17062544311035746,0.18613684702947925,0.4343193097354516,0.2636938666250979,0.49636492541194466,0.49636492541194466,0.5273877332501958,0.5428991371693193,0.5273877332501913,0.6980131763605473,1.2254009096107492,1.2719351213681083,1.023752658662136,1.5821631997505874,1.5356289879932172,1.7683000467800531,1.8613684702947926,2.2026193565155237,2.5128474348979917,2.730007089765696,2.8230755132804357,2.82307551328046,2.792052705442189,3.195349207339422,2.9937009563907915,4.017453615052927,3.8158053641043574,4.157056250325037,4.82404661884738,4.405238713031009,4.82404661884738,4.591375560060488,4.637909771817858,4.82404661884738,4.824046618847338,4.637909771817899,4.591375560060528,4.82404661884738,4.405238713030971,4.824046618847296,4.157056250325073,3.8158053641043574,4.017453615052962,2.9937009563908172,3.195349207339422,2.792052705442165,2.82307551328046,2.8230755132804113,2.7300070897657194,2.5128474348979917,2.2026193565155237,1.8613684702948086,1.7683000467800378,1.5356289879932172,1.58216319975056,1.0237526586621448,1.2719351213681194,1.2254009096107492,0.6980131763605533,0.5273877332501867,0.5428991371693193,0.5273877332501867,0.49636492541194893,0.49636492541194893,0.2636938666250979,0.4343193097354553,0.18613684702948088,0.17062544311035158,0.07755701959561703,0.15511403919123407,0.09306842351474044,0.13960263527211067,0.09306842351474044,0.031022807838246808,0.04653421175736862,0.015511403919123404,0.015511403919123404,0.0,0.031022807838246808,0.015511403919123404,0.031022807838246808,0.015511403919122873,0.0,0.015511403919123404,0.5,0.08521090196528278
1.01,expected,0.4,False,False,100,100,normal,0.3,1.6,2.0,1.5,0.4,0.19151741120586388,0.1976870629817466,0.20385671475762931,0.21002636653351203,0.21619601830939478,0.2223656700852775,0.2285353218611602,0.23470497363704293,0.24087462541292565,0.2470442771888084,0.2532139289646911,0.2593835807405738,0.26555323251645657,0.27172288429233926,0.27789253606822195,0.2840621878441047,0.29023183961998744,0.29640149139587013,0.3025711431717529,0.3087407949476356,0.3149104467235183,0.321080098499401,0.32724975027528375,0.3334194020511665,0.3395890538270492,0.3457587056029319,0.35192835737881467,0.35809800915469736,0.36426766093058005,0.37043731270646285,0.37660696448234554,0.38277661625822823,0.388946268034111,0.3951159198099937,0.4012855715858764,0.4074552233617591,0.4136248751376419,0.4197945269135246,0.4259641786894073,0.43213383046529,0.43830348224117277,0.44447313401705546,0.45064278579293815,0.45681243756882095,0.46298208934470364,0.46915174112058633,0.47532139289646913,0.4814910446723518,0.4876606964482345,0.4938303482241172,0.5,0.5061696517758827,0.5123393035517654,0.5185089553276482,0.5246786071035309,0.5308482588794136,0.5370179106552962,0.543187562431179,0.5493572142070617,0.5555268659829444,0.5616965177588272,0.5678661695347099,0.5740358213105926,0.5802054730864753,0.5863751248623581,0.5925447766382408,0.5987144284141235,0.6048840801900063,0.611053731965889,0.6172233837417717,0.6233930355176543,0.6295626872935371,0.6357323390694198,0.6419019908453025,0.6480716426211853,0.654241294397068,0.6604109461729507,0.6665805979488335,0.6727502497247162,0.6789199015005989,0.6850895532764816,0.6912592050523644,0.6974288568282471,0.7035985086041298,0.7097681603800124,0.7159378121558952,0.7221074639317779,0.7282771157076606,0.7344467674835433,0.7406164192594261,0.7467860710353088,0.7529557228111915,0.7591253745870743,0.765295026362957,0.7714646781388397,0.7776343299147224,0.7838039816906052,0.7899736334664879,0.7961432852423705,0.8023129370182533,0.808482588794136,0.016208370201848645,0.016208370201848645,0.0,0.01620837020184857,0.048625110605545925,0.03241674040369729,0.048625110605545925,0.016208370201848645,0.06483348080739428,0.08104185100924358,0.08104185100924285,0.08104185100924285,0.12966696161478974,0.17829207222033588,0.1620837020184857,0.2917506636332743,0.17829207222033588,0.4052092550462143,0.4700427358536085,0.45383436565176405,0.4862511060554615,0.5510845868628514,0.6159180676702456,0.8428352504961333,0.8428352504961256,1.215627765138643,0.8104185100924358,1.312877986349746,1.377711467157116,1.5235867989737792,1.6694621307904178,1.896379313616283,2.6743810833050143,2.6095476024976434,2.917506636332769,2.868881525727171,2.8688815257272227,3.1282154489568024,3.2416740403697144,3.63067492521408,4.068300920664028,3.890008848443692,3.3875493721863204,4.149342771673272,3.7441335166270533,4.246592992884287,4.684218988334279,4.392468324701002,4.603177137325035,4.019675810058409,4.019675810058482,4.603177137325035,4.392468324700923,4.684218988334279,4.246592992884364,3.7441335166270533,4.149342771673196,3.3875493721863816,3.890008848443692,4.068300920663955,3.6306749252141124,3.2416740403697433,3.1282154489568024,2.868881525727171,2.8688815257272227,2.917506636332769,2.6095476024975963,2.6743810833050383,1.8963793136162996,1.6694621307904178,1.523586798973752,1.3777114671571409,1.312877986349746,0.8104185100924212,1.2156277651386538,0.8428352504961333,0.842835250496118,0.6159180676702511,0.5510845868628563,0.4862511060554615,0.4538343656517559,0.4700427358536128,0.4052092550462179,0.17829207222033588,0.2917506636332716,0.16208370201848715,0.17829207222033588,0.12966696161478974,0.08104185100924212,0.08104185100924358,0.08104185100924358,0.06483348080739369,0.016208370201848718,0.04862511060554615,0.032416740403697436,0.04862511060554527,0.016208370201848718,0.0,0.016208370201848423,0.016208370201848718,0.5,0.08735168944800469
1.01,expected,0.4,False,False,100,100,normal,0.3,2.0,1.2,0.5,0.1,0.15022200687072468,0.1572175667333102,0.16421312659589568,0.1712086864584812,0.17820424632106668,0.1851998061836522,0.19219536604623771,0.1991909259088232,0.20618648577140872,0.21318204563399423,0.22017760549657972,0.22717316535916524,0.23416872522175075,0.24116428508433624,0.24815984494692175,0.25515540480950727,0.26215096467209276,0.26914652453467824,0.27614208439726373,0.2831376442598493,0.29013320412243476,0.2971287639850203,0.3041243238476058,0.3111198837101913,0.31811544357277677,0.3251110034353623,0.3321065632979478,0.33910212316053334,0.34609768302311883,0.3530932428857043,0.3600888027482898,0.3670843626108753,0.37407992247346084,0.3810754823360464,0.38807104219863187,0.39506660206121735,0.40206216192380284,0.4090577217863884,0.41605328164897387,0.42304884151155936,0.43004440137414485,0.4370399612367304,0.4440355210993159,0.45103108096190137,0.4580266408244869,0.4650222006870724,0.4720177605496579,0.4790133204122434,0.4860088802748289,0.4930044401374144,0.49999999999999994,0.5069955598625855,0.513991119725171,0.5209866795877565,0.527982239450342,0.5349777993129274,0.5419733591755129,0.5489689190380984,0.5559644789006839,0.5629600387632694,0.569955598625855,0.5769511584884405,0.583946718351026,0.5909422782136116,0.597937838076197,0.6049333979387825,0.611928957801368,0.6189245176639535,0.625920077526539,0.6329156373891245,0.63991119725171,0.6469067571142955,0.653902316976881,0.6608978768394664,0.6678934367020521,0.6748889965646376,0.6818845564272231,0.6888801162898086,0.6958756761523941,0.7028712360149796,0.7098667958775651,0.7168623557401506,0.723857915602736,0.7308534754653215,0.737849035327907,0.7448445951904925,0.751840155053078,0.7588357149156637,0.7658312747782492,0.7728268346408347,0.7798223945034202,0.7868179543660057,0.7938135142285911,0.8008090740911766,0.8078046339537621,0.8148001938163476,0.8217957536789331,0.8287913135415186,0.8357868734041041,0.8427824332666896,0.8497779931292753,0.014294781542050964,0.0,0.0,0.014294781542051022,0.0,0.014294781542050964,0.042884344626153065,0.04288434462615289,0.12865303387845867,0.07147390771025511,0.10006347079435675,0.10006347079435675,0.2144217231307653,0.11435825233640771,0.12865303387845867,0.2144217231307653,0.2716008492989694,0.38595910163537755,0.3859591016353745,0.4002538831774286,0.5289069170558836,0.6146756063081938,0.5432016985979388,0.8005077663548572,0.5574964801399854,0.9577503633174183,1.358004246494836,1.300825120326643,1.2150564310743368,1.5438364065415102,1.515246843457408,1.829732037382516,1.9440902897189234,1.8297320373825308,2.3300493913543163,2.187101575933806,2.930430216120436,2.65882936682149,2.8732510899522548,3.0590832499989187,3.130557157709149,3.459337133176347,3.616579730138908,3.659464074765032,3.673758856307112,3.5451058224286527,3.7595275455593886,3.6880536378491633,3.8738857978958268,3.845296234811694,3.845296234811694,3.8738857978958268,3.6880536378491633,3.759527545559419,3.5451058224286527,3.673758856307112,3.6594640747650615,3.616579730138908,3.459337133176347,3.130557157709124,3.0590832499989187,2.8732510899522548,2.6588293668214473,2.930430216120459,2.187101575933806,2.3300493913543163,1.8297320373825308,1.944090289718939,1.8297320373825308,1.515246843457408,1.5438364065415102,1.2150564310743368,1.300825120326643,1.358004246494804,0.9577503633174183,0.5574964801399898,0.8005077663548572,0.5432016985979388,0.6146756063081938,0.5289069170558878,0.4002538831774286,0.38595910163537755,0.38595910163537755,0.2716008492989694,0.2144217231307653,0.12865303387845917,0.11435825233640454,0.2144217231307653,0.10006347079435715,0.10006347079435715,0.07147390771025511,0.12865303387845917,0.042884344626153065,0.042884344626153065,0.014294781542051022,0.0,0.014294781542051022,0.0,0.0,0.014294781542050567,0.5,0.10077223973217135
1.01,expected,0.4,False,False,100,100,normal,0.3,2.0,1.2,0.5,0.2,0.15370027247463014,0.16062626702513755,0.16755226157564493,0.17447825612615234,0.18140425067665972,0.18833024522716713,0.19525623977767453,0.20218223432818191,0.20910822887868932,0.2160342234291967,0.2229602179797041,0.22988621253021152,0.2368122070807189,0.24373820163122628,0.2506641961817337,0.2575901907322411,0.2645161852827485,0.2714421798332559,0.27836817438376327,0.2852941689342707,0.2922201634847781,0.29914615803528544,0.3060721525857929,0.31299814713630025,0.31992414168680766,0.32685013623731507,0.3337761307878224,0.3407021253383299,0.34762811988883724,0.35455411443934465,0.36148010898985206,0.3684061035403594,0.3753320980908669,0.3822580926413742,0.38918408719188163,0.39611008174238904,0.4030360762928964,0.4099620708434038,0.4168880653939112,0.4238140599444186,0.43074005449492603,0.43766604904543344,0.4445920435959408,0.4515180381464482,0.4584440326969556,0.465370027247463,0.4722960217979704,0.4792220163484778,0.4861480108989852,0.4930740054494926,0.5,0.5069259945505074,0.5138519891010147,0.5207779836515222,0.5277039782020296,0.534629972752537,0.5415559673030443,0.5484819618535517,0.5554079564040592,0.5623339509545666,0.569259945505074,0.5761859400555813,0.5831119346060887,0.5900379291565961,0.5969639237071036,0.603889918257611,0.6108159128081183,0.6177419073586257,0.6246679019091331,0.6315938964596406,0.6385198910101479,0.6454458855606553,0.6523718801111626,0.6592978746616701,0.6662238692121775,0.6731498637626849,0.6800758583131923,0.6870018528636997,0.6939278474142071,0.7008538419647145,0.7077798365152219,0.7147058310657293,0.7216318256162367,0.7285578201667441,0.7354838147172514,0.7424098092677589,0.7493358038182663,0.7562617983687737,0.7631877929192811,0.7701137874697884,0.7770397820202959,0.7839657765708032,0.7908917711213107,0.7978177656718181,0.8047437602223254,0.8116697547728329,0.8185957493233402,0.8255217438738477,0.832447738424355,0.8393737329748624,0.8462997275253699,0.028876719226605185,0.014438359613302648,0.028876719226605185,0.014438359613302648,0.028876719226605185,0.043315078839907775,0.07219179806651325,0.043315078839907775,0.05775343845321059,0.05775343845321037,0.07219179806651295,0.05775343845321059,0.1732603153596318,0.21657539419953886,0.21657539419953886,0.3465206307192622,0.21657539419953886,0.3609589903325677,0.3465206307192622,0.3753973499458674,0.44758914801238386,0.6208494633720064,0.5775343845321083,0.6208494633720114,0.7796714191183399,0.938493374864676,1.4149592421036425,1.0540002517710976,1.3572058036504435,1.3716441632637462,1.2705756459706383,1.544904478623365,2.07912378431559,2.0069319862490604,2.3101375381284144,2.512274572714671,2.7577266861407947,2.367890976581625,2.7432883265274923,2.9021102822738207,3.4074528687394117,3.652904982165585,3.5518364648724376,3.7684118590719766,3.56627482448574,3.7684118590719766,4.028302332111456,3.9849872532715156,4.042740691724726,3.9705488936582127,3.9705488936582443,4.042740691724758,3.9849872532714836,4.028302332111391,3.7684118590720064,3.5662748244857685,3.7684118590720064,3.5518364648724092,3.6529049821655266,3.407452868739439,2.9021102822738443,2.7432883265275145,2.3678909765816063,2.757726686140773,2.512274572714671,2.310137538128433,2.0069319862490764,2.0791237843155566,1.544904478623365,1.2705756459706383,1.3716441632637573,1.3572058036504544,1.0540002517710807,1.4149592421036654,0.9384933748646609,0.7796714191183461,0.6208494633720064,0.5775343845321083,0.6208494633720164,0.4475891480123768,0.3753973499458704,0.3465206307192594,0.3609589903325677,0.21657539419954058,0.3465206307192594,0.21657539419954058,0.21657539419953714,0.1732603153596325,0.057753438453210834,0.07219179806651238,0.057753438453210834,0.057753438453209904,0.04331507883990812,0.07219179806651353,0.04331507883990743,0.028876719226605417,0.014438359613302476,0.028876719226605417,0.014438359613302709,0.028876719226604952,0.5,0.09943051659895477
1.01,expected,0.4,False,False,100,100,normal,0.3,2.0,1.2,0.5,0.3,0.14065347807128356,0.14784040850985788,0.1550273389484322,0.16221426938700656,0.16940119982558088,0.1765881302641552,0.18377506070272953,0.19096199114130386,0.19814892157987818,0.2053358520184525,0.21252278245702683,0.21970971289560115,0.2268966433341755,0.23408357377274983,0.24127050421132415,0.2484574346498985,0.2556443650884728,0.26283129552704715,0.2700182259656215,0.2772051564041958,0.2843920868427701,0.29157901728134444,0.29876594771991877,0.30595287815849315,0.31313980859706747,0.3203267390356418,0.3275136694742161,0.33470059991279044,0.34188753035136477,0.3490744607899391,0.3562613912285134,0.36344832166708774,0.37063525210566206,0.3778221825442364,0.3850091129828107,0.39219604342138503,0.39938297385995936,0.4065699042985337,0.413756834737108,0.4209437651756823,0.42813069561425665,0.435317626052831,0.4425045564914053,0.4496914869299796,0.45687841736855395,0.4640653478071284,0.4712522782457027,0.47843920868427703,0.48562613912285135,0.4928130695614257,0.5,0.5071869304385743,0.5143738608771486,0.521560791315723,0.5287477217542973,0.5359346521928716,0.5431215826314459,0.5503085130700203,0.5574954435085946,0.5646823739471689,0.5718693043857432,0.5790562348243176,0.5862431652628919,0.5934300957014662,0.6006170261400405,0.6078039565786149,0.6149908870171892,0.6221778174557635,0.6293647478943378,0.6365516783329122,0.6437386087714866,0.6509255392100609,0.6581124696486352,0.6652994000872096,0.6724863305257839,0.6796732609643582,0.6868601914029325,0.6940471218415069,0.7012340522800812,0.7084209827186555,0.7156079131572298,0.7227948435958041,0.7299817740343785,0.7371687044729528,0.7443556349115271,0.7515425653501014,0.7587294957886758,0.7659164262272501,0.7731033566658244,0.7802902871043987,0.7874772175429732,0.7946641479815475,0.8018510784201218,0.8090380088586961,0.8162249392972705,0.8234118697358448,0.8305988001744191,0.8377857306129934,0.8449726610515678,0.8521595914901421,0.8593465219287164,0.013914146081513635,0.0417424382445409,0.0,0.02782829216302727,0.0,0.02782829216302727,0.02782829216302727,0.02782829216302727,0.0417424382445409,0.05565658432605454,0.05565658432605454,0.11131316865210865,0.12522731473362272,0.18088389905967728,0.11131316865210865,0.18088389905967728,0.18088389905967728,0.29219706771178633,0.27828292163027274,0.2365404833857318,0.5009092589344909,0.4730809667714636,0.5843941354235681,0.6122224275866,0.7235355962387091,1.0435609561135226,0.9183336413798999,1.1827024169286589,1.07138924827655,1.5027277768034726,1.6140409454555817,1.7670965523522317,1.6557833837001223,1.7810106984337453,1.9201521592488817,2.2680058112867223,2.379318979938832,2.6436877554875906,2.8245716545472677,2.7689150702212135,3.1306828683405676,3.4367940821338676,3.6872487116011134,3.7150770037641405,3.7568194420086236,3.812476026334736,3.9098750489053318,3.6733345655195997,3.9237891949868446,4.271642847024686,4.271642847024686,3.9237891949868446,3.6733345655195997,3.9098750489053318,3.812476026334736,3.756819442008682,3.7150770037641405,3.6872487116011134,3.4367940821338676,3.1306828683405676,2.7689150702212135,2.8245716545472677,2.6436877554875906,2.379318979938832,2.2680058112867223,1.9201521592488817,1.7810106984337453,1.6557833837001223,1.7670965523522317,1.6140409454555567,1.5027277768034726,1.07138924827655,1.1827024169286589,0.9183336413798999,1.0435609561135226,0.7235355962387091,0.6122224275866,0.5843941354235727,0.4730809667714636,0.5009092589344909,0.2365404833857318,0.27828292163027274,0.29219706771178633,0.18088389905967728,0.18088389905967728,0.11131316865210908,0.18088389905967728,0.12522731473362272,0.11131316865210908,0.05565658432605368,0.05565658432605454,0.0417424382445409,0.02782829216302727,0.02782829216302727,0.02782829216302727,0.0,0.02782829216302727,0.0,0.0417424382445409,0.013914146081513635,0.5,0.0997089889538218
1.01,expected,0.4,False,False,100,100,normal,0.3,2.0,1.2,0.5,0.4,0.12693816876103076,0.13439940538581013,0.14186064201058954,0.14932187863536892,0.1567831152601483,0.1642443518849277,0.17170558850970707,0.17916682513448645,0.18662806175926583,0.19408929838404523,0.2015505350088246,0.20901177163360402,0.2164730082583834,0.22393424488316277,0.23139548150794215,0.23885671813272152,0.24631795475750093,0.25377919138228033,0.2612404280070597,0.2687016646318391,0.27616290125661846,0.28362413788139784,0.2910853745061772,0.2985466111309566,0.30600784775573603,0.3134690843805154,0.3209303210052948,0.32839155763007416,0.3358527942548536,0.34331403087963297,0.35077526750441235,0.3582365041291917,0.3656977407539711,0.3731589773787505,0.38062021400352986,0.38808145062830923,0.39554268725308867,0.40300392387786804,0.4104651605026474,0.4179263971274268,0.4253876337522062,0.43284887037698555,0.440310107001765,0.44777134362654436,0.45523258025132374,0.4626938168761031,0.4701550535008825,0.47761629012566187,0.4850775267504413,0.4925387633752207,0.5,0.5074612366247795,0.5149224732495588,0.5223837098743382,0.5298449464991175,0.537306183123897,0.5447674197486764,0.5522286563734558,0.5596898929982351,0.5671511296230145,0.5746123662477939,0.5820736028725733,0.5895348394973527,0.596996076122132,0.6044573127469115,0.6119185493716908,0.6193797859964703,0.6268410226212495,0.634302259246029,0.6417634958708083,0.6492247324955878,0.6566859691203673,0.6641472057451465,0.671608442369926,0.6790696789947053,0.6865309156194848,0.693992152244264,0.7014533888690435,0.7089146254938228,0.7163758621186023,0.7238370987433815,0.731298335368161,0.7387595719929403,0.7462208086177198,0.7536820452424993,0.7611432818672785,0.768604518492058,0.7760657551168373,0.7835269917416168,0.790988228366396,0.7984494649911755,0.8059107016159548,0.8133719382407343,0.8208331748655135,0.828294411490293,0.8357556481150723,0.8432168847398518,0.8506781213646313,0.8581393579894105,0.86560059461419,0.8730618312389693,0.013402604022487616,0.0,0.0,0.013402604022487616,0.0,0.04020781206746284,0.04020781206746284,0.013402604022487616,0.053610416089950264,0.0,0.026805208044975132,0.12062343620238852,0.09381822815741331,0.13402604022487616,0.24124687240477705,0.3618703086071643,0.25464947642726377,0.22784426838228947,0.32166249653970275,0.29485728849472753,0.3350651005621904,0.45568853676457893,0.5897145769894551,0.6299223890569133,0.8175588453717445,0.8309614493942321,1.0320005097315466,0.9917926976640762,0.9247796775516456,1.219636966046373,1.1928317580013978,1.8495593551032912,1.6887281068334397,1.8227541470583157,2.3320530999128453,2.2650400798003902,2.439273932092746,2.5598973682951347,2.6001051803625974,2.4928843481826966,2.787741636677424,3.1362093412620786,3.3640536096443916,3.4980796498692674,3.4444692337793175,3.7929369383639955,3.7795343343415078,4.15480724697113,3.5382874619367306,4.195015059038655,4.195015059038561,3.538287461936783,4.1548072469710995,3.779534334341564,3.7929369383639386,3.4444692337793175,3.4980796498692674,3.3640536096443916,3.136209341262102,2.787741636677424,2.4928843481826966,2.6001051803625588,2.559897368295173,2.4392739320927097,2.265040079800441,2.33205309991281,1.822754147058343,1.6887281068334146,1.8495593551033185,1.1928317580013799,1.2196369660463549,0.9247796775516592,0.9917926976640689,1.0320005097315617,0.8309614493942198,0.8175588453717567,0.6299223890569086,0.5897145769894638,0.4556885367645721,0.33506510056219535,0.29485728849472315,0.3216624965397076,0.22784426838228605,0.25464947642726093,0.361870308607171,0.24124687240477352,0.13402604022487816,0.0938182281574119,0.12062343620239033,0.02680520804497483,0.0,0.05361041608994966,0.013402604022487816,0.04020781206746225,0.04020781206746345,0.0,0.013402604022487415,0.0,0.0,0.013402604022487816,0.5,0.10391657883845155
1.01,expected,0.4,False,False,100,100,normal,0.3,2.0,1.2,0.75,0.1,0.1966267885177046,0.2026942527473505,0.20876171697699641,0.21482918120664232,0.22089664543628823,0.22696410966593414,0.23303157389558005,0.23909903812522595,0.24516650235487186,0.2512339665845178,0.2573014308141637,0.2633688950438096,0.2694363592734555,0.27550382350310143,0.2815712877327473,0.28763875196239325,0.2937062161920391,0.29977368042168506,0.30584114465133094,0.3119086088809769,0.31797607311062276,0.3240435373402687,0.3301110015699146,0.3361784657995605,0.34224593002920645,0.3483133942588523,0.3543808584884982,0.36044832271814414,0.3665157869477901,0.37258325117743596,0.37865071540708184,0.3847181796367278,0.3907856438663737,0.3968531080960196,0.40292057232566547,0.4089880365553114,0.41505550078495734,0.4211229650146032,0.4271904292442491,0.43325789347389504,0.439325357703541,0.44539282193318686,0.4514602861628328,0.45752775039247867,0.4635952146221246,0.4696626788517705,0.4757301430814164,0.4817976073110623,0.48786507154070824,0.4939325357703541,0.5,0.5060674642296459,0.5121349284592919,0.5182023926889378,0.5242698569185837,0.5303373211482296,0.5364047853778755,0.5424722496075214,0.5485397138371673,0.5546071780668131,0.5606746422964591,0.566742106526105,0.572809570755751,0.5788770349853969,0.5849444992150428,0.5910119634446886,0.5970794276743345,0.6031468919039805,0.6092143561336264,0.6152818203632724,0.6213492845929183,0.6274167488225642,0.63348421305221,0.6395516772818559,0.6456191415115018,0.6516866057411478,0.6577540699707937,0.6638215342004397,0.6698889984300855,0.6759564626597314,0.6820239268893773,0.6880913911190232,0.6941588553486691,0.7002263195783149,0.706293783807961,0.7123612480376069,0.7184287122672528,0.7244961764968987,0.7305636407265446,0.7366311049561904,0.7426985691858363,0.7487660334154822,0.7548334976451283,0.7609009618747742,0.7669684261044201,0.773035890334066,0.7791033545637118,0.7851708187933577,0.7912382830230036,0.7973057472526497,0.8033732114822955,0.04944404921815382,0.0,0.0,0.03296269947876921,0.0,0.04944404921815382,0.04944404921815382,0.08240674869692302,0.06592539895753811,0.09888809843630808,0.09888809843630718,0.1648134973938468,0.03296269947876906,0.31314564504830894,0.24722024609076793,0.3296269947876936,0.36258969426645965,0.412033743484617,0.5438845413996894,0.5438845413996944,0.5768472408784585,0.5933285906178485,0.906474235666149,0.8735115361873801,0.9723996346236962,1.236101230453851,1.1866571812356863,1.3844333781083005,1.598690924720314,1.8788738702898535,1.6646163236778375,2.1096127666412197,2.010724668204931,2.4557211111683173,2.307388963513834,2.900717554131677,2.5051651603864715,3.279788598137551,3.461083445270751,3.4940461447495204,3.543490193967706,3.889598538494749,4.202744183543094,4.103856085106748,4.054412035888632,4.466445779373207,4.219225533282478,4.466445779373207,4.202744183543094,4.384039030676325,4.384039030676325,4.202744183543016,4.466445779373249,4.219225533282401,4.466445779373249,4.054412035888632,4.103856085106786,4.202744183543094,3.8895985384947847,3.5434901939676413,3.4940461447495523,3.4610834452707198,3.279788598137551,2.5051651603864715,2.9007175541317034,2.3073889635138554,2.4557211111682724,2.010724668204931,2.1096127666412006,1.6646163236778528,1.8788738702898535,1.598690924720314,1.3844333781083131,1.186657181235697,1.2361012304538284,0.9723996346236962,0.8735115361873721,0.9064742356661575,0.5933285906178485,0.5768472408784638,0.5438845413996944,0.5438845413996944,0.412033743484617,0.3625896942664497,0.3296269947876936,0.2472202460907702,0.31314564504830894,0.03296269947876936,0.1648134973938468,0.09888809843630808,0.09888809843630808,0.06592539895753631,0.0824067486969234,0.04944404921815404,0.04944404921815404,0.0,0.03296269947876936,0.0,0.0,0.04944404921815495,0.5,0.0890440743128151
1.01,expected,0.4,False,False,100,100,normal,0.3,2.0,1.2,0.75,0.2,0.13286626946518643,0.1402089440758827,0.14755161868657896,0.15489429329727525,0.1622369679079715,0.16957964251866778,0.17692231712936407,0.18426499174006034,0.1916076663507566,0.19895034096145287,0.20629301557214913,0.21363569018284542,0.2209783647935417,0.22832103940423795,0.23566371401493424,0.2430063886256305,0.2503490632363268,0.25769173784702304,0.2650344124577193,0.27237708706841557,0.27971976167911183,0.2870624362898081,0.2944051109005044,0.3017477855112007,0.30909046012189695,0.3164331347325932,0.3237758093432895,0.3311184839539858,0.33846115856468206,0.34580383317537833,0.3531465077860746,0.36048918239677086,0.3678318570074671,0.3751745316181634,0.38251720622885965,0.3898598808395559,0.3972025554502522,0.4045452300609485,0.41188790467164477,0.41923057928234103,0.4265732538930373,0.43391592850373356,0.4412586031144298,0.4486012777251261,0.4559439523358224,0.4632866269465187,0.47062930155721494,0.4779719761679112,0.48531465077860747,0.49265732538930374,0.5,0.5073426746106963,0.5146853492213925,0.5220280238320889,0.5293706984427851,0.5367133730534814,0.5440560476641776,0.551398722274874,0.5587413968855701,0.5660840714962665,0.5734267461069628,0.580769420717659,0.5881120953283553,0.5954547699390516,0.6027974445497478,0.6101401191604441,0.6174827937711403,0.6248254683818366,0.6321681429925329,0.6395108176032291,0.6468534922139254,0.6541961668246217,0.6615388414353179,0.6688815160460143,0.6762241906567106,0.6835668652674068,0.6909095398781031,0.6982522144887994,0.7055948890994956,0.7129375637101919,0.7202802383208882,0.7276229129315844,0.7349655875422807,0.742308262152977,0.7496509367636732,0.7569936113743695,0.7643362859850658,0.771678960595762,0.7790216352064584,0.7863643098171547,0.7937069844278509,0.8010496590385472,0.8083923336492435,0.8157350082599397,0.823077682870636,0.8304203574813322,0.8377630320920285,0.8451057067027248,0.852448381313421,0.8597910559241173,0.8671337305348136,0.013619015590630614,0.0,0.0,0.0,0.0,0.0,0.0,0.013619015590630614,0.0,0.027238031181261228,0.040857046771891684,0.040857046771891836,0.027238031181261228,0.05447606236252225,0.054476062362522455,0.040857046771891836,0.13619015590630612,0.10895212472504491,0.14980917149693676,0.24514228063135107,0.27238031181261224,0.31323735858450175,0.4085704677189184,0.5175225924439633,0.599236685987747,0.6537127483502694,0.7626648730753086,0.844378966619098,1.0622832160691877,0.8579979822097287,1.5798058085131512,1.620662855285043,1.688757933238196,1.8521861203257635,2.083709385366484,2.2879946192259433,2.3833277283603396,2.859993274032429,2.7782791804886453,2.8327552428511678,2.846374258441798,3.7179912562421573,3.745229287423419,3.7043722406514985,3.881419443329725,3.922276490101617,4.3853230201830575,4.412561051364318,4.371704004592426,3.8950384589203555,3.8950384589203555,4.371704004592426,4.412561051364252,4.385323020183124,3.922276490101557,3.8814194433297837,3.704372240651471,3.745229287423475,3.7179912562421014,2.846374258441798,2.8327552428511678,2.7782791804886453,2.859993274032429,2.3833277283603573,2.2879946192259433,2.083709385366484,1.8521861203257635,1.688757933238196,1.620662855285043,1.5798058085131512,0.8579979822097287,1.0622832160691877,0.8443789666190853,0.7626648730753144,0.6537127483502694,0.599236685987747,0.5175225924439633,0.4085704677189184,0.3132373585845041,0.27238031181261224,0.24514228063135107,0.14980917149693676,0.10895212472504491,0.13619015590630612,0.040857046771891836,0.054476062362522455,0.054476062362522455,0.027238031181260818,0.040857046771891836,0.040857046771891836,0.027238031181261228,0.0,0.013619015590630614,0.0,0.0,0.0,0.0,0.0,0.0,0.013619015590630614,0.5,0.0918425432271376
1.01,expected,0.4,False,False,100,100,normal,0.3,2.0,1.2,0.75,0.3,0.1661447124614943,0.1728218182122644,0.17949892396303452,0.18617602971380462,0.19285313546457475,0.19953024121534485,0.20620734696611498,0.21288445271688508,0.2195615584676552,0.2262386642184253,0.23291576996919544,0.23959287571996554,0.24626998147073564,0.2529470872215058,0.2596241929722759,0.266301298723046,0.2729784044738161,0.27965551022458623,0.28633261597535636,0.2930097217261265,0.29968682747689657,0.3063639332276667,0.3130410389784368,0.3197181447292069,0.32639525047997703,0.33307235623074716,0.33974946198151723,0.3464265677322874,0.3531036734830575,0.3597807792338276,0.36645788498459775,0.3731349907353678,0.37981209648613795,0.3864892022369081,0.39316630798767815,0.3998434137384483,0.4065205194892184,0.4131976252399885,0.41987473099075867,0.42655183674152874,0.4332289424922988,0.439906048243069,0.4465831539938391,0.45326025974460926,0.45993736549537934,0.4666144712461494,0.4732915769969196,0.47996868274768967,0.48664578849845974,0.4933228942492299,0.5,0.5066771057507701,0.5133542115015403,0.5200313172523103,0.5267084230030805,0.5333855287538506,0.5400626345046207,0.5467397402553908,0.5534168460061609,0.560093951756931,0.5667710575077012,0.5734481632584713,0.5801252690092414,0.5868023747600115,0.5934794805107816,0.6001565862615518,0.6068336920123218,0.6135107977630919,0.6201879035138621,0.6268650092646322,0.6335421150154023,0.6402192207661724,0.6468963265169425,0.6535734322677127,0.6602505380184828,0.666927643769253,0.673604749520023,0.6802818552707931,0.6869589610215633,0.6936360667723334,0.7003131725231034,0.7069902782738736,0.7136673840246437,0.7203444897754138,0.727021595526184,0.733698701276954,0.7403758070277242,0.7470529127784943,0.7537300185292644,0.7604071242800345,0.7670842300308046,0.7737613357815747,0.7804384415323449,0.787115547283115,0.7937926530338851,0.8004697587846552,0.8071468645354253,0.8138239702861955,0.8205010760369655,0.8271781817877356,0.8338552875385058,0.029953097564305177,0.0,0.0,0.014976548782152526,0.0,0.059906195128610104,0.0,0.029953097564305052,0.059906195128610354,0.059906195128610104,0.04492964634645776,0.059906195128610354,0.07488274391076262,0.08985929269291515,0.13478893903937386,0.19469513416798281,0.28455442686089794,0.22464823173228787,0.23962478051444042,0.3893902683359689,0.5092026585931859,0.44929646346457575,0.6889212439790219,0.6140385000682536,0.7338508903254738,0.8985929269291589,0.898592926929144,1.1382177074436013,1.3329128416115748,1.392819036740185,1.3928190367401962,1.8720685977690656,1.797185853858303,2.26145886610505,2.306388512451489,2.1865761221942686,2.531036744183798,3.0402394027769373,3.1001455979055983,3.384700024766499,3.2349345369449183,3.50451241502372,3.8040433906667093,4.043668171181215,4.2383633053492,4.448034988299264,4.118550915091979,4.208410207784895,4.418081890734958,4.3431991468242686,4.3431991468242686,4.418081890734958,4.208410207784895,4.118550915091911,4.448034988299336,4.2383633053492,4.043668171181148,3.8040433906667728,3.50451241502372,3.2349345369449183,3.384700024766499,3.1001455979055472,3.040239402776988,2.531036744183798,2.186576122194251,2.306388512451508,2.26145886610505,1.797185853858288,1.8720685977690814,1.3928190367401962,1.3928190367401732,1.3329128416115859,1.1382177074435824,0.8985929269291589,0.898592926929144,0.7338508903254799,0.6140385000682586,0.6889212439790104,0.44929646346457947,0.50920265859319,0.3893902683359624,0.23962478051444241,0.22464823173228973,0.2845544268608956,0.19469513416798445,0.13478893903937159,0.0898592926929159,0.07488274391076324,0.059906195128609604,0.04492964634645795,0.059906195128610604,0.059906195128609604,0.029953097564305302,0.0,0.059906195128610604,0.0,0.014976548782152401,0.0,0.0,0.029953097564304802,0.5,0.09053501206059625
1.01,expected,0.4,False,False,100,100,normal,0.3,2.0,1.2,0.75,0.4,0.19179001629160705,0.19795421596577492,0.20411841563994276,0.21028261531411063,0.21644681498827847,0.22261101466244634,0.22877521433661419,0.23493941401078205,0.24110361368494992,0.24726781335911777,0.25343201303328566,0.2595962127074535,0.26576041238162135,0.2719246120557892,0.2780888117299571,0.28425301140412496,0.29041721107829277,0.29658141075246064,0.3027456104266285,0.3089098101007964,0.31507400977496425,0.32123820944913206,0.32740240912329993,0.3335666087974678,0.3397308084716356,0.34589500814580354,0.35205920781997135,0.3582234074941392,0.3643876071683071,0.3705518068424749,0.37671600651664283,0.38288020619081065,0.3890444058649785,0.3952086055391464,0.4013728052133142,0.4075370048874821,0.41370120456164994,0.4198654042358178,0.4260296039099857,0.4321938035841535,0.4383580032583214,0.44452220293248923,0.45068640260665704,0.45685060228082497,0.4630148019549928,0.4691790016291607,0.4753432013033285,0.48150740097749634,0.48767160065166426,0.4938358003258321,0.5,0.5061641996741678,0.5123283993483356,0.5184925990225036,0.5246567986966714,0.5308209983708393,0.5369851980450071,0.5431493977191749,0.5493135973933428,0.5554777970675107,0.5616419967416786,0.5678061964158464,0.5739703960900142,0.5801345957641821,0.58629879543835,0.5924629951125179,0.5986271947866857,0.6047913944608535,0.6109555941350214,0.6171197938091892,0.6232839934833572,0.629448193157525,0.6356123928316928,0.6417765925058607,0.6479407921800285,0.6541049918541965,0.6602691915283643,0.6664333912025321,0.6725975908767,0.6787617905508678,0.6849259902250358,0.6910901898992036,0.6972543895733715,0.7034185892475393,0.7095827889217071,0.715746988595875,0.7219111882700429,0.7280753879442108,0.7342395876183786,0.7404037872925464,0.7465679869667143,0.7527321866408822,0.7588963863150501,0.7650605859892179,0.7712247856633857,0.7773889853375536,0.7835531850117214,0.7897173846858894,0.7958815843600572,0.802045784034225,0.8082099837083929,0.03244541231169622,0.03244541231169636,0.03244541231169622,0.0,0.01622270615584811,0.01622270615584818,0.06489082462339243,0.11355894309093675,0.06489082462339273,0.06489082462339214,0.12978164924678603,0.2108951800260254,0.1622270615584811,0.37312224158450646,0.34067682927281023,0.3893449477403581,0.3568995354286584,0.5515720092988357,0.4866811846754433,0.4866811846754433,0.6326855400780819,0.6164628339222281,0.7786898954807092,0.9571396631950471,1.281593786311989,1.3140391986237085,1.2491483740003042,1.2978164924678488,1.6060479094289772,1.8493885017666678,1.9305020325459423,2.3522923925979757,2.1900653310394946,2.838973577273445,2.62807839724737,2.9038644018968376,2.7740827526500267,3.0012006388319,3.0823141696111684,3.3743228804163756,3.1472049942345612,3.731222415845098,3.4067682927280725,3.8285586527801883,3.9745630081827503,4.477466899014118,4.299017131299787,4.023231126650295,3.958340302026974,3.682554297377487,3.6825542973775542,3.958340302026974,4.023231126650295,4.299017131299787,4.477466899014037,3.9745630081828227,3.8285586527801883,3.4067682927280725,3.731222415845098,3.1472049942345044,3.374322880416437,3.0823141696111684,3.001200638831873,2.7740827526500516,2.903864401896785,2.628078397247417,2.838973577273445,2.1900653310394746,2.352292392597997,1.9305020325459075,1.8493885017667009,1.6060479094289772,1.2978164924678368,1.2491483740003155,1.314039198623685,1.2815937863120122,0.9571396631950471,0.7786898954807022,0.6164628339222337,0.6326855400780705,0.48668118467544763,0.4866811846754389,0.5515720092988406,0.3568995354286616,0.3893449477403511,0.34067682927281334,0.37312224158450313,0.16222706155848254,0.2108951800260273,0.1297816492467837,0.06489082462339302,0.06489082462339185,0.11355894309093778,0.06489082462339302,0.016222706155847963,0.016222706155848254,0.0,0.03244541231169651,0.03244541231169651,0.032445412311695926,0.5,0.09402008902269873
1.01,expected,0.4,False,False,100,100,normal,0.3,2.0,1.2,1.0,0.1,0.1927117122948025,0.19885747804890644,0.2050032438030104,0.21114900955711435,0.2172947753112183,0.22344054106532224,0.2295863068194262,0.23573207257353015,0.2418778383276341,0.24802360408173807,0.254169369835842,0.26031513558994596,0.2664609013440499,0.27260666709815384,0.2787524328522578,0.2848981986063618,0.2910439643604657,0.2971897301145697,0.3033354958686736,0.30948126162277756,0.31562702737688153,0.3217727931309855,0.3279185588850894,0.33406432463919333,0.3402100903932973,0.3463558561474013,0.35250162190150525,0.3586473876556092,0.36479315340971313,0.37093891916381705,0.377084684917921,0.383230450672025,0.38937621642612896,0.3955219821802329,0.40166774793433685,0.40781351368844077,0.41395927944254474,0.4201050451966487,0.4262508109507527,0.4323965767048566,0.4385423424589605,0.4446881082130645,0.45083387396716845,0.4569796397212724,0.46312540547537634,0.4692711712294803,0.4754169369835842,0.4815627027376882,0.48770846849179217,0.4938542342458961,0.5,0.506145765754104,0.5122915315082079,0.5184372972623119,0.5245830630164159,0.5307288287705199,0.5368745945246238,0.5430203602787278,0.5491661260328317,0.5553118917869356,0.5614576575410395,0.5676034232951435,0.5737491890492474,0.5798949548033514,0.5860407205574554,0.5921864863115593,0.5983322520656633,0.6044780178197673,0.6106237835738713,0.6167695493279751,0.6229153150820791,0.629061080836183,0.6352068465902869,0.6413526123443909,0.6474983780984949,0.6536441438525988,0.6597899096067028,0.6659356753608068,0.6720814411149107,0.6782272068690147,0.6843729726231186,0.6905187383772226,0.6966645041313264,0.7028102698854304,0.7089560356395344,0.7151018013936383,0.7212475671477423,0.7273933329018463,0.7335390986559502,0.7396848644100542,0.7458306301641582,0.7519763959182622,0.7581221616723659,0.7642679274264699,0.7704136931805738,0.7765594589346778,0.7827052246887818,0.7888509904428858,0.7949967561969897,0.8011425219510937,0.8072882877051976,0.01627136535967438,0.0,0.0,0.0,0.01627136535967438,0.016271365359674307,0.03254273071934876,0.04881409607902314,0.016271365359674307,0.06508546143869781,0.016271365359674307,0.06508546143869723,0.08135682679837226,0.13017092287739446,0.21152774967576596,0.08135682679837226,0.19525638431609169,0.2928845764741402,0.34169867255316044,0.27661321111446324,0.4718695954305549,0.3905127686321869,0.6671259797466526,0.6833973451063209,0.7322114411853439,1.1552669405368756,0.8461109987030638,1.334251959493305,1.5132369784497242,1.8874783817222196,1.6596792666867795,2.050192035318963,2.050192035318981,2.4732475346704943,2.7173180150656338,2.4407048039511463,2.684775284346261,3.254273071934861,3.3519012640929375,3.6285144752074032,3.872584955602485,3.644785840567045,4.084112705278251,3.9864845131202413,4.100384070637926,4.4420827431911265,4.360725916392714,5.271922376534476,4.9139523386216855,4.78378141574429,4.7837814157442455,4.913952338621641,5.271922376534476,4.360725916392714,4.442082743191086,4.100384070637926,3.986484513120205,4.084112705278325,3.644785840567045,3.8725849556025547,3.6285144752073704,3.3519012640929073,3.254273071934861,2.684775284346261,2.4407048039511463,2.7173180150656093,2.4732475346704943,2.050192035318963,2.0501920353189997,1.6596792666867795,1.8874783817222538,1.5132369784497104,1.3342519594932931,0.8461109987030638,1.1552669405368756,0.7322114411853439,0.6833973451063209,0.6671259797466466,0.39051276863218337,0.47186959543056345,0.27661321111446324,0.3416986725531666,0.2928845764741375,0.19525638431609169,0.08135682679837154,0.21152774967576596,0.13017092287739446,0.08135682679837154,0.06508546143869723,0.016271365359674307,0.06508546143869723,0.016271365359674893,0.04881409607902292,0.032542730719348614,0.016271365359674307,0.016271365359674307,0.0,0.0,0.0,0.016271365359674602,0.5,0.08278846692161716
1.01,expected,0.4,False,False,100,100,normal,0.3,2.0,1.2,1.0,0.2,0.18468775963867967,0.19099400444590608,0.19730024925313247,0.20360649406035888,0.2099127388675853,0.21621898367481168,0.2225252284820381,0.2288314732892645,0.23513771809649092,0.24144396290371734,0.24775020771094372,0.2540564525181701,0.2603626973253965,0.26666894213262293,0.27297518693984935,0.27928143174707576,0.2855876765543022,0.2918939213615286,0.298200166168755,0.30450641097598136,0.31081265578320777,0.3171189005904342,0.3234251453976606,0.329731390204887,0.33603763501211337,0.3423438798193398,0.3486501246265662,0.3549563694337926,0.361262614241019,0.36756885904824543,0.37387510385547185,0.38018134866269826,0.3864875934699247,0.3927938382771511,0.39910008308437744,0.40540632789160386,0.41171257269883027,0.4180188175060567,0.42432506231328304,0.43063130712050945,0.43693755192773587,0.4432437967349623,0.4495500415421887,0.4558562863494151,0.4621625311566415,0.46846877596386793,0.47477502077109435,0.4810812655783207,0.4873875103855471,0.49369375519277353,0.49999999999999994,0.5063062448072264,0.5126124896144528,0.5189187344216792,0.5252249792289055,0.531531224036132,0.5378374688433584,0.5441437136505848,0.5504499584578112,0.5567562032650376,0.563062448072264,0.5693686928794903,0.5756749376867167,0.5819811824939431,0.5882874273011696,0.594593672108396,0.6008999169156224,0.6072061617228488,0.6135124065300752,0.6198186513373016,0.626124896144528,0.6324311409517545,0.6387373857589809,0.6450436305662073,0.6513498753734337,0.6576561201806601,0.6639623649878865,0.6702686097951129,0.6765748546023393,0.6828810994095658,0.6891873442167921,0.6954935890240185,0.7017998338312449,0.7081060786384713,0.7144123234456977,0.7207185682529241,0.7270248130601505,0.733331057867377,0.7396373026746034,0.7459435474818298,0.7522497922890562,0.7585560370962826,0.764862281903509,0.7711685267107353,0.7774747715179617,0.7837810163251882,0.7900872611324146,0.796393505939641,0.8026997507468674,0.8090059955540938,0.8153122403613202,0.03171459499491952,0.0,0.0,0.01585729749745976,0.0,0.0,0.03171459499491952,0.03171459499491952,0.03171459499491952,0.01585729749745983,0.01585729749745983,0.047571892492379274,0.09514378498475855,0.12685837997967808,0.14271567747713781,0.12685837997967808,0.15857297497459757,0.20614486746697686,0.1427156774771391,0.31714594994919515,0.4440043299288733,0.396432437436494,0.5074335199187123,0.6977210898882354,0.6818637923907696,1.1892973123094819,1.125868122319643,1.3954421797764587,1.3320129897866197,1.31615569228916,1.5223005597561368,1.7443027247205733,1.8711611047002517,2.1565924596545463,2.711597872065619,2.9811719295224344,2.63231138457832,3.06045841700976,3.4410335569487676,3.5520346394309863,3.663035721913204,3.805751399390342,3.9326097793700203,4.249755729319215,3.996038969359859,4.7413319517404675,4.868190331720189,4.202183836826836,5.090192496684582,4.440043299288733,4.440043299288694,5.090192496684582,4.202183836826836,4.868190331720232,4.7413319517404675,3.996038969359859,4.249755729319215,3.9326097793700203,3.805751399390342,3.663035721913204,3.552034639431049,3.4410335569487676,3.060458417009733,2.63231138457832,2.9811719295224344,2.711597872065619,2.156592459654527,1.8711611047002517,1.7443027247205733,1.5223005597561368,1.31615569228916,1.3320129897866197,1.3954421797764587,1.125868122319643,1.1892973123094819,0.6818637923907696,0.6977210898882293,0.5074335199187123,0.396432437436494,0.4440043299288811,0.31714594994919515,0.14271567747713781,0.20614486746697686,0.15857297497459757,0.12685837997967808,0.14271567747713781,0.12685837997967808,0.09514378498475855,0.047571892492379274,0.01585729749745976,0.01585729749745976,0.03171459499491952,0.031714594994920076,0.03171459499491952,0.0,0.0,0.01585729749745976,0.0,0.0,0.03171459499491952,0.5,0.08332050717548421
1.01,expected,0.4,False,False,100,100,normal,0.3,2.0,1.2,1.0,0.3,0.1685099276720439,0.175139729118603,0.18176953056516215,0.18839933201172127,0.19502913345828038,0.2016589349048395,0.20828873635139863,0.21491853779795775,0.2215483392445169,0.228178140691076,0.23480794213763512,0.24143774358419423,0.24806754503075337,0.25469734647731246,0.2613271479238716,0.26795694937043074,0.27458675081698986,0.28121655226354897,0.2878463537101081,0.29447615515666725,0.30110595660322637,0.3077357580497855,0.3143655594963446,0.3209953609429037,0.3276251623894628,0.33425496383602193,0.34088476528258105,0.34751456672914016,0.35414436817569933,0.36077416962225844,0.36740397106881756,0.37403377251537673,0.38066357396193584,0.38729337540849496,0.39392317685505407,0.4005529783016132,0.4071827797481723,0.4138125811947314,0.4204423826412905,0.42707218408784964,0.43370198553440875,0.44033178698096787,0.4469615884275271,0.4535913898740862,0.4602211913206453,0.46685099276720443,0.47348079421376355,0.48011059566032266,0.4867403971068818,0.4933701985534409,0.5,0.5066298014465591,0.5132596028931182,0.5198894043396773,0.5265192057862365,0.5331490072327957,0.5397788086793548,0.5464086101259139,0.553038411572473,0.5596682130190321,0.5662980144655912,0.5729278159121504,0.5795576173587095,0.5861874188052686,0.5928172202518277,0.5994470216983868,0.6060768231449459,0.612706624591505,0.6193364260380643,0.6259662274846234,0.6325960289311825,0.6392258303777416,0.6458556318243007,0.6524854332708598,0.659115234717419,0.6657450361639781,0.6723748376105372,0.6790046390570963,0.6856344405036554,0.6922642419502145,0.6988940433967736,0.7055238448433327,0.7121536462898919,0.718783447736451,0.7254132491830102,0.7320430506295693,0.7386728520761284,0.7453026535226875,0.7519324549692467,0.7585622564158058,0.7651920578623649,0.771821859308924,0.7784516607554831,0.7850814622020422,0.7917112636486013,0.7983410650951605,0.8049708665417197,0.8116006679882788,0.8182304694348379,0.824860270881397,0.8314900723279561,0.015083407973235805,0.0,0.0,0.015083407973235805,0.0,0.0,0.045250223919707414,0.0,0.0,0.0,0.015083407973235805,0.04525022391970722,0.10558385581265106,0.07541703986617838,0.07541703986617902,0.13575067175912223,0.09050044783941483,0.25641793554500864,0.1357506717591211,0.28658475149148027,0.3921686073041309,0.48266905514354574,0.5128358710900173,0.6033363189294322,0.6787533587956112,0.5430026870364889,0.8597542544744409,0.9653381102870833,1.2217560458321,1.4480071654306372,1.5837578371897463,1.7496753248953534,1.8401757727347683,2.1870941561191914,1.9155928126009472,2.6546798032895014,2.6546798032895014,2.503845723557143,3.2881829381654053,3.408850201951292,3.6652681374963003,3.318349754111821,3.997103112907488,4.298771272372204,4.31385468034544,4.630606247783392,4.540105799943977,4.570272615890449,4.4043551281848545,4.8870241833284,4.8870241833284,4.4043551281848545,4.570272615890449,4.540105799943977,4.630606247783314,4.31385468034544,4.298771272372204,3.997103112907488,3.318349754111877,3.6652681374963003,3.408850201951292,3.2881829381654053,2.503845723557143,2.6546798032895014,2.6546798032895014,1.9155928126009472,2.1870941561191914,1.8401757727347372,1.7496753248953534,1.5837578371897594,1.4480071654306372,1.2217560458321,0.9653381102870915,0.8597542544744409,0.5430026870364889,0.6787533587956112,0.6033363189294322,0.5128358710900173,0.48266905514354574,0.3921686073041309,0.28658475149148027,0.13575067175912223,0.25641793554500864,0.0905004478394133,0.13575067175912223,0.07541703986617902,0.07541703986617902,0.10558385581265063,0.045250223919707414,0.015083407973235805,0.0,0.0,0.0,0.045250223919707414,0.0,0.0,0.015083407973235805,0.0,0.0,0.015083407973235805,0.5,0.08472347108784503
1.01,expected,0.4,False,False,100,100,normal,0.3,2.0,1.2,1.0,0.4,0.19898357331095834,0.20500390184473918,0.21102423037852,0.21704455891230084,0.22306488744608166,0.2290852159798625,0.23510554451364335,0.24112587304742417,0.24714620158120498,0.2531665301149858,0.25918685864876667,0.2652071871825475,0.2712275157163283,0.2772478442501092,0.28326817278389,0.2892885013176708,0.2953088298514517,0.3013291583852325,0.3073494869190133,0.31336981545279413,0.31939014398657495,0.3254104725203558,0.33143080105413664,0.33745112958791745,0.3434714581216983,0.34949178665547914,0.35551211518925996,0.36153244372304083,0.36755277225682165,0.37357310079060246,0.37959342932438334,0.3856137578581641,0.39163408639194497,0.39765441492572584,0.4036747434595066,0.4096950719932875,0.4157154005270683,0.4217357290608491,0.42775605759463,0.4337763861284108,0.4397967146621916,0.4458170431959725,0.4518373717297533,0.4578577002635341,0.46387802879731493,0.4698983573310958,0.4759186858648766,0.48193901439865744,0.4879593429324383,0.49397967146621913,0.49999999999999994,0.5060203285337808,0.5120406570675616,0.5180609856013425,0.5240813141351233,0.530101642668904,0.536121971202685,0.5421422997364658,0.5481626282702465,0.5541829568040275,0.5602032853378083,0.566223613871589,0.5722439424053699,0.5782642709391508,0.5842845994729315,0.5903049280067124,0.5963252565404933,0.602345585074274,0.6083659136080549,0.6143862421418358,0.6204065706756166,0.6264268992093974,0.6324472277431783,0.6384675562769591,0.6444878848107399,0.6505082133445208,0.6565285418783016,0.6625488704120824,0.6685691989458633,0.6745895274796441,0.6806098560134248,0.6866301845472058,0.6926505130809866,0.6986708416147673,0.7046911701485483,0.7107114986823291,0.7167318272161098,0.7227521557498908,0.7287724842836716,0.7347928128174523,0.7408131413512333,0.7468334698850141,0.7528537984187949,0.7588741269525758,0.7648944554863566,0.7709147840201374,0.7769351125539183,0.7829554410876991,0.7889757696214799,0.7949960981552606,0.8010164266890416,0.03322077838074352,0.016610389190371836,0.0,0.03322077838074367,0.01661038919037176,0.01661038919037176,0.0,0.06644155676148734,0.09966233514223102,0.03322077838074337,0.04983116757111551,0.16610389190371835,0.11627272433260177,0.14949350271334652,0.23254544866520568,0.1993246702844602,0.3322077838074367,0.3322077838074367,0.3654285621881804,0.6644155676148734,0.5979740108533806,0.7474675135667326,0.6478051784245016,0.8637402378993274,1.0298441298030538,1.1295064649452848,1.1793376325163896,1.3952726919912342,1.4284934703719778,1.57798697308531,2.059688259606127,2.059688259606089,2.5912207136979823,2.1925713731291028,2.773934994792071,2.5912207136980063,2.7905453839824683,2.8237661623631864,3.5878440651203163,3.720727178643291,4.102766130021806,3.637675232691432,3.8868310705470095,4.335311578687049,4.05293496245069,4.368532357067793,4.617688194923371,4.484805081400355,4.551246638161883,4.302090800306305,4.302090800306305,4.5512466381618415,4.484805081400355,4.617688194923413,4.368532357067833,4.052934962450617,4.335311578687089,3.886831070547045,3.6376752326913318,4.102766130021881,3.720727178643326,3.5878440651202834,2.8237661623631864,2.790545383982494,2.5912207136979823,2.773934994792071,2.1925713731291028,2.5912207136979823,2.059688259606089,2.059688259606127,1.57798697308531,1.4284934703719647,1.395272691991247,1.1793376325163896,1.1295064649452744,1.0298441298030634,0.8637402378993274,0.6478051784244956,0.7474675135667395,0.5979740108533916,0.6644155676148551,0.36542856218818376,0.33220778380743976,0.33220778380742755,0.19932467028446388,0.23254544866520788,0.14949350271334239,0.11627272433260394,0.16610389190371988,0.04983116757111413,0.03322077838074398,0.09966233514223194,0.0664415567614855,0.0,0.01661038919037199,0.016610389190371375,0.03322077838074398,0.0,0.01661038919037199,0.03322077838074275,0.5,0.08621907733466005
1.01,expected,0.4,False,False,100,100,normal,0.3,2.0,1.2,1.25,0.1,0.18691392929569708,0.19317565070978315,0.1994373721238692,0.20569909353795526,0.2119608149520413,0.21822253636612737,0.22448425778021341,0.23074597919429948,0.23700770060838555,0.2432694220224716,0.24953114343655766,0.25579286485064373,0.26205458626472977,0.2683163076788158,0.2745780290929019,0.28083975050698795,0.287101471921074,0.29336319333516003,0.29962491474924613,0.30588663616333217,0.3121483575774182,0.3184100789915043,0.32467180040559035,0.3309335218196764,0.3371952432337625,0.34345696464784853,0.34971868606193457,0.35598040747602067,0.3622421288901067,0.36850385030419275,0.37476557171827884,0.38102729313236483,0.3872890145464509,0.393550735960537,0.399812457374623,0.4060741787887091,0.41233590020279515,0.4185976216168812,0.4248593430309673,0.4311210644450533,0.43738278585913937,0.44364450727322546,0.44990622868731145,0.45616795010139755,0.46242967151548364,0.46869139292956963,0.4749531143436557,0.4812148357577418,0.4874765571718278,0.4937382785859139,0.5,0.506261721414086,0.5125234428281721,0.5187851642422582,0.5250468856563442,0.5313086070704303,0.5375703284845164,0.5438320498986023,0.5500937713126884,0.5563554927267745,0.5626172141408605,0.5688789355549466,0.5751406569690326,0.5814023783831187,0.5876640997972048,0.5939258212112908,0.6001875426253769,0.606449264039463,0.612710985453549,0.6189727068676351,0.6252344282817212,0.6314961496958071,0.6377578711098932,0.6440195925239793,0.6502813139380653,0.6565430353521514,0.6628047567662375,0.6690664781803235,0.6753281995944096,0.6815899210084956,0.6878516424225817,0.6941133638366678,0.7003750852507538,0.7066368066648399,0.7128985280789258,0.7191602494930119,0.725421970907098,0.731683692321184,0.7379454137352701,0.7442071351493562,0.7504688565634422,0.7567305779775283,0.7629922993916144,0.7692540208057004,0.7755157422197865,0.7817774636338726,0.7880391850479586,0.7943009064620447,0.8005626278761308,0.8068243492902167,0.8130860707043028,0.015970049350174664,0.0,0.0,0.0,0.015970049350174664,0.0,0.0,0.0,0.015970049350174733,0.0,0.06388019740069865,0.0479101480505242,0.031940098700349466,0.06388019740069838,0.0479101480505242,0.1437304441515726,0.0958202961010484,0.2555207896027935,0.15970049350174734,0.1916405922020968,0.511041579205587,0.35134108570384415,0.35134108570384415,0.5270116285557616,0.8943227636097852,0.8623826649094357,0.9102928129599519,0.9582029610104841,1.197753701263105,1.4053643428153642,1.5011846389164385,1.7407353791690308,1.9483460207213004,2.044166316822384,2.315657155775316,2.2677470077248123,2.842668784331103,3.1780398206847438,3.5932611037893154,3.6092311531394903,3.9126620907927756,4.232063077796342,3.800871745341553,4.822954903752727,4.375793521947916,4.51952396609941,4.791014805052378,4.775044755702289,5.254146236207441,5.206236088156917,5.206236088157009,5.254146236207441,4.775044755702203,4.791014805052463,4.51952396609941,4.3757935219478385,4.822954903752812,3.800871745341553,4.232063077796267,3.9126620907928444,3.6092311531394583,3.593261103789347,3.1780398206847438,2.8426687843310776,2.2677470077248323,2.315657155775316,2.044166316822348,1.948346020721335,1.7407353791690308,1.5011846389164116,1.4053643428153892,1.1977537012630946,0.9582029610104755,0.9102928129599679,0.862382664909428,0.8943227636097772,0.527011628555771,0.35134108570384104,0.3513410857038473,0.511041579205587,0.19164059220209512,0.15970049350174878,0.2555207896027935,0.09582029610104925,0.14373044415157132,0.04791014805052378,0.0638801974006995,0.03194009870034919,0.04791014805052378,0.0638801974006995,0.0,0.015970049350174594,0.0,0.0,0.0,0.015970049350174875,0.0,0.0,0.0,0.015970049350174594,0.5,0.07854811897562256
1.01,expected,0.4,False,False,100,100,normal,0.3,2.0,1.2,1.25,0.2,0.22642938932884496,0.23190080154226805,0.23737221375569117,0.24284362596911427,0.24831503818253736,0.2537864503959605,0.25925786260938355,0.26472927482280667,0.2702006870362298,0.27567209924965286,0.281143511463076,0.2866149236764991,0.29208633588992217,0.2975577481033453,0.3030291603167684,0.3085005725301915,0.3139719847436146,0.3194433969570377,0.3249148091704608,0.3303862213838839,0.33585763359730697,0.3413290458107301,0.34680045802415316,0.3522718702375763,0.3577432824509994,0.36321469466442247,0.3686861068778456,0.3741575190912687,0.3796289313046918,0.3851003435181149,0.390571755731538,0.3960431679449611,0.4015145801583842,0.4069859923718073,0.4124574045852304,0.4179288167986535,0.42340022901207663,0.4288716412254997,0.4343430534389228,0.43981446565234594,0.445285877865769,0.45075729007919213,0.45622870229261525,0.4617001145060383,0.4671715267194614,0.47264293893288456,0.4781143511463076,0.4835857633597307,0.48905717557315387,0.49452858778657693,0.5,0.5054714122134232,0.5109428244268462,0.5164142366402693,0.5218856488536925,0.5273570610671156,0.5328284732805386,0.5382998854939618,0.5437712977073849,0.5492427099208079,0.554714122134231,0.5601855343476542,0.5656569465610772,0.5711283587745003,0.5765997709879235,0.5820711832013465,0.5875425954147696,0.5930140076281928,0.5984854198416159,0.6039568320550389,0.6094282442684621,0.6148996564818852,0.6203710686953082,0.6258424809087314,0.6313138931221545,0.6367853053355775,0.6422567175490007,0.6477281297624238,0.6531995419758468,0.65867095418927,0.6641423664026931,0.6696137786161162,0.6750851908295393,0.6805566030429624,0.6860280152563855,0.6914994274698085,0.6969708396832317,0.7024422518966548,0.7079136641100778,0.713385076323501,0.7188564885369241,0.7243279007503471,0.7297993129637702,0.7352707251771934,0.7407421373906165,0.7462135496040395,0.7516849618174627,0.7571563740308858,0.7626277862443088,0.768099198457732,0.7735706106711551,0.03655363408908163,0.0,0.0,0.054830451133622456,0.018276817044540726,0.10966090226724545,0.0731072681781629,0.09138408522270362,0.01827681704454091,0.1644913534008665,0.21932180453448868,0.07310726817816364,0.18276817044540725,0.25587543862357015,0.1644913534008682,0.34725952384627373,0.25587543862357015,0.3472595238462773,0.5483045113362217,0.5665813283807682,0.4569204261135182,0.6579654136034728,0.8041799499597919,0.9686713033606584,1.3524844612960274,1.0052249374497397,1.1697162908506065,1.5718062658305183,1.6814671680977467,1.736297619231369,2.083557143077664,2.595308020324783,2.4490934839684573,2.4125398498794004,2.8694602759928935,3.052228446438301,3.5274256895963956,3.3629343361954933,3.4360416043736564,4.313328822511655,4.167114286155286,4.624034712268804,4.4229897247789,4.20366792024441,4.40471290773427,4.916463784981505,4.660588346357932,5.154062406560432,5.007847870204209,4.788526065669719,4.788526065669621,5.007847870204209,5.154062406560537,4.660588346357838,4.916463784981505,4.40471290773436,4.203667920244325,4.4229897247789,4.62403471226885,4.167114286155328,4.313328822511568,3.4360416043736914,3.3629343361955275,3.527425689596324,3.052228446438332,2.869460275992923,2.412539849879351,2.449093483968482,2.595308020324809,2.083557143077621,1.7362976192313866,1.6814671680977638,1.5718062658304863,1.1697162908506182,1.00522493744975,1.3524844612959999,0.9686713033606682,0.8041799499598,0.6579654136034595,0.4569204261135228,0.5665813283807682,0.5483045113362162,0.3472595238462773,0.25587543862357276,0.3472595238462773,0.16449135340086488,0.25587543862357276,0.1827681704454091,0.07310726817816215,0.2193218045344909,0.1644913534008682,0.01827681704454091,0.0913840852227027,0.07310726817816364,0.10966090226724545,0.01827681704454054,0.054830451133622726,0.0,0.0,0.03655363408908182,0.5,0.07910044185290872
1.01,expected,0.4,False,False,100,100,normal,0.3,2.0,1.2,1.25,0.3,0.21065256967088397,0.2164395182774663,0.22222646688404862,0.22801341549063092,0.23380036409721325,0.23958731270379557,0.2453742613103779,0.2511612099169602,0.2569481585235425,0.2627351071301249,0.2685220557367072,0.27430900434328953,0.28009595294987183,0.2858829015564541,0.2916698501630365,0.2974567987696188,0.3032437473762011,0.30903069598278343,0.31481764458936573,0.3206045931959481,0.3263915418025304,0.33217849040911274,0.33796543901569503,0.34375238762227733,0.3495393362288597,0.355326284835442,0.3611132334420243,0.36690018204860664,0.372687130655189,0.3784740792617713,0.3842610278683536,0.39004797647493594,0.39583492508151824,0.40162187368810054,0.4074088222946829,0.4131957709012652,0.4189827195078475,0.42476966811442984,0.4305566167210122,0.4363435653275945,0.4421305139341768,0.44791746254075915,0.45370441114734145,0.45949135975392374,0.4652783083605061,0.4710652569670884,0.47685220557367075,0.48263915418025305,0.4884261027868354,0.4942130513934177,0.5,0.5057869486065824,0.5115738972131647,0.517360845819747,0.5231477944263293,0.5289347430329117,0.5347216916394939,0.5405086402460763,0.5462955888526586,0.5520825374592409,0.5578694860658232,0.5636564346724056,0.5694433832789878,0.5752303318855703,0.5810172804921525,0.5868042290987348,0.5925911777053172,0.5983781263118995,0.6041650749184818,0.6099520235250642,0.6157389721316464,0.6215259207382288,0.6273128693448111,0.6330998179513934,0.6388867665579757,0.6446737151645581,0.6504606637711403,0.6562476123777227,0.662034560984305,0.6678215095908873,0.6736084581974696,0.679395406804052,0.6851823554106342,0.6909693040172167,0.6967562526237989,0.7025432012303813,0.7083301498369636,0.7141170984435459,0.7199040470501282,0.7256909956567106,0.7314779442632928,0.7372648928698752,0.7430518414764575,0.7488387900830398,0.7546257386896221,0.7604126872962045,0.7661996359027868,0.7719865845093691,0.7777735331159514,0.7835604817225338,0.789347430329116,0.01728026405595786,0.01728026405595786,0.017280264055957943,0.0,0.03456052811191572,0.03456052811191572,0.0,0.051840792167873836,0.017280264055957777,0.08640132027978972,0.10368158433574667,0.051840792167873836,0.1555223765036215,0.22464343272745113,0.19008290461553737,0.2419236967834112,0.34560528111915556,0.4147263373429907,0.2419236967834089,0.5184079216787383,0.5529684497906489,0.5184079216787383,0.8640132027978973,0.7776118825181,0.6912105622383178,1.1923382198610981,1.08865663552534,1.2268987479730022,1.4169816525885512,1.6934658774838787,1.9872303664351445,2.2637145913304906,2.2291540632185747,2.4710777600019624,2.5747593443377337,3.1968488503522194,2.9030843614009068,3.352371226855809,3.2486896425200937,3.8016580923107473,4.250944957765614,3.9226199407024533,4.665671295108645,4.406467334269233,4.250944957765655,4.492868654549022,4.665671295108645,4.682951559164557,4.942155520003972,5.305041065179089,5.305041065179037,4.942155520003925,4.682951559164648,4.6656712951086,4.492868654549022,4.250944957765696,4.406467334269233,4.6656712951086,3.9226199407024906,4.250944957765614,3.8016580923107113,3.2486896425201244,3.352371226855744,2.9030843614009623,3.19684885035225,2.5747593443376595,2.47107776000201,2.2291540632185534,2.263714591330469,1.987230366435183,1.6934658774838622,1.416981652588538,1.2268987479730258,1.08865663552534,1.1923382198610868,0.6912105622383243,0.7776118825181,0.8640132027978888,0.5184079216787433,0.5529684497906489,0.5184079216787333,0.24192369678341352,0.4147263373429787,0.34560528111916217,0.2419236967834089,0.19008290461553556,0.2246434327274554,0.15552237650362002,0.05184079216787334,0.10368158433574866,0.08640132027978889,0.017280264055957777,0.05184079216787433,0.0,0.03456052811191555,0.03456052811191555,0.0,0.017280264055957777,0.017280264055957777,0.01728026405595811,0.5,0.08051714908079302
1.01,expected,0.4,False,False,100,100,normal,0.3,2.0,1.2,1.25,0.4,0.21497442417786036,0.22067493569430316,0.22637544721074596,0.23207595872718872,0.23777647024363152,0.24347698176007432,0.24917749327651711,0.2548780047929599,0.2605785163094027,0.2662790278258455,0.27197953934228825,0.27768005085873104,0.28338056237517384,0.28908107389161664,0.29478158540805943,0.30048209692450223,0.306182608440945,0.3118831199573878,0.3175836314738306,0.3232841429902734,0.3289846545067162,0.334685166023159,0.3403856775396018,0.3460861890560446,0.3517867005724874,0.35748721208893014,0.36318772360537294,0.36888823512181573,0.37458874663825853,0.3802892581547013,0.38598976967114407,0.39169028118758686,0.39739079270402966,0.40309130422047246,0.40879181573691525,0.41449232725335805,0.42019283876980085,0.42589335028624364,0.43159386180268644,0.43729437331912924,0.44299488483557203,0.44869539635201483,0.4543959078684576,0.4600964193849004,0.4657969309013432,0.471497442417786,0.4771979539342288,0.4828984654506716,0.4885989769671144,0.4942994884835571,0.4999999999999999,0.5057005115164427,0.5114010230328855,0.5171015345493283,0.5228020460657711,0.5285025575822139,0.5342030690986567,0.5399035806150995,0.5456040921315423,0.5513046036479851,0.5570051151644279,0.5627056266808707,0.5684061381973134,0.5741066497137562,0.579807161230199,0.5855076727466418,0.5912081842630846,0.5969086957795274,0.6026092072959702,0.608309718812413,0.6140102303288557,0.6197107418452985,0.6254112533617413,0.6311117648781841,0.6368122763946269,0.6425127879110697,0.6482132994275125,0.6539138109439553,0.6596143224603981,0.6653148339768409,0.6710153454932837,0.6767158570097265,0.6824163685261693,0.6881168800426121,0.6938173915590549,0.6995179030754977,0.7052184145919405,0.7109189261083833,0.716619437624826,0.7223199491412688,0.7280204606577116,0.7337209721741544,0.7394214836905972,0.74512199520704,0.7508225067234828,0.7565230182399256,0.7622235297563684,0.7679240412728111,0.7736245527892539,0.7793250643056967,0.7850255758221395,0.05262685622766787,0.017542285409222622,0.0,0.035084570818445245,0.017542285409222622,0.07016914163689049,0.08771142704611311,0.10525371245533574,0.12279599786455836,0.052626856227668384,0.08771142704611311,0.05262685622766787,0.14033828327378098,0.21050742491067148,0.19296513950144886,0.28067656654756196,0.28067656654756196,0.3859302790028977,0.3859302790028977,0.5788954185043466,0.49118399145823344,0.8595719850519085,0.6139799893227917,0.8244874142334633,1.017452553734922,1.1753331224179158,1.3156714056916967,1.3858405473285873,1.5086365451931456,1.789313111740725,1.824397682559153,2.368208530245054,2.1927856761528277,2.5787159551557255,2.6313428113833934,2.8067656654756195,3.420745654798411,3.2804073715246305,3.5610839380721924,3.648795365118306,4.139979356576538,3.8943873608474218,4.21014849821343,4.385571352305655,4.68379020426244,4.876755343763889,4.560994206397882,4.666247918853218,5.069720483265437,4.771501631308554,4.771501631308554,5.069720483265338,4.666247918853218,4.560994206397882,4.876755343763889,4.68379020426244,4.385571352305655,4.21014849821343,3.8943873608474218,4.139979356576538,3.648795365118306,3.5610839380721924,3.2804073715246305,3.420745654798411,2.8067656654756195,2.6313428113833934,2.5787159551557255,2.1927856761528277,2.368208530245054,1.8243976825591883,1.7893131117407075,1.5086365451931456,1.3858405473285873,1.3156714056916967,1.1753331224179158,1.0174525537349122,0.8244874142334633,0.6139799893227917,0.8595719850519085,0.49118399145823344,0.5788954185043466,0.3859302790028977,0.3859302790028977,0.28067656654756196,0.28067656654756196,0.19296513950144886,0.21050742491067148,0.14033828327378098,0.05262685622766787,0.08771142704611311,0.05262685622766787,0.12279599786455836,0.10525371245533574,0.08771142704611311,0.07016914163689049,0.017542285409222622,0.03508457081844593,0.0,0.017542285409222622,0.05262685622766787,0.5,0.08149912886470449
1.01,expected,0.4,False,False,100,100,normal,0.3,2.0,1.2,1.5,0.1,0.16565172039314188,0.17233868598527904,0.1790256515774162,0.18571261716955337,0.19239958276169053,0.1990865483538277,0.20577351394596485,0.21246047953810202,0.21914744513023918,0.22583441072237634,0.2325213763145135,0.23920834190665066,0.24589530749878782,0.25258227309092496,0.2592692386830622,0.2659562042751993,0.2726431698673365,0.2793301354594736,0.2860171010516108,0.29270406664374793,0.29939103223588515,0.30607799782802225,0.31276496342015947,0.3194519290122966,0.3261388946044338,0.3328258601965709,0.3395128257887081,0.3461997913808452,0.35288675697298244,0.35957372256511955,0.36626068815725676,0.37294765374939387,0.3796346193415311,0.3863215849336682,0.3930085505258054,0.3996955161179425,0.40638248171007973,0.41306944730221684,0.41975641289435406,0.42644337848649116,0.4331303440786284,0.4398173096707655,0.4465042752629027,0.4531912408550398,0.45987820644717703,0.46656517203931414,0.47325213763145135,0.47993910322358846,0.4866260688157257,0.4933130344078628,0.5,0.5066869655921371,0.5133739311842743,0.5200608967764114,0.5267478623685486,0.5334348279606858,0.540121793552823,0.5468087591449601,0.5534957247370973,0.5601826903292344,0.5668696559213716,0.5735566215135087,0.5802435871056459,0.586930552697783,0.5936175182899203,0.6003044838820574,0.6069914494741946,0.6136784150663317,0.6203653806584689,0.627052346250606,0.6337393118427432,0.6404262774348803,0.6471132430270176,0.6538002086191547,0.6604871742112919,0.6671741398034291,0.6738611053955662,0.6805480709877033,0.6872350365798405,0.6939220021719777,0.7006089677641149,0.707295933356252,0.7139828989483892,0.7206698645405264,0.7273568301326635,0.7340437957248006,0.7407307613169378,0.747417726909075,0.7541046925012121,0.7607916580933493,0.7674786236854865,0.7741655892776237,0.7808525548697608,0.7875395204618979,0.7942264860540351,0.8009134516461723,0.8076004172383094,0.8142873828304465,0.8209743484225838,0.827661314014721,0.8343482796068581,0.01495446606119591,0.0,0.0,0.0,0.0,0.0,0.0,0.0,0.0,0.01495446606119591,0.0,0.01495446606119591,0.014954466061195973,0.014954466061195786,0.02990893212239207,0.014954466061195786,0.04486339818358811,0.11963572848956629,0.11963572848956829,0.07477233030597892,0.19440805879554846,0.2243169909179368,0.2990893212239207,0.28413485516271997,0.44863398183588105,0.493497380019461,0.6430420406314296,0.837450099426964,0.852404565488174,0.8972679636717472,1.0767215564061146,1.659945732792732,1.749672529159936,1.8393993255270815,2.0038984522002687,2.0786707825062143,2.7366672891988744,3.155392338912311,3.1703468049735597,3.424572728013835,3.8133888456049885,3.7535709813601423,4.33679515774685,4.531203216542323,4.875155935949907,4.456430886236344,4.97983719837828,5.742514967499182,4.964882732317084,4.7704746735214565,4.770474673521535,4.964882732317001,5.742514967499278,4.979837198378196,4.456430886236419,4.875155935949826,4.531203216542398,4.336795157746778,3.7535709813602045,3.813388845604925,3.424572728013892,3.170346804973507,3.1553923389123635,2.7366672891988286,2.078670782506249,2.0038984522002354,1.8393993255271122,1.749672529159907,1.6599457327927598,1.0767215564060966,0.8972679636717621,0.8524045654881598,0.837450099426978,0.6430420406314188,0.493497380019461,0.44863398183588105,0.2841348551627247,0.2990893212239157,0.2243169909179368,0.19440805879554846,0.07477233030598017,0.11963572848956629,0.11963572848956629,0.04486339818358811,0.014954466061196036,0.029908932122391572,0.014954466061195786,0.014954466061196036,0.014954466061196036,0.0,0.014954466061195786,0.0,0.0,0.0,0.0,0.0,0.0,0.0,0.0,0.014954466061196036,0.5,0.075714220184284
1.01,expected,0.4,False,False,100,100,normal,0.3,2.0,1.2,1.5,0.2,0.20507183389612288,0.21097039721820043,0.21686896054027796,0.22276752386235552,0.22866608718443304,0.2345646505065106,0.24046321382858815,0.24636177715066568,0.2522603404727432,0.25815890379482076,0.2640574671168983,0.26995603043897587,0.27585459376105337,0.2817531570831309,0.2876517204052085,0.29355028372728603,0.2994488470493636,0.3053474103714411,0.31124597369351864,0.3171445370155962,0.32304310033767375,0.3289416636597513,0.3348402269818288,0.3407387903039064,0.3466373536259839,0.35253591694806147,0.358434480270139,0.3643330435922165,0.37023160691429413,0.37613017023637163,0.3820287335584492,0.38792729688052674,0.39382586020260424,0.39972442352468185,0.40562298684675935,0.4115215501688369,0.41742011349091446,0.42331867681299196,0.42921724013506957,0.43511580345714707,0.4410143667792246,0.4469129301013022,0.4528114934233797,0.45871005674545723,0.4646086200675348,0.47050718338961234,0.4764057467116899,0.4823043100337674,0.48820287335584495,0.4941014366779225,0.5,0.5058985633220776,0.5117971266441551,0.5176956899662326,0.5235942532883102,0.5294928166103878,0.5353913799324653,0.5412899432545428,0.5471885065766204,0.5530870698986979,0.5589856332207754,0.564884196542853,0.5707827598649305,0.576681323187008,0.5825798865090857,0.5884784498311633,0.5943770131532408,0.6002755764753183,0.6061741397973959,0.6120727031194734,0.6179712664415509,0.6238698297636285,0.629768393085706,0.6356669564077835,0.6415655197298611,0.6474640830519387,0.6533626463740162,0.6592612096960937,0.6651597730181713,0.6710583363402488,0.6769568996623263,0.6828554629844039,0.6887540263064814,0.6946525896285589,0.7005511529506365,0.7064497162727141,0.7123482795947915,0.7182468429168691,0.7241454062389467,0.7300439695610241,0.7359425328831017,0.7418410962051794,0.747739659527257,0.7536382228493343,0.759536786171412,0.7654353494934896,0.771333912815567,0.7772324761376446,0.7831310394597222,0.7890296027817996,0.7949281661038772,0.016953280746468045,0.0,0.016953280746468045,0.016953280746468125,0.03390656149293609,0.0,0.03390656149293625,0.016953280746468125,0.016953280746468045,0.05085984223940414,0.06781312298587218,0.016953280746468208,0.06781312298587218,0.1864860882111485,0.11867296522527632,0.08476640373234022,0.18648608821115026,0.25429921119702065,0.20343936895761655,0.3390656149293609,0.4068787379152331,0.3899254571687687,0.4577385801546329,0.6103181068728554,0.8307107565769342,0.9663370025486785,1.0850099677739653,1.2206362137456876,1.32235589822452,1.6444682324074005,1.5597018286750604,2.0174404088297164,2.1191600933084858,2.509085550477294,2.542992111970207,2.6108052349560786,3.136356938096618,3.2380766225753663,3.526282395265387,3.1363569380965886,4.2383201866170115,4.2383201866170515,4.611292363039308,3.9501144139270545,4.696058766771649,5.035124381701009,4.763871889757565,5.425049838869774,5.136844066179818,5.6115359270809755,5.61153592708087,5.136844066179866,5.425049838869826,4.7638718897574766,5.035124381700962,4.696058766771693,3.950114413927092,4.611292363039265,4.2383201866170515,4.2383201866170515,3.136356938096559,3.526282395265387,3.238076622575427,3.136356938096559,2.6108052349560547,2.542992111970231,2.509085550477294,2.1191600933084858,2.0174404088297164,1.5597018286750748,1.644468232407385,1.32235589822452,1.2206362137457107,1.0850099677739447,0.9663370025486694,0.830710756576942,0.6103181068728554,0.4577385801546329,0.3899254571687687,0.40687873791523693,0.3390656149293577,0.20343936895761847,0.2542992111970231,0.18648608821114673,0.08476640373233943,0.11867296522527968,0.18648608821114673,0.06781312298587154,0.016953280746468524,0.06781312298587154,0.05085984223940366,0.016953280746467885,0.016953280746468524,0.03390656149293577,0.0,0.03390656149293705,0.016953280746467885,0.016953280746467885,0.0,0.016953280746467885,0.5,0.07670606677055103
1.01,expected,0.4,False,False,100,100,normal,0.3,2.0,1.2,1.5,0.3,0.2275100549856374,0.23295985388592463,0.2384096527862119,0.24385945168649914,0.2493092505867864,0.2547590494870737,0.2602088483873609,0.26565864728764815,0.2711084461879354,0.2765582450882227,0.2820080439885099,0.28745784288879717,0.2929076417890844,0.29835744068937164,0.30380723958965894,0.3092570384899462,0.3147068373902334,0.3201566362905207,0.32560643519080795,0.3310562340910952,0.33650603299138243,0.34195583189166967,0.34740563079195697,0.3528554296922442,0.35830522859253144,0.36375502749281874,0.3692048263931059,0.3746546252933932,0.38010442419368046,0.3855542230939677,0.391004021994255,0.39645382089454223,0.40190361979482947,0.4073534186951167,0.41280321759540395,0.41825301649569124,0.4237028153959785,0.4291526142962657,0.434602413196553,0.4400522120968402,0.4455020109971275,0.45095180989741473,0.456401608797702,0.46185140769798927,0.4673012065982765,0.47275100549856375,0.47820080439885104,0.4836506032991382,0.4891004021994255,0.4945502010997127,0.5,0.5054497989002873,0.5108995978005745,0.5163493967008618,0.5217991956011491,0.5272489945014363,0.5326987934017235,0.5381485923020107,0.543598391202298,0.5490481901025853,0.5544979890028725,0.5599477879031598,0.5653975868034471,0.5708473857037343,0.5762971846040216,0.5817469835043088,0.587196782404596,0.5926465813048833,0.5980963802051705,0.6035461791054578,0.608995978005745,0.6144457769060323,0.6198955758063196,0.6253453747066068,0.6307951736068941,0.6362449725071814,0.6416947714074686,0.6471445703077559,0.652594369208043,0.6580441681083303,0.6634939670086176,0.6689437659089048,0.6743935648091921,0.6798433637094793,0.6852931626097666,0.6907429615100539,0.6961927604103411,0.7016425593106284,0.7070923582109157,0.7125421571112028,0.7179919560114901,0.7234417549117773,0.7288915538120646,0.7343413527123518,0.7397911516126391,0.7452409505129264,0.7506907494132136,0.7561405483135009,0.761590347213788,0.7670401461140753,0.7724899450143626,0.01834930092461382,0.03669860184922745,0.0,0.018349300924613725,0.018349300924613725,0.01834930092461382,0.01834930092461382,0.09174650462306909,0.05504790277384088,0.09174650462306909,0.07339720369845527,0.14679440739691055,0.16514370832152436,0.14679440739690905,0.25689021294459347,0.403684620341504,0.4036846203414998,0.36698601849227636,0.4220339212661178,0.4220339212661178,0.5688283286630283,0.6422255323614771,0.8257185416076218,0.7523213379091666,1.082608754552204,1.2844510647229803,1.2477524628737269,1.5596905785921744,1.596389180441402,1.8165807915367491,2.0551217035567477,2.220265411878272,2.073471004481361,2.935888147938211,3.3028741664304535,3.1377304581089627,3.523065777525853,2.954237448862794,3.8533531941689407,3.8350038932442483,4.42218152283193,4.18364061081195,3.7249080876965666,4.385482920982702,4.605674532078067,4.679071735776476,5.357995869987289,5.101105657042589,5.431393073685745,5.4130437727610206,5.4130437727610206,5.431393073685745,5.101105657042589,5.35799586998718,4.679071735776571,4.605674532078021,4.385482920982747,3.7249080876965666,4.183640610811907,4.422181522831975,3.8350038932442483,3.853353194168862,2.9542374488628544,3.5230657775258165,3.1377304581089946,3.3028741664304535,2.9358881479381806,2.0734710044813824,2.220265411878249,2.055121703556768,1.8165807915367491,1.5963891804413857,1.5596905785921902,1.2477524628737269,1.2844510647229541,1.082608754552226,0.7523213379091588,0.8257185416076301,0.6422255323614771,0.5688283286630225,0.42203392126612205,0.4220339212661135,0.3669860184922801,0.4036846203414998,0.4036846203414998,0.256890212944596,0.14679440739690905,0.16514370832152267,0.14679440739691202,0.07339720369845452,0.09174650462307002,0.05504790277384088,0.09174650462307002,0.01834930092461363,0.01834930092461363,0.018349300924614002,0.01834930092461363,0.0,0.03669860184922726,0.01834930092461363,0.5,0.07727223747060344
1.01,expected,0.4,False,False,100,100,normal,0.3,2.0,1.2,1.5,0.4,0.20568786083159565,0.21157410361496373,0.21746034639833184,0.22334658918169992,0.229232831965068,0.23511907474843607,0.24100531753180418,0.24689156031517226,0.25277780309854037,0.25866404588190844,0.2645502886652765,0.2704365314486446,0.2763227742320127,0.2822090170153808,0.2880952597987489,0.29398150258211697,0.29986774536548505,0.30575398814885313,0.3116402309322212,0.3175264737155893,0.3234127164989574,0.3292989592823255,0.3351852020656936,0.34107144484906166,0.34695768763242973,0.35284393041579787,0.3587301731991659,0.364616415982534,0.3705026587659021,0.3763889015492702,0.38227514433263826,0.38816138711600634,0.3940476298993745,0.3999338726827425,0.40582011546611063,0.4117063582494787,0.4175926010328468,0.4234788438162149,0.42936508659958295,0.4352513293829511,0.4411375721663191,0.44702381494968724,0.4529100577330553,0.4587963005164234,0.46468254329979153,0.47056878608315955,0.4764550288665277,0.4823412716498957,0.48822751443326384,0.494113757216632,0.5,0.5058862427833681,0.5117724855667362,0.5176587283501043,0.5235449711334723,0.5294312139168404,0.5353174567002086,0.5412036994835766,0.5470899422669447,0.5529761850503128,0.5588624278336809,0.564748670617049,0.570634913400417,0.5765211561837852,0.5824073989671532,0.5882936417505213,0.5941798845338894,0.6000661273172575,0.6059523701006256,0.6118386128839937,0.6177248556673618,0.6236110984507298,0.629497341234098,0.635383584017466,0.6412698268008341,0.6471560695842022,0.6530423123675703,0.6589285551509384,0.6648147979343064,0.6707010407176746,0.6765872835010426,0.6824735262844107,0.6883597690677788,0.6942460118511469,0.700132254634515,0.706018497417883,0.7119047402012512,0.7177909829846192,0.7236772257679873,0.7295634685513553,0.7354497113347235,0.7413359541180916,0.7472221969014596,0.7531084396848278,0.7589946824681958,0.7648809252515639,0.7707671680349321,0.7766534108183001,0.7825396536016682,0.7884258963850362,0.7943121391684044,0.01698876578495128,0.033977531569902394,0.0,0.01698876578495128,0.03397753156990256,0.016988765784951197,0.01698876578495128,0.016988765784951197,0.01698876578495128,0.03397753156990256,0.01698876578495128,0.05096629735485384,0.11892136049465782,0.06795506313980512,0.1528988920645615,0.20386518941941537,0.2548314867742692,0.3397753156990256,0.2718202525592205,0.4586966761936802,0.4756854419786358,0.7644944603228075,0.543640505118441,0.6795506313980512,0.7644944603228004,0.8834158208174749,1.0193259470970673,1.3081349654412484,1.3251237312261996,1.579955218000469,1.9706968310543485,1.885753002129574,2.4124047414631042,2.140584488903841,2.3954159756781306,3.1938879675708405,3.414741922775175,3.091955372861162,3.771506004259148,3.516674517484948,3.8224723016140016,4.213213914667918,4.24719144623782,4.688899356646509,4.756854419786403,4.773843185571264,4.960719609205821,4.485034167227095,4.70588812243146,5.0116859065606745,5.01168590656058,4.705888122431549,4.485034167227095,4.960719609205821,4.773843185571264,4.756854419786314,4.688899356646597,4.24719144623778,4.213213914667957,3.8224723016140016,3.5166745174848817,3.7715060042592197,3.091955372861104,3.414741922775239,3.1938879675708103,2.395415975678153,2.140584488903841,2.412404741463059,1.8857530021296098,1.97069683105433,1.5799552180004839,1.3251237312261874,1.3081349654412608,1.0193259470970673,0.8834158208174582,0.7644944603228148,0.6795506313980448,0.5436405051184461,0.7644944603228004,0.4756854419786403,0.4586966761936802,0.2718202525592179,0.3397753156990288,0.2548314867742668,0.20386518941941725,0.15289889206456006,0.06795506313980576,0.11892136049465782,0.05096629735485431,0.016988765784951117,0.033977531569902235,0.01698876578495144,0.016988765784951117,0.01698876578495144,0.016988765784951117,0.033977531569902235,0.01698876578495144,0.0,0.03397753156990288,0.016988765784951117,0.5,0.07916961165296642
