pct_total,game_mode,win_value_underdog,blind_combo_0,blind_combo_1,level_0,level_1,lognormal,pct_high_mean,high_low_ratio_mean,high_low_ratio_variance,mean_variance_ratio,pct_high_sigma,0,1,2,3,4,5,6,7,8,9,10,11,12,13,14,15,16,17,18,19,20,21,22,23,24,25,26,27,28,29,30,31,32,33,34,35,36,37,38,39,40,41,42,43,44,45,46,47,48,49,50,51,52,53,54,55,56,57,58,59,60,61,62,63,64,65,66,67,68,69,70,71,72,73,74,75,76,77,78,79,80,81,82,83,84,85,86,87,88,89,90,91,92,93,94,95,96,97,98,99,100,101,102,103,104,105,106,107,108,109,110,111,112,113,114,115,116,117,118,119,120,121,122,123,124,125,126,127,128,129,130,131,132,133,134,135,136,137,138,139,140,141,142,143,144,145,146,147,148,149,150,151,152,153,154,155,156,157,158,159,160,161,162,163,164,165,166,167,168,169,170,171,172,173,174,175,176,177,178,179,180,181,182,183,184,185,186,187,188,189,190,191,192,193,194,195,196,197,198,199,200,mean,std
1,expected,0.25,False,False,100,100,normal,0.4,1.6,1.6,0.5,0.1,0.18981266874731134,0.1960164153723651,0.20222016199741888,0.20842390862247268,0.21462765524752644,0.2208314018725802,0.22703514849763398,0.23323889512268775,0.23944264174774155,0.24564638837279532,0.2518501349978491,0.2580538816229029,0.2642576282479566,0.2704613748730104,0.27666512149806416,0.28286886812311796,0.2890726147481717,0.2952763613732255,0.3014801079982793,0.30768385462333303,0.3138876012483868,0.3200913478734406,0.32629509449849436,0.3324988411235481,0.3387025877486019,0.3449063343736557,0.35111008099870944,0.35731382762376324,0.36351757424881703,0.3697213208738708,0.37592506749892457,0.38212881412397837,0.3883325607490321,0.39453630737408585,0.40074005399913964,0.40694380062419344,0.4131475472492472,0.419351293874301,0.4255550404993548,0.4317587871244085,0.4379625337494623,0.44416628037451605,0.45037002699956985,0.45657377362462365,0.4627775202496774,0.4689812668747312,0.4751850134997849,0.4813887601248387,0.48759250674989246,0.49379625337494626,0.5,0.5062037466250537,0.5124074932501076,0.5186112398751613,0.5248149865002152,0.5310187331252689,0.5372224797503227,0.5434262263753764,0.5496299730004301,0.555833719625484,0.5620374662505379,0.5682412128755916,0.5744449595006453,0.5806487061256991,0.5868524527507528,0.5930561993758067,0.5992599460008604,0.6054636926259143,0.611667439250968,0.6178711858760217,0.6240749325010755,0.6302786791261292,0.6364824257511831,0.6426861723762368,0.6488899190012907,0.6550936656263444,0.6612974122513982,0.6675011588764519,0.6737049055015056,0.6799086521265595,0.6861123987516133,0.6923161453766671,0.6985198920017208,0.7047236386267746,0.7109273852518283,0.717131131876882,0.723334878501936,0.7295386251269897,0.7357423717520435,0.7419461183770972,0.748149865002151,0.7543536116272047,0.7605573582522585,0.7667611048773124,0.7729648515023662,0.7791685981274199,0.7853723447524736,0.7915760913775274,0.7977798380025811,0.8039835846276349,0.8101873312526887,0.032238582922181576,0.0,0.0,0.0,0.016119291461090788,0.032238582922181576,0.016119291461090788,0.03223858292218143,0.06447716584436315,0.032238582922181576,0.06447716584436286,0.17731220607199943,0.09671574876654429,0.12895433168872686,0.16119291461090715,0.225670080455272,0.14507362314981642,0.3062665377607236,0.29014724629963545,0.3707437036050864,0.46745945237163067,0.6286523669825435,0.6447716584436344,0.8865610303599893,0.7253681157490821,0.8865610303599973,1.1605889851985314,0.9993960705876244,1.3379011912705414,1.5313326888036178,1.8375992265643413,2.2083429301694477,2.1761043472472656,2.2083429301694277,2.1277464728639743,2.9981882117628995,3.111023251990508,3.111023251990508,3.3689319153679893,3.4817669555955946,3.7235563275119885,3.804152784817409,4.1104193225781325,4.593998066410895,4.142657905500314,4.642355940794167,4.287731528650131,4.3038508201112595,4.368327985955584,4.529520900566531,4.529520900566531,4.368327985955545,4.3038508201112595,4.287731528650092,4.642355940794167,4.142657905500351,4.593998066410895,4.110419322578169,3.804152784817375,3.723556327511922,3.4817669555956257,3.3689319153679893,3.1110232519905354,3.1110232519905354,2.9981882117628462,2.1277464728639934,2.208342930169408,2.1761043472472656,2.2083429301694477,1.8375992265643577,1.5313326888036316,1.3379011912705172,0.9993960705876332,1.160588985198521,0.8865610303599973,0.7253681157490887,0.8865610303599973,0.6447716584436344,0.6286523669825322,0.4674594523716265,0.37074370360508974,0.29014724629963545,0.3062665377607263,0.14507362314981773,0.225670080455272,0.16119291461090282,0.12895433168872686,0.09671574876654515,0.17731220607199943,0.06447716584436343,0.032238582922181715,0.06447716584436343,0.03223858292218056,0.016119291461090857,0.032238582922181715,0.016119291461090857,0.0,0.0,0.0,0.03223858292218114,0.5,0.08518632305988184
1,expected,0.25,False,False,100,100,normal,0.4,1.6,1.6,0.5,0.2,0.16409479486743084,0.17081289897008223,0.17753100307273362,0.18424910717538498,0.19096721127803637,0.19768531538068776,0.20440341948333912,0.2111215235859905,0.2178396276886419,0.2245577317912933,0.23127583589394468,0.23799393999659604,0.24471204409924743,0.2514301482018988,0.2581482523045502,0.2648663564072016,0.27158446050985297,0.27830256461250436,0.28502066871515574,0.29173877281780713,0.2984568769204585,0.3051749810231099,0.31189308512576125,0.31861118922841264,0.32532929333106403,0.3320473974337154,0.3387655015363668,0.34548360563901814,0.35220170974166953,0.3589198138443209,0.3656379179469723,0.3723560220496237,0.3790741261522751,0.3857922302549265,0.3925103343575779,0.39922843846022926,0.40594654256288065,0.41266464666553204,0.4193827507681834,0.42610085487083477,0.43281895897348616,0.43953706307613755,0.44625516717878894,0.4529732712814403,0.45969137538409166,0.46640947948674305,0.47312758358939444,0.47984568769204583,0.4865637917946972,0.4932818958973486,0.5,0.5067181041026514,0.5134362082053028,0.5201543123079542,0.5268724164106056,0.533590520513257,0.5403086246159083,0.5470267287185597,0.5537448328212111,0.5604629369238625,0.5671810410265138,0.5738991451291652,0.5806172492318166,0.587335353334468,0.5940534574371193,0.6007715615397707,0.6074896656424221,0.6142077697450735,0.6209258738477249,0.6276439779503762,0.6343620820530276,0.641080186155679,0.6477982902583304,0.6545163943609817,0.6612344984636331,0.6679526025662845,0.6746707066689359,0.6813888107715873,0.6881069148742387,0.6948250189768901,0.7015431230795415,0.7082612271821929,0.7149793312848443,0.7216974353874956,0.728415539490147,0.7351336435927984,0.7418517476954498,0.7485698517981012,0.7552879559007525,0.7620060600034039,0.7687241641060553,0.7754422682087067,0.782160372311358,0.7888784764140094,0.7955965805166608,0.8023146846193122,0.8090327887219636,0.815750892824615,0.8224689969272664,0.8291871010299178,0.8359052051325692,0.014885151892858233,0.0,0.0,0.014885151892858233,0.014885151892858233,0.02977030378571659,0.0,0.0,0.014885151892858233,0.029770303785716466,0.05954060757143318,0.014885151892858233,0.08931091135714977,0.05954060757143293,0.1339663670357241,0.11908121514286586,0.19350697460715702,0.1339663670357241,0.25304758217858997,0.1786218227142988,0.3125881897500229,0.3423584935357422,0.4167842530000305,0.6251763795000458,0.7442575946429116,0.9377645692500688,0.7591427465357762,1.0717309362857927,1.3247785184643828,1.5778261006429728,1.5034003411786816,1.5034003411786816,1.5927112525358311,2.2625430877144512,2.307198543393026,2.054150961214436,2.8430640115359225,3.2300779607502634,2.9472600747859303,3.6468622137502673,3.7957137326788493,3.780828580785991,3.6170919099645507,3.840369188357456,4.5250861754289025,4.093416770536015,4.614397086786052,4.242268289464596,4.391119808393179,4.167842530000305,4.167842530000305,4.391119808393179,4.242268289464596,4.614397086786052,4.093416770536015,4.5250861754289025,3.840369188357424,3.6170919099645507,3.780828580785991,3.7957137326789123,3.6468622137502673,2.9472600747859303,3.2300779607502363,2.8430640115359225,2.054150961214436,2.307198543393026,2.2625430877144512,1.5927112525358311,1.5034003411787065,1.5034003411786816,1.5778261006429728,1.3247785184643828,1.0717309362857927,0.75914274653577,0.9377645692500688,0.7442575946429116,0.6251763795000458,0.4167842530000305,0.3423584935357393,0.3125881897500229,0.1786218227142988,0.25304758217858997,0.1339663670357241,0.19350697460715702,0.11908121514286586,0.1339663670357241,0.05954060757143293,0.08931091135715087,0.014885151892858233,0.05954060757143293,0.029770303785716466,0.014885151892858233,0.0,0.0,0.029770303785716466,0.014885151892858233,0.014885151892858233,0.0,0.0,0.014885151892858233,0.5,0.08708448809506347
1,expected,0.25,False,False,100,100,normal,0.4,1.6,1.6,0.5,0.3,0.19457894269356982,0.20068736383969843,0.206795784985827,0.21290420613195563,0.21901262727808424,0.22512104842421282,0.23122946957034143,0.23733789071647005,0.24344631186259863,0.24955473300872724,0.25566315415485585,0.26177157530098444,0.267879996447113,0.27398841759324166,0.28009683873937025,0.2862052598854989,0.29231368103162747,0.29842210217775605,0.3045305233238847,0.3106389444700133,0.3167473656161419,0.32285578676227045,0.3289642079083991,0.3350726290545277,0.34118105020065626,0.3472894713467849,0.35339789249291353,0.3595063136390421,0.3656147347851707,0.37172315593129934,0.3778315770774279,0.3839399982235565,0.39004841936968515,0.39615684051581374,0.4022652616619423,0.40837368280807096,0.41448210395419954,0.4205905251003281,0.42669894624645677,0.43280736739258535,0.43891578853871394,0.4450242096848426,0.4511326308309711,0.45724105197709974,0.4633494731232284,0.4694578942693569,0.47556631541548555,0.4816747365616142,0.4877831577077427,0.49389157885387136,0.5,0.5061084211461286,0.5122168422922572,0.5183252634383858,0.5244336845845144,0.530542105730643,0.5366505268767716,0.5427589480229003,0.5488673691690288,0.5549757903151574,0.5610842114612861,0.5671926326074146,0.5733010537535432,0.5794094748996719,0.5855178960458004,0.591626317191929,0.5977347383380577,0.6038431594841862,0.6099515806303148,0.6160600017764435,0.622168422922572,0.6282768440687007,0.6343852652148293,0.6404936863609578,0.6466021075070865,0.6527105286532151,0.6588189497993436,0.6649273709454723,0.6710357920916009,0.6771442132377294,0.6832526343838581,0.6893610555299867,0.6954694766761153,0.7015778978222439,0.7076863189683724,0.7137947401145011,0.7199031612606297,0.7260115824067582,0.7321200035528869,0.7382284246990155,0.744336845845144,0.7504452669912727,0.7565536881374013,0.7626621092835298,0.7687705304296585,0.7748789515757871,0.7809873727219157,0.7870957938680443,0.7932042150141729,0.7993126361603016,0.8054210573064301,0.06548336966803796,0.0,0.03274168483401898,0.01637084241700949,0.06548336966803825,0.03274168483401898,0.03274168483401898,0.016370842417009562,0.08185421208504745,0.09822505450205693,0.08185421208504783,0.09822505450205737,0.19645010900411297,0.24556263625514343,0.2128209514211224,0.3929002180082295,0.261933478672153,0.2783043210891601,0.3929002180082295,0.474754430093273,0.7039462239314176,0.7039462239314048,0.8512838056844896,0.6712045390973982,0.867654648101499,1.0804755995226214,1.047733914688612,1.5224883447818895,1.538859187198885,1.6207133992839469,1.8662760355390904,2.1118386717942146,2.0136136172921764,2.177322041462272,2.2591762535472992,2.6357056291385397,3.1595725864828457,3.306910168235902,2.99586416231275,3.2086851137338743,3.6506978589930994,3.9617438649163503,3.961743864916278,4.240048186005438,4.387385767758603,4.600206719179646,4.452869137426561,4.420127452592622,4.534723349511608,4.223677343588429,4.223677343588429,4.53472334951169,4.420127452592542,4.452869137426561,4.600206719179729,4.3873857677585235,4.240048186005438,3.9617438649163503,3.961743864916278,3.6506978589930994,3.2086851137339036,2.995864162312723,3.306910168235902,3.1595725864828745,2.6357056291385157,2.2591762535472992,2.1773220414622916,2.0136136172921577,2.1118386717942146,1.866276035539107,1.620713399283932,1.538859187198885,1.5224883447819033,1.0477339146886024,1.0804755995226214,0.8676546481015148,0.671204539097386,0.8512838056844896,0.7039462239314176,0.7039462239314048,0.474754430093273,0.3929002180082331,0.2783043210891601,0.2619334786721554,0.39290021800822594,0.2128209514211224,0.24556263625514566,0.19645010900411297,0.09822505450205649,0.08185421208504856,0.09822505450205649,0.08185421208504708,0.01637084241700971,0.032741684834018826,0.032741684834018826,0.06548336966803885,0.016370842417009413,0.032741684834018826,0.0,0.06548336966803885,0.5,0.08820489226199932
1,expected,0.25,False,False,100,100,normal,0.4,1.6,1.6,0.5,0.4,0.16609733894636422,0.17277539216743693,0.17945344538850966,0.18613149860958236,0.19280955183065507,0.1994876050517278,0.2061656582728005,0.2128437114938732,0.21952176471494594,0.22619981793601868,0.23287787115709138,0.2395559243781641,0.24623397759923682,0.25291203082030955,0.25959008404138223,0.26626813726245496,0.27294619048352764,0.2796242437046004,0.2863022969256731,0.29298035014674584,0.29965840336781857,0.30633645658889125,0.3130145098099639,0.31969256303103666,0.3263706162521094,0.3330486694731821,0.33972672269425486,0.34640477591532753,0.3530828291364002,0.35976088235747294,0.3664389355785457,0.3731169887996184,0.37979504202069114,0.3864730952417638,0.39315114846283655,0.39982920168390923,0.40650725490498196,0.4131853081260547,0.41986336134712743,0.42654141456820016,0.4332194677892729,0.4398975210103455,0.44657557423141825,0.453253627452491,0.4599316806735637,0.46660973389463645,0.4732877871157092,0.4799658403367818,0.48664389355785453,0.49332194677892727,0.5,0.5066780532210727,0.5133561064421455,0.5200341596632181,0.5267122128842908,0.5333902661053636,0.5400683193264363,0.546746372547509,0.5534244257685818,0.5601024789896545,0.5667805322107271,0.5734585854317998,0.5801366386528726,0.5868146918739453,0.593492745095018,0.6001707983160908,0.6068488515371634,0.6135269047582361,0.6202049579793089,0.6268830112003816,0.6335610644214543,0.6402391176425271,0.6469171708635998,0.6535952240846724,0.6602732773057451,0.6669513305268179,0.6736293837478906,0.6803074369689633,0.6869854901900361,0.6936635434111088,0.7003415966321815,0.7070196498532542,0.7136977030743269,0.7203757562953996,0.7270538095164724,0.7337318627375451,0.7404099159586178,0.7470879691796904,0.7537660224007632,0.7604440756218359,0.7671221288429086,0.7738001820639814,0.7804782352850541,0.7871562885061267,0.7938343417271995,0.8005123949482722,0.8071904481693449,0.8138685013904177,0.8205465546114904,0.8272246078325631,0.8339026610536358,0.014974423936072925,0.0,0.0,0.014974423936072925,0.0,0.0,0.014974423936072925,0.04492327180821858,0.014974423936072862,0.08984654361643754,0.02994884787214585,0.04492327180821858,0.13476981542465577,0.13476981542465688,0.1197953914885829,0.10482096755251089,0.29948847872145723,0.34441175052967576,0.1946675111689472,0.4642071420182587,0.5091304138264815,0.4642071420182626,0.5840025335068416,0.8834910122282988,0.748721196803643,0.6289258053150601,1.018260827652963,0.973337555844744,1.1680050670136832,1.707084328712306,1.617237785095869,1.617237785095869,2.201240318602729,2.3659589818995124,2.6205241888127726,2.9050382435981352,2.6654474606209693,2.785242852109552,2.8750893957259893,3.429143081360685,2.964935939342476,3.7585804079542884,3.683708288273924,3.429143081360685,3.8184781036985798,4.417455061141494,3.9083246473150814,4.537250452630077,4.058068886675746,4.462378332949712,4.462378332949712,4.058068886675746,4.537250452630152,3.9083246473150166,4.417455061141494,3.8184781036985798,3.429143081360685,3.683708288273924,3.7585804079542884,2.964935939342476,3.429143081360685,2.8750893957259893,2.785242852109552,2.6654474606209693,2.9050382435981352,2.620524188812794,2.3659589818995124,2.2012403186027107,1.617237785095869,1.617237785095869,1.707084328712306,1.1680050670136832,0.9733375558447522,1.0182608276529546,0.6289258053150601,0.748721196803643,0.8834910122282988,0.5840025335068416,0.4642071420182587,0.5091304138264773,0.4642071420182664,0.1946675111689472,0.34441175052967576,0.29948847872145723,0.10482096755251002,0.1197953914885829,0.134769815424658,0.13476981542465577,0.04492327180821858,0.029948847872145724,0.08984654361643717,0.014974423936072862,0.044923271808219326,0.014974423936072862,0.0,0.0,0.014974423936072862,0.0,0.0,0.014974423936073112,0.5,0.09157584538477248
1,expected,0.25,False,False,100,100,normal,0.4,1.6,1.6,0.75,0.1,0.22664230579081796,0.2321094596750016,0.23757661355918525,0.2430437674433689,0.24851092132755254,0.25397807521173615,0.2594452290959198,0.26491238298010344,0.27037953686428706,0.27584669074847074,0.28131384463265435,0.286780998516838,0.29224815240102164,0.2977153062852053,0.30318246016938893,0.3086496140535726,0.3141167679377562,0.31958392182193984,0.3250510757061235,0.33051822959030713,0.3359853834744908,0.3414525373586744,0.34691969124285804,0.3523868451270417,0.3578539990112254,0.363321152895409,0.3687883067795926,0.3742554606637763,0.3797226145479599,0.3851897684321436,0.3906569223163272,0.3961240762005108,0.4015912300846945,0.40705838396887817,0.4125255378530618,0.4179926917372454,0.4234598456214291,0.4289269995056127,0.43439415338979637,0.43986130727398,0.4453284611581636,0.4507956150423473,0.45626276892653095,0.46172992281071457,0.4671970766948982,0.4726642305790818,0.4781313844632655,0.48359853834744915,0.48906569223163276,0.4945328461158164,0.5,0.5054671538841837,0.5109343077683673,0.516401461652551,0.5218686155367347,0.5273357694209182,0.5328029233051019,0.5382700771892855,0.5437372310734692,0.5492043849576529,0.5546715388418364,0.5601386927260201,0.5656058466102037,0.5710730004943874,0.5765401543785711,0.5820073082627546,0.5874744621469383,0.5929416160311219,0.5984087699153056,0.6038759237994893,0.6093430776836729,0.6148102315678565,0.6202773854520403,0.6257445393362238,0.6312116932204075,0.6366788471045911,0.6421460009887747,0.6476131548729585,0.653080308757142,0.6585474626413257,0.6640146165255093,0.6694817704096929,0.6749489242938767,0.6804160781780602,0.6858832320622439,0.6913503859464275,0.6968175398306111,0.7022846937147948,0.7077518475989784,0.7132190014831621,0.7186861553673457,0.7241533092515293,0.729620463135713,0.7350876170198966,0.7405547709040803,0.746021924788264,0.7514890786724475,0.7569562325566312,0.7624233864408148,0.7678905403249985,0.7733576942091821,0.03658210546781856,0.0,0.01829105273390928,0.07316421093563712,0.036582105467818746,0.054873158201727563,0.018291052733909373,0.05487315820172812,0.03658210546781837,0.05487315820172812,0.054873158201727563,0.10974631640345624,0.09145526366954593,0.14632842187127498,0.20120158007300104,0.23778368554082185,0.09145526366954686,0.3475300019442745,0.347530001944278,0.3658210546781837,0.5487315820172812,0.4755673710816437,0.8596794784937317,0.8596794784937317,0.9694257948971966,1.0425900058328341,1.1340452695023695,1.6096126405840248,1.7742321151891909,1.5547394823822966,2.176635275335215,2.46929211907774,2.46929211907774,2.560747382747312,2.542456330013403,3.2558073866358352,3.164352122966321,3.2923894921036534,3.9325763377905147,3.8594121268548776,3.3838447557732,4.3898526561382045,4.2983973924687024,5.0666216072928965,4.517890025275615,5.359278451035392,5.322696345567573,5.1946589764302615,5.267823187365899,5.725099505713634,5.7250995057135174,5.267823187365899,5.1946589764302615,5.322696345567519,5.3592784510355544,4.5178900252755225,5.0666216072928965,4.2983973924687024,4.38985265613816,3.3838447557733025,3.859412126854799,3.9325763377905147,3.2923894921036867,3.1643521229662572,3.2558073866359343,2.5424563300133514,2.560747382747312,2.4692921190777652,2.469292119077715,2.176635275335215,1.5547394823822966,1.7742321151891731,1.6096126405840574,1.134045269502358,1.0425900058328341,0.9694257948971966,0.8596794784937231,0.8596794784937579,0.475567371081634,0.5487315820172812,0.36582105467818743,0.34753000194427097,0.3475300019442851,0.091455263669545,0.23778368554082185,0.2012015800730031,0.146328421871272,0.09145526366954872,0.10974631640345402,0.05487315820172812,0.05487315820172812,0.036582105467818,0.054873158201729236,0.018291052733909,0.05487315820172701,0.03658210546781949,0.073164210935636,0.018291052733909744,0.0,0.036582105467818746,0.5,0.0750168385243785
1,expected,0.25,False,False,100,100,normal,0.4,1.6,1.6,0.75,0.2,0.22797400705234447,0.23341452691129758,0.23885504677025068,0.2442955666292038,0.2497360864881569,0.25517660634711004,0.26061712620606314,0.26605764606501625,0.27149816592396936,0.27693868578292247,0.2823792056418756,0.2878197255008287,0.2932602453597818,0.2987007652187349,0.304141285077688,0.3095818049366411,0.3150223247955942,0.32046284465454733,0.32590336451350044,0.33134388437245355,0.33678440423140665,0.34222492409035976,0.34766544394931287,0.353105963808266,0.3585464836672191,0.3639870035261722,0.3694275233851253,0.3748680432440784,0.3803085631030315,0.3857490829619846,0.39118960282093773,0.39663012267989084,0.40207064253884395,0.40751116239779706,0.41295168225675016,0.41839220211570327,0.4238327219746564,0.4292732418336095,0.4347137616925626,0.4401542815515157,0.4455948014104688,0.4510353212694219,0.456475841128375,0.46191636098732813,0.46735688084628124,0.47279740070523435,0.47823792056418746,0.48367844042314057,0.4891189602820937,0.4945594801410468,0.4999999999999999,0.505440519858953,0.5108810397179061,0.5163215595768592,0.5217620794358123,0.5272025992947654,0.5326431191537185,0.5380836390126716,0.5435241588716248,0.5489646787305779,0.554405198589531,0.5598457184484841,0.5652862383074372,0.5707267581663903,0.5761672780253434,0.5816077978842965,0.5870483177432496,0.5924888376022027,0.5979293574611558,0.6033698773201089,0.608810397179062,0.6142509170380152,0.6196914368969683,0.6251319567559214,0.6305724766148745,0.6360129964738276,0.6414535163327807,0.6468940361917338,0.6523345560506869,0.65777507590964,0.6632155957685931,0.6686561156275462,0.6740966354864993,0.6795371553454524,0.6849776752044056,0.6904181950633587,0.6958587149223118,0.7012992347812649,0.706739754640218,0.7121802744991711,0.7176207943581242,0.7230613142170773,0.7285018340760305,0.7339423539349836,0.7393828737939367,0.7448233936528899,0.750263913511843,0.7557044333707961,0.7611449532297492,0.7665854730887023,0.7720259929476554,0.01838059644896554,0.0,0.0,0.03676119289793108,0.018380596448965447,0.05514178934689662,0.03676119289793108,0.07352238579586216,0.09190298224482771,0.03676119289793108,0.16542536804068986,0.11028357869379324,0.1286641751427588,0.20218656093862095,0.22056715738758648,0.477895507673104,0.29408954318344865,0.3308507360813797,0.4227537183262074,0.4227537183262074,0.5146567005710352,0.6433208757137939,0.6065596828158628,0.9374104188972425,1.121216383386898,1.2131193656317256,1.4888283123662087,1.4520671194682777,1.3785447336724155,1.9667238200393127,1.9851044164882783,2.1137685916310374,2.6468058886510377,2.150529784528968,2.3710969419165546,3.363649150160694,3.5106939217524182,3.5106939217524182,4.2091565868131084,3.712880482691039,3.9702088329765566,4.466484937098627,4.595149112241385,4.94438044477173,4.94438044477173,5.256850584404145,4.870858058975869,4.870858058975869,4.558387919343454,5.385514759546903,5.385514759546903,4.558387919343454,4.870858058975869,4.870858058975869,5.256850584404145,4.94438044477173,4.94438044477173,4.595149112241385,4.466484937098627,3.9702088329765566,3.712880482691039,4.2091565868131084,3.5106939217524182,3.5106939217524182,3.363649150160694,2.3710969419165546,2.150529784528968,2.6468058886510377,2.1137685916310374,1.9851044164882783,1.9667238200393127,1.3785447336724155,1.4520671194682777,1.4888283123662087,1.2131193656317256,1.121216383386898,0.9374104188972425,0.6065596828158628,0.6433208757137939,0.5146567005710352,0.4227537183262074,0.4227537183262074,0.3308507360813797,0.29408954318344865,0.477895507673104,0.22056715738758648,0.20218656093862095,0.1286641751427588,0.11028357869379324,0.16542536804068986,0.03676119289793108,0.09190298224482583,0.07352238579586216,0.03676119289793108,0.05514178934689662,0.01838059644896554,0.03676119289793108,0.0,0.0,0.01838059644896554,0.5,0.07668951758302238
1,expected,0.25,False,False,100,100,normal,0.4,1.6,1.6,0.75,0.3,0.22681448811820729,0.23227819835584315,0.237741908593479,0.24320561883111486,0.2486693290687507,0.25413303930638653,0.2595967495440224,0.26506045978165826,0.27052417001929413,0.27598788025693,0.2814515904945658,0.2869153007322017,0.29237901096983754,0.2978427212074734,0.30330643144510927,0.3087701416827451,0.31423385192038095,0.3196975621580168,0.3251612723956527,0.33062498263328854,0.33608869287092435,0.3415524031085602,0.3470161133461961,0.35247982358383195,0.3579435338214678,0.36340724405910363,0.3688709542967395,0.37433466453437536,0.3797983747720112,0.3852620850096471,0.3907257952472829,0.39618950548491877,0.40165321572255464,0.4071169259601905,0.41258063619782637,0.4180443464354622,0.42350805667309804,0.4289717669107339,0.4344354771483698,0.43989918738600564,0.44536289762364145,0.4508266078612773,0.4562903180989132,0.46175402833654905,0.4672177385741849,0.4726814488118207,0.47814515904945665,0.48360886928709246,0.48907257952472827,0.4945362897623642,0.5,0.5054637102376359,0.5109274204752717,0.5163911307129075,0.5218548409505435,0.5273185511881793,0.5327822614258152,0.538245971663451,0.5437096819010868,0.5491733921387227,0.5546371023763585,0.5601008126139945,0.5655645228516303,0.5710282330892661,0.576491943326902,0.5819556535645378,0.5874193638021737,0.5928830740398096,0.5983467842774454,0.6038104945150813,0.6092742047527171,0.614737914990353,0.6202016252279888,0.6256653354656246,0.6311290457032606,0.6365927559408964,0.6420564661785323,0.6475201764161681,0.6529838866538039,0.6584475968914398,0.6639113071290756,0.6693750173667116,0.6748387276043474,0.6803024378419832,0.6857661480796191,0.6912298583172549,0.6966935685548908,0.7021572787925267,0.7076209890301625,0.7130846992677984,0.7185484095054342,0.7240121197430701,0.7294758299807059,0.7349395402183417,0.7404032504559775,0.7458669606936135,0.7513306709312493,0.7567943811688852,0.762258091406521,0.7677218016441568,0.7731855118817927,0.01830258114919172,0.0,0.01830258114919172,0.018302581149191813,0.03660516229838363,0.03660516229838344,0.07321032459676688,0.10981548689515029,0.10981548689515029,0.10981548689515142,0.10981548689515029,0.20132839264110888,0.18302581149191718,0.20132839264110888,0.2562361360886866,0.21963097379030058,0.36605162298383437,0.36605162298383437,0.43926194758060116,0.6222877590725248,0.6771955025200935,0.6405903402217101,0.8785238951612023,0.915129057459586,1.1896677746974738,1.3726935861893788,1.7387452091732132,1.4642064919353375,1.7753503714715968,1.940073601814342,2.1780071567538144,1.9949813452618972,2.9467155650198666,2.7636897535279497,2.9467155650198964,2.6904794289311824,3.642213648689152,3.3310697691528928,3.660516229838344,3.971660109374643,4.026567852822178,3.9899626905237944,4.630553030745505,4.246198826612479,4.667158193043935,4.392619475805968,4.978302072580198,4.722065936491511,5.1979330463703945,4.447527219253633,4.4475272192535416,5.197933046370501,4.722065936491511,4.978302072580097,4.392619475806057,4.66715819304384,4.246198826612522,4.630553030745552,3.9899626905237535,4.026567852822219,3.9716601093745623,3.660516229838381,3.331069769152926,3.642213648689115,2.69047942893121,2.9467155650198364,2.7636897535279776,2.9467155650198964,1.9949813452618768,2.1780071567538366,1.9400736018143023,1.7753503714716146,1.4642064919353523,1.7387452091731956,1.3726935861893927,1.1896677746974496,0.9151290574595953,0.8785238951612113,0.6405903402217036,0.6771955025201004,0.6222877590725121,0.43926194758060566,0.3660516229838381,0.3660516229838306,0.21963097379030283,0.25623613608868145,0.20132839264111094,0.18302581149191904,0.20132839264110686,0.10981548689515142,0.10981548689514918,0.10981548689515142,0.10981548689515142,0.07321032459676761,0.03660516229838306,0.03660516229838381,0.01830258114919153,0.018302581149191904,0.0,0.01830258114919153,0.5,0.08013064549196108
1,expected,0.25,False,False,100,100,normal,0.4,1.6,1.6,0.75,0.4,0.1986860767618981,0.20471235522666012,0.21073863369142215,0.2167649121561842,0.22279119062094624,0.22881746908570827,0.23484374755047033,0.24087002601523236,0.2468963044799944,0.25292258294475645,0.25894886140951845,0.2649751398742805,0.27100141833904257,0.27702769680380457,0.2830539752685666,0.2890802537333287,0.2951065321980907,0.3011328106628527,0.30715908912761475,0.3131853675923768,0.3192116460571388,0.32523792452190087,0.3312642029866629,0.33729048145142493,0.343316759916187,0.34934303838094904,0.35536931684571105,0.3613955953104731,0.36742187377523516,0.37344815223999717,0.3794744307047592,0.3855007091695213,0.3915269876342833,0.3975532660990453,0.40357954456380735,0.4096058230285694,0.4156321014933314,0.42165837995809347,0.4276846584228555,0.4337109368876175,0.4397372153523796,0.44576349381714164,0.45178977228190365,0.4578160507466657,0.46384232921142776,0.46986860767618976,0.4758948861409518,0.4819211646057138,0.4879474430704759,0.49397372153523794,0.49999999999999994,0.506026278464762,0.512052556929524,0.518078835394286,0.5241051138590481,0.5301313923238101,0.5361576707885722,0.5421839492533342,0.5482102277180962,0.5542365061828582,0.5602627846476204,0.5662890631123824,0.5723153415771445,0.5783416200419065,0.5843678985066685,0.5903941769714305,0.5964204554361925,0.6024467339009546,0.6084730123657166,0.6144992908304787,0.6205255692952407,0.6265518477600027,0.6325781262247647,0.6386044046895268,0.6446306831542888,0.650656961619051,0.656683240083813,0.662709518548575,0.668735797013337,0.674762075478099,0.6807883539428611,0.6868146324076232,0.6928409108723852,0.6988671893371472,0.7048934678019092,0.7109197462666713,0.7169460247314333,0.7229723031961953,0.7289985816609574,0.7350248601257194,0.7410511385904814,0.7470774170552434,0.7531036955200056,0.7591299739847676,0.7651562524495296,0.7711825309142917,0.7772088093790537,0.7832350878438157,0.7892613663085778,0.7952876447733398,0.8013139232381018,0.016593989239750286,0.0,0.01659398923975021,0.0,0.016593989239750286,0.0,0.09956393543850171,0.06637595695900114,0.04978196771925063,0.016593989239750362,0.04978196771925063,0.08296994619875105,0.1327519139180029,0.08296994619875105,0.1825338816372523,0.18253388163725395,0.11615792467825253,0.3650677632745046,0.28209781707575354,0.3816617525142583,0.398255741754005,0.28209781707575354,0.6139776018707633,0.79651148350801,0.9458573866657618,0.8131054727477677,1.2445491929812658,1.194767225262015,1.5266470100570333,1.825338816372523,1.8419328056122732,2.0410606764892947,2.2733765258457996,2.3065645043252787,2.4061284397637803,2.5222863644420546,3.086481998593539,3.5345197080667945,3.119669977073068,3.717053589704047,4.347625180814555,3.8829934821015843,3.932775449820799,4.148497309937552,4.214873266896592,4.76247491180831,4.59653501941085,4.76247491180831,4.5799410301710575,5.110948685843111,5.110948685843065,4.579941030171099,4.762474911808353,4.596535019410766,4.762474911808353,4.214873266896514,4.14849730993759,3.9327754498208356,3.8829934821015843,4.347625180814515,3.717053589704081,3.1196699770730105,3.5345197080668274,3.086481998593567,2.5222863644420546,2.4061284397638025,2.306564504325258,2.2733765258457996,2.041060676489257,1.8419328056122901,1.8253388163725397,1.5266470100570333,1.1947672252620039,1.244549192981277,0.8131054727477527,0.9458573866657706,0.7965114835080174,0.6139776018707633,0.28209781707575615,0.39825574175400136,0.3816617525142513,0.28209781707575615,0.3650677632745079,0.11615792467825253,0.1825338816372506,0.18253388163725395,0.0829699461987518,0.13275191391800045,0.0829699461987518,0.049781967719251086,0.016593989239750362,0.04978196771925017,0.06637595695900145,0.09956393543850217,0.0,0.016593989239750362,0.0,0.016593989239750057,0.0,0.016593989239750362,0.5,0.08167146950128111
1,expected,0.25,False,False,100,100,normal,0.4,1.6,1.6,1.0,0.1,0.24763634455313774,0.252683617662075,0.25773089077101224,0.26277816387994946,0.2678254369888867,0.272872710097824,0.2779199832067612,0.28296725631569847,0.2880145294246357,0.29306180253357295,0.2981090756425102,0.3031563487514474,0.3082036218603847,0.3132508949693219,0.31829816807825917,0.32334544118719644,0.32839271429613365,0.33343998740507086,0.3384872605140081,0.3435345336229454,0.34858180673188266,0.35362907984081987,0.3586763529497571,0.36372362605869435,0.3687708991676316,0.3738181722765689,0.3788654453855061,0.3839127184944433,0.3889599916033806,0.39400726471231784,0.3990545378212551,0.4041018109301923,0.40914908403912953,0.4141963571480668,0.41924363025700406,0.42429090336594133,0.42933817647487854,0.43438544958381575,0.439432722692753,0.4444799958016903,0.44952726891062755,0.45457454201956476,0.459621815128502,0.46466908823743924,0.4697163613463765,0.4747636344553137,0.479810907564251,0.4848581806731882,0.48990545378212547,0.49495272689106273,0.5,0.5050472731089372,0.5100945462178744,0.5151418193268117,0.520189092435749,0.5252363655446862,0.5302836386536234,0.5353309117625606,0.5403781848714979,0.5454254579804352,0.5504727310893724,0.5555200041983096,0.5605672773072469,0.5656145504161841,0.5706618235251214,0.5757090966340587,0.5807563697429958,0.5858036428519331,0.5908509159608704,0.5958981890698076,0.6009454621787449,0.605992735287682,0.6110400083966193,0.6160872815055566,0.6211345546144939,0.6261818277234311,0.6312291008323683,0.6362763739413055,0.6413236470502428,0.6463709201591801,0.6514181932681173,0.6564654663770545,0.6615127394859918,0.666560012594929,0.6716072857038663,0.6766545588128035,0.6817018319217407,0.686749105030678,0.6917963781396153,0.6968436512485525,0.7018909243574897,0.7069381974664269,0.7119854705753642,0.7170327436843015,0.7220800167932387,0.7271272899021759,0.7321745630111132,0.7372218361200504,0.7422691092289877,0.747316382337925,0.7523636554468622,0.01981267861707926,0.019812678617079152,0.01981267861707937,0.0,0.0,0.01981267861707937,0.019812678617079152,0.01981267861707937,0.039625357234158304,0.07925071446831661,0.03962535723415874,0.07925071446831661,0.059438035851238115,0.039625357234158304,0.13868875031955405,0.27737750063911115,0.2575648220220318,0.25756482202202896,0.5745676798952954,0.49531696542697884,0.5943803585123811,0.6736310729806986,0.5943803585123746,0.7528817874490078,1.2085733956418283,0.9311958950027304,1.5255762535151114,1.2481987528759866,1.3274494673443031,1.7633283969200446,2.040705897559175,2.3378960768153654,2.753962327774002,2.892651078093556,2.6945242919227645,3.269091971818096,3.8832850089475563,3.645532865542564,4.180475188203701,4.834293582567313,4.636166796396572,4.794668225333208,4.6163541177794425,5.230547154908896,5.250359833526033,6.0824923354433,5.686238763101779,5.270172512143055,6.042866978209141,5.8447401920383495,5.844740192038478,6.042866978209141,5.270172512143055,5.686238763101717,6.0824923354433,5.25035983352609,5.230547154908896,4.6163541177794425,4.794668225333155,4.636166796396521,4.834293582567419,4.180475188203701,3.645532865542564,3.8832850089475133,3.26909197181806,2.694524291922824,2.892651078093556,2.753962327774002,2.33789607681534,2.0407058975591528,1.7633283969200835,1.3274494673443031,1.2481987528759866,1.5255762535150947,0.9311958950027202,1.2085733956418547,0.7528817874490078,0.5943803585123746,0.6736310729806911,0.5943803585123746,0.49531696542698966,0.5745676798952954,0.25756482202202896,0.25756482202202896,0.2773775006391142,0.13868875031955405,0.039625357234158304,0.059438035851237456,0.07925071446831661,0.03962535723415917,0.07925071446831661,0.039625357234158304,0.019812678617079152,0.019812678617079152,0.019812678617079586,0.0,0.0,0.019812678617079152,0.019812678617079152,0.019812678617079152,0.5,0.0673361536767003
1,expected,0.25,False,False,100,100,normal,0.4,1.6,1.6,1.0,0.2,0.2583642909571174,0.26319700513797506,0.2680297193188327,0.27286243349969036,0.277695147680548,0.28252786186140566,0.2873605760422633,0.29219329022312096,0.2970260044039786,0.30185871858483626,0.3066914327656939,0.31152414694655156,0.3163568611274092,0.32118957530826686,0.3260222894891245,0.33085500366998216,0.33568771785083984,0.34052043203169746,0.3453531462125551,0.35018586039341276,0.35501857457427044,0.35985128875512806,0.36468400293598574,0.36951671711684336,0.37434943129770104,0.37918214547855866,0.38401485965941634,0.388847573840274,0.39368028802113164,0.39851300220198926,0.40334571638284694,0.4081784305637046,0.41301114474456224,0.41784385892541986,0.42267657310627754,0.4275092872871352,0.43234200146799284,0.43717471564885046,0.44200742982970814,0.4468401440105658,0.45167285819142344,0.4565055723722811,0.4613382865531388,0.4661710007339964,0.47100371491485404,0.4758364290957117,0.4806691432765694,0.485501857457427,0.49033457163828464,0.4951672858191423,0.5,0.5048327141808576,0.5096654283617152,0.514498142542573,0.5193308567234306,0.5241635709042882,0.528996285085146,0.5338289992660035,0.5386617134468612,0.5434944276277188,0.5483271418085764,0.5531598559894342,0.5579925701702918,0.5628252843511494,0.5676579985320072,0.5724907127128648,0.5773234268937224,0.5821561410745801,0.5869888552554376,0.5918215694362954,0.596654283617153,0.6014869977980106,0.6063197119788684,0.611152426159726,0.6159851403405836,0.6208178545214413,0.6256505687022988,0.6304832828831566,0.6353159970640142,0.6401487112448718,0.6449814254257296,0.6498141396065872,0.6546468537874448,0.6594795679683025,0.6643122821491602,0.6691449963300178,0.6739777105108755,0.678810424691733,0.6836431388725908,0.6884758530534484,0.693308567234306,0.6981412814151637,0.7029739955960214,0.707806709776879,0.7126394239577367,0.7174721381385942,0.722304852319452,0.7271375665003097,0.7319702806811672,0.7368029948620249,0.7416357090428826,0.0206923058673941,0.0,0.0413846117347882,0.062076917602183014,0.0206923058673941,0.12415383520436603,0.0620769176021823,0.041384611734788676,0.1448461410717587,0.1034615293369717,0.0827692234695764,0.1034615293369717,0.1448461410717587,0.2896922821435207,0.3517691997456997,0.2896922821435174,0.4966153408174641,0.35176919974570375,0.3310768938783056,0.7449230112261875,0.7656153170935905,0.9518460699001285,1.0759999051045055,0.848384540563158,1.407076798982815,1.4070767989827988,1.5519229400545576,1.9657690574024622,1.9036921398002788,1.9450767515350453,2.338230563015533,2.462384398219926,2.6486151510264753,2.6486151510264446,3.559076609191785,3.5176919974570375,3.848768891335347,3.8901535030700907,4.428153455622337,4.3867688438876,4.84199957297022,5.069614937511554,4.883384184705064,4.5316149849593605,5.090307243378948,6.124922536748653,5.214461078583373,5.95938408980957,4.966153408174584,5.421384137257254,5.421384137257316,4.966153408174641,5.959384089809432,5.214461078583373,6.124922536748724,5.0903072433788905,4.5316149849594645,4.883384184704951,5.069614937511613,4.841999572970275,4.3867688438874985,4.428153455622388,3.890153503070136,3.8487688913352582,3.5176919974570375,3.559076609191826,2.6486151510264144,2.648615151026536,2.4623843982198697,2.33823056301556,1.945076751535068,1.9036921398002353,1.9657690574024622,1.5519229400545753,1.4070767989827826,1.4070767989828474,0.8483845405631484,1.0759999051045055,0.9518460699001394,0.7656153170935729,0.7449230112261962,0.3310768938783094,0.35176919974569565,0.4966153408174641,0.2896922821435207,0.35176919974569565,0.2896922821435274,0.14484614107175703,0.1034615293369717,0.08276922346957735,0.10346152933696931,0.14484614107176036,0.041384611734788676,0.062076917602181585,0.12415383520436887,0.020692305867393863,0.062076917602181585,0.04138461173478963,0.0,0.020692305867394338,0.5,0.07022723986392465
1,expected,0.25,False,False,100,100,normal,0.4,1.6,1.6,1.0,0.3,0.2510601200527077,0.2560389176516536,0.2610177152505994,0.2659965128495453,0.2709753104484911,0.275954108047437,0.2809329056463828,0.28591170324532866,0.2908905008442745,0.29586929844322035,0.30084809604216617,0.30582689364111204,0.31080569124005786,0.31578448883900373,0.32076328643794955,0.3257420840368954,0.33072088163584124,0.3356996792347871,0.3406784768337329,0.3456572744326788,0.3506360720316246,0.3556148696305705,0.3605936672295163,0.3655724648284622,0.370551262427408,0.37553006002635386,0.38050885762529973,0.38548765522424555,0.39046645282319137,0.39544525042213724,0.4004240480210831,0.40540284562002893,0.41038164321897475,0.4153604408179206,0.4203392384168665,0.4253180360158123,0.4302968336147581,0.435275631213704,0.44025442881264987,0.4452332264115957,0.4502120240105415,0.4551908216094874,0.46016961920843324,0.46514841680737906,0.4701272144063249,0.47510601200527075,0.4800848096042166,0.48506360720316244,0.4900424048021083,0.4950212024010542,0.5,0.5049787975989458,0.5099575951978916,0.5149363927968376,0.5199151903957834,0.5248939879947292,0.5298727855936751,0.5348515831926208,0.5398303807915668,0.5448091783905126,0.5497879759894584,0.5547667735884043,0.5597455711873501,0.564724368786296,0.5697031663852419,0.5746819639841877,0.5796607615831335,0.5846395591820794,0.5896183567810251,0.5945971543799711,0.5995759519789169,0.6045547495778627,0.6095335471768086,0.6145123447757544,0.6194911423747003,0.6244699399736462,0.6294487375725919,0.6344275351715378,0.6394063327704836,0.6443851303694295,0.6493639279683754,0.6543427255673212,0.659321523166267,0.664300320765213,0.6692791183641587,0.6742579159631046,0.6792367135620504,0.6842155111609962,0.6891943087599421,0.694173106358888,0.6991519039578338,0.7041307015567797,0.7091094991557254,0.7140882967546713,0.7190670943536172,0.724045891952563,0.7290246895515089,0.7340034871504547,0.7389822847494005,0.7439610823483465,0.7489398799472923,0.020085170769177752,0.0,0.020085170769177752,0.020085170769177974,0.0,0.0,0.06025551230753325,0.020085170769177974,0.1205110246150665,0.12051102461506784,0.040170341538355504,0.10042585384588987,0.1205110246150665,0.1606813661534238,0.30127756153766627,0.26110721999931363,0.20085170769177751,0.3816182446143815,0.6226402938445103,0.6226402938445172,0.8034068307671101,1.1046843923047884,0.8435771723054655,0.8034068307671189,1.365791612304087,1.1850250753814873,1.727324686149306,1.4260471246116362,1.687154344610931,2.0286022476869525,2.129028101532865,2.450390833839713,2.6914128830698183,2.9926904446074847,2.7918387369157385,3.0127756153766962,3.4144790307602175,3.9166082999896616,3.936693470758883,4.177715519989018,4.539248593834171,5.161888887678682,5.523421961523943,4.519163423065044,6.005466059984148,5.101633375371149,5.322570253832163,5.704188498446482,4.740100301525949,6.125977084599283,6.125977084599283,4.740100301526002,5.704188498446418,5.322570253832163,5.101633375371206,6.00546605998408,4.5191634230651445,5.52342196152382,5.16188888767874,4.539248593834222,4.177715519988926,3.936693470758883,3.916608299989705,3.41447903076018,3.0127756153766962,2.7918387369157385,2.9926904446074514,2.6914128830699084,2.4503908338396583,2.129028101532865,2.0286022476869756,1.687154344610912,1.4260471246116362,1.727324686149306,1.185025075381474,1.3657916123041327,0.8034068307671011,0.8435771723054749,1.1046843923047884,0.8034068307671011,0.6226402938445172,0.6226402938445172,0.381618244614373,0.2008517076917842,0.26110721999930786,0.30127756153766966,0.1606813661534238,0.12051102461506516,0.10042585384588987,0.04017034153835595,0.12051102461506516,0.12051102461507053,0.020085170769177527,0.06025551230753392,0.0,0.0,0.020085170769177974,0.020085170769177974,0.0,0.020085170769177974,0.5,0.07020723183000503
1,expected,0.25,False,False,100,100,normal,0.4,1.6,1.6,1.0,0.4,0.21282263222879672,0.21856617958422078,0.22430972693964485,0.23005327429506892,0.23579682165049298,0.24154036900591705,0.24728391636134112,0.25302746371676516,0.25877101107218925,0.2645145584276133,0.2702581057830374,0.2760016531384614,0.2817452004938855,0.28748874784930956,0.29323229520473365,0.2989758425601577,0.3047193899155818,0.3104629372710058,0.3162064846264299,0.32195003198185396,0.32769357933727805,0.3334371266927021,0.33918067404812613,0.3449242214035502,0.3506677687589743,0.35641131611439836,0.3621548634698224,0.3678984108252465,0.3736419581806706,0.3793855055360946,0.38512905289151866,0.39087260024694276,0.39661614760236685,0.4023596949577909,0.40810324231321493,0.413846789668639,0.4195903370240631,0.42533388437948716,0.4310774317349112,0.4368209790903353,0.4425645264457594,0.4483080738011834,0.45405162115660747,0.45979516851203156,0.4655387158674556,0.4712822632228797,0.47702581057830373,0.4827693579337278,0.48851290528915187,0.49425645264457596,0.5,0.5057435473554242,0.5114870947108481,0.5172306420662722,0.5229741894216963,0.5287177367771203,0.5344612841325445,0.5402048314879685,0.5459483788433925,0.5516919261988167,0.5574354735542406,0.5631790209096648,0.5689225682650888,0.5746661156205128,0.580409662975937,0.5861532103313609,0.5918967576867851,0.5976403050422091,0.6033838523976331,0.6091273997530573,0.6148709471084813,0.6206144944639054,0.6263580418193295,0.6321015891747535,0.6378451365301776,0.6435886838856016,0.6493322312410257,0.6550757785964498,0.6608193259518739,0.6665628733072979,0.6723064206627221,0.678049968018146,0.6837935153735701,0.6895370627289942,0.6952806100844182,0.7010241574398424,0.7067677047952664,0.7125112521506904,0.7182547995061145,0.7239983468615386,0.7297418942169627,0.7354854415723867,0.7412289889278108,0.7469725362832349,0.7527160836386589,0.758459630994083,0.764203178349507,0.7699467257049311,0.7756902730603552,0.7814338204157792,0.7871773677712033,0.017410842779168944,0.017410842779168944,0.017410842779168944,0.0,0.0,0.0,0.0,0.01741084277916886,0.017410842779169027,0.03482168555833772,0.017410842779169027,0.0870542138958443,0.034821685558338054,0.052232528337506585,0.08705421389584514,0.10446505667501317,0.1218758994541832,0.24375179890836401,0.2959843272458735,0.29598432724587065,0.33080601280421157,0.5223252833750708,0.5745578117125724,0.6790228683875855,0.6790228683875921,0.8531312961792824,0.8357204534001054,1.096883095087638,1.201348151762663,1.3928674223335222,1.6888517495793796,1.8629601773710682,2.454928831862833,2.489750517421171,2.6986806307711735,3.1339517002503947,3.516990241392144,3.1513625430295944,3.447346870275434,4.021904681988007,4.2830673236755805,4.056726367546384,4.526819122583904,4.84021429260899,4.526819122583904,5.031733563179849,4.9969118776214625,5.4147721043215675,5.919686544917413,5.36253957598406,5.362539575983957,5.919686544917584,5.414772104321463,4.996911877621511,5.031733563179849,4.52681912258386,4.84021429260899,4.526819122583947,4.056726367546305,4.283067323675664,4.0219046819879685,3.4473468702754677,3.1513625430295944,3.516990241392076,3.1339517002504858,2.6986806307711473,2.489750517421171,2.454928831862833,1.86296017737105,1.6888517495793955,1.3928674223335222,1.2013481517626399,1.09688309508767,0.8357204534000972,0.8531312961792824,0.6790228683875921,0.679022868387579,0.5745578117125779,0.5223252833750708,0.33080601280420513,0.2959843272458792,0.29598432724586776,0.2437517989083664,0.1218758994541832,0.10446505667501214,0.08705421389584514,0.052232528337507085,0.034821685558338054,0.08705421389584346,0.017410842779169027,0.034821685558338054,0.017410842779169027,0.01741084277916869,0.0,0.0,0.0,0.0,0.01741084277916869,0.017410842779169027,0.017410842779169027,0.5,0.07277752420064557
1,expected,0.25,False,False,100,100,normal,0.4,1.6,1.6,1.25,0.1,0.28040405491243847,0.2847959738141897,0.2891878927159409,0.29357981161769214,0.29797173051944337,0.30236364942119465,0.30675556832294587,0.3111474872246971,0.3155394061264483,0.31993132502819954,0.32432324392995077,0.328715162831702,0.33310708173345327,0.3374990006352045,0.3418909195369557,0.34628283843870694,0.35067475734045817,0.3550666762422094,0.3594585951439606,0.3638505140457119,0.36824243294746306,0.37263435184921434,0.37702627075096556,0.3814181896527168,0.385810108554468,0.39020202745621924,0.39459394635797046,0.3989858652597217,0.40337778416147296,0.40776970306322413,0.4121616219649754,0.41655354086672663,0.42094545976847786,0.4253373786702291,0.4297292975719803,0.4341212164737316,0.43851313537548275,0.44290505427723403,0.44729697317898526,0.4516888920807365,0.4560808109824877,0.46047272988423893,0.46486464878599015,0.4692565676877414,0.47364848658949266,0.4780404054912438,0.4824323243929951,0.48682424329474633,0.49121616219649755,0.4956080810982488,0.5,0.5043919189017513,0.5087838378035024,0.5131757567052537,0.5175676756070049,0.5219595945087562,0.5263515134105075,0.5307434323122586,0.5351353512140098,0.5395272701157611,0.5439191890175124,0.5483111079192635,0.5527030268210148,0.5570949457227661,0.5614868646245172,0.5658787835262684,0.5702707024280197,0.574662621329771,0.5790545402315221,0.5834464591332734,0.5878383780350247,0.5922302969367759,0.596622215838527,0.6010141347402783,0.6054060536420296,0.6097979725437808,0.614189891445532,0.6185818103472833,0.6229737292490345,0.6273656481507857,0.6317575670525369,0.6361494859542882,0.6405414048560394,0.6449333237577906,0.6493252426595418,0.6537171615612931,0.6581090804630443,0.6625009993647956,0.6668929182665468,0.671284837168298,0.6756767560700492,0.6800686749718005,0.6844605938735517,0.6888525127753029,0.6932444316770542,0.6976363505788055,0.7020282694805566,0.7064201883823078,0.7108121072840591,0.7152040261858104,0.7195959450875615,0.022769090740752573,0.045538181481505145,0.022769090740752573,0.06830727222225773,0.04553818148150457,0.045538181481505145,0.11384545370376287,0.06830727222225773,0.13661454444451546,0.06830727222225773,0.11384545370376287,0.04553818148150457,0.31876727037053604,0.20492181666677314,0.31876727037053604,0.2732290888890309,0.4098436333335463,0.3870745425927937,0.2959981796297797,0.7513799944448444,0.7513799944448254,1.0246090833338657,1.1384545370376287,1.2522999907413914,1.3661454444451544,1.7987581685194531,1.6166054425934326,2.09475634814921,2.2086018018530273,2.4362927092604942,2.9599817962978343,2.823367251853319,3.028289068520092,2.9827508870385873,3.5519781555573564,3.6430545185204575,3.8479763351871363,4.485510875928258,4.849816327780299,4.895354509261804,5.077507235187824,5.373505414817608,4.895354509261804,5.350736324076787,5.441812687039933,5.601196322225062,6.033809046299432,7.2861090370408235,6.739650859262761,5.532889050002875,5.532889050002805,6.739650859262847,7.286109037040731,6.033809046299508,5.601196322225062,5.441812687039796,5.350736324076922,4.895354509261865,5.373505414817539,5.077507235187759,4.895354509261865,4.849816327780236,4.485510875928201,3.847976335187233,3.6430545185204575,3.5519781555573564,2.982750887038549,3.0282890685201305,2.8233672518532833,2.959981796297797,2.436292709260556,2.2086018018530273,2.09475634814921,1.6166054425934122,1.798758168519476,1.366145444445137,1.2522999907413757,1.138454537037643,1.0246090833338788,0.7513799944448254,0.7513799944448254,0.2959981796297872,0.3870745425927986,0.4098436333335411,0.2732290888890274,0.3187672703705401,0.20492181666677056,0.318767270370532,0.04553818148150572,0.1138454537037643,0.06830727222225685,0.1366145444445137,0.06830727222225859,0.11384545370376142,0.04553818148150457,0.04553818148150572,0.06830727222225859,0.022769090740752285,0.04553818148150457,0.02276909074075286,0.5,0.063454201477133
1,expected,0.25,False,False,100,100,normal,0.4,1.6,1.6,1.25,0.2,0.25338068375524964,0.25831307008014465,0.26324545640503966,0.26817784272993467,0.2731102290548297,0.2780426153797247,0.2829750017046197,0.2879073880295147,0.2928397743544097,0.29777216067930473,0.3027045470041997,0.3076369333290947,0.3125693196539897,0.3175017059788847,0.32243409230377973,0.32736647862867474,0.33229886495356975,0.33723125127846476,0.34216363760335977,0.3470960239282548,0.3520284102531498,0.3569607965780448,0.3618931829029398,0.3668255692278348,0.37175795555272984,0.37669034187762485,0.38162272820251986,0.38655511452741487,0.3914875008523099,0.3964198871772049,0.4013522735020999,0.4062846598269949,0.4112170461518899,0.41614943247678493,0.42108181880167994,0.42601420512657495,0.43094659145146996,0.435878977776365,0.44081136410125993,0.44574375042615494,0.45067613675104995,0.45560852307594496,0.46054090940083997,0.465473295725735,0.47040568205063,0.475338068375525,0.48027045470042,0.485202841025315,0.49013522735021003,0.495067613675105,0.5,0.5049323863248951,0.50986477264979,0.5147971589746851,0.51972954529958,0.524661931624475,0.5295943179493701,0.5345267042742651,0.5394590905991601,0.5443914769240551,0.5493238632489501,0.5542562495738451,0.5591886358987401,0.5641210222236351,0.5690534085485301,0.5739857948734252,0.5789181811983202,0.5838505675232152,0.5887829538481102,0.5937153401730052,0.5986477264979002,0.6035801128227952,0.6085124991476902,0.6134448854725852,0.6183772717974803,0.6233096581223752,0.6282420444472703,0.6331744307721652,0.6381068170970603,0.6430392034219552,0.6479715897468503,0.6529039760717452,0.6578363623966403,0.6627687487215352,0.6677011350464304,0.6726335213713253,0.6775659076962204,0.6824982940211153,0.6874306803460104,0.6923630666709053,0.6972954529958004,0.7022278393206953,0.7071602256455904,0.7120926119704853,0.7170249982953805,0.7219573846202754,0.7268897709451705,0.7318221572700654,0.7367545435949604,0.7416869299198554,0.7466193162447504,0.04054832424430119,0.0,0.020274162122150594,0.020274162122150594,0.0,0.0,0.04054832424430119,0.10137081061075297,0.06082248636645178,0.060822486366452475,0.06082248636645178,0.12164497273290356,0.14191913485505414,0.22301578334365654,0.22301578334365654,0.10137081061075297,0.18246745909935536,0.24328994546580712,0.24328994546580712,0.3852090803208613,0.5474023772980661,0.5676765394202166,0.7501439985195719,0.7501439985195719,0.6082248636645179,1.3178205379397887,1.1759014030847346,1.3178205379397887,1.4800138349169933,1.9868678879707582,2.1693353470701133,2.0679645364593604,2.1693353470701133,2.757286048612481,3.1830434531776435,3.1019468046890406,3.9534616138193663,4.561686477483935,4.663057288094637,3.8723649653307635,4.663057288094637,5.392927124492058,5.494297935102811,5.007718044171197,6.102522798767328,6.305264419988834,5.43347544873636,5.920055339667973,6.16334528513385,5.615942907835715,5.6159429078355885,6.16334528513392,5.920055339667841,5.433475448736481,6.305264419988834,6.102522798767328,5.007718044171197,5.494297935102811,5.392927124492058,4.663057288094637,3.8723649653307635,4.663057288094637,4.561686477483884,3.9534616138193663,3.1019468046890406,3.1830434531776435,2.757286048612481,2.1693353470701133,2.0679645364593604,2.1693353470701133,1.9868678879707582,1.4800138349169933,1.3178205379397887,1.1759014030847346,1.3178205379398182,0.6082248636645041,0.7501439985195889,0.7501439985195552,0.5676765394202294,0.5474023772980537,0.38520908032087,0.24328994546580165,0.24328994546581262,0.18246745909935125,0.10137081061075526,0.22301578334365155,0.22301578334366154,0.14191913485505098,0.12164497273290631,0.060822486366450414,0.060822486366453155,0.060822486366450414,0.10137081061075526,0.04054832424430028,0.0,0.0,0.02027416212215105,0.020274162122150594,0.0,0.04054832424430119,0.5,0.06488762113011155
1,expected,0.25,False,False,100,100,normal,0.4,1.6,1.6,1.25,0.3,0.2465820272106244,0.25165038666641193,0.2567187461221994,0.2617871055779869,0.26685546503377444,0.271923824489562,0.27699218394534947,0.28206054340113695,0.2871289028569245,0.29219726231271204,0.2972656217684995,0.302333981224287,0.30740234068007455,0.3124707001358621,0.3175390595916496,0.32260741904743706,0.3276757785032246,0.33274413795901214,0.33781249741479963,0.3428808568705871,0.34794921632637466,0.3530175757821622,0.3580859352379497,0.36315429469373717,0.3682226541495247,0.37329101360531225,0.37835937306109974,0.3834277325168872,0.38849609197267476,0.3935644514284623,0.3986328108842498,0.4037011703400373,0.4087695297958248,0.41383788925161236,0.41890624870739984,0.4239746081631873,0.42904296761897487,0.4341113270747624,0.4391796865305499,0.4442480459863374,0.4493164054421249,0.45438476489791246,0.45945312435369995,0.46452148380948743,0.469589843265275,0.4746582027210625,0.47972656217685,0.4847949216326375,0.48986328108842503,0.49493164054421257,0.5,0.5050683594557875,0.5101367189115751,0.5152050783673626,0.5202734378231502,0.5253417972789376,0.5304101567347251,0.5354785161905127,0.5405468756463001,0.5456152351020876,0.5506835945578752,0.5557519540136627,0.5608203134694503,0.5658886729252377,0.5709570323810252,0.5760253918368128,0.5810937512926002,0.5861621107483878,0.5912304702041753,0.5962988296599628,0.6013671891157504,0.6064355485715378,0.6115039080273253,0.6165722674831129,0.6216406269389003,0.6267089863946879,0.6317773458504754,0.6368457053062629,0.6419140647620505,0.6469824242178379,0.6520507836736255,0.657119143129413,0.6621875025852004,0.667255862040988,0.6723242214967755,0.677392580952563,0.6824609404083506,0.687529299864138,0.6925976593199256,0.6976660187757131,0.7027343782315005,0.7078027376872881,0.7128710971430756,0.7179394565988632,0.7230078160546507,0.7280761755104381,0.7331445349662257,0.7382128944220132,0.7432812538778006,0.7483496133335882,0.7534179727893757,0.05919075050161075,0.0,0.0,0.0,0.0,0.0394605003344076,0.0,0.0,0.019730250167203586,0.0394605003344076,0.0591907505016114,0.03946050033440717,0.05919075050161075,0.2367630020064456,0.098651250836019,0.09865125083601793,0.17757225150483225,0.394605003344076,0.43406550367848357,0.3551445030096645,0.45379575384568244,0.7497495063537445,0.394605003344076,0.7694797565209398,0.808940256855347,0.9273217578585785,1.6178805137107115,1.04570325886179,1.558689763209083,1.6376107638779154,1.854643515717157,2.5057417712348555,2.229518268894005,3.097649276250997,3.058188775916589,3.2949517779229986,3.8473987826046994,3.669826531099907,3.807938282270334,4.557687788624028,4.3406550367847885,5.228516294309007,4.893102041466542,4.932562541800896,5.6625817979874284,5.721772548489103,5.938805300328344,5.7612330488234464,6.096647301665907,6.076917051498837,6.076917051498704,6.096647301665907,5.7612330488234464,5.938805300328279,5.721772548489165,5.6625817979874284,4.932562541800896,4.893102041466596,5.22851629430895,4.3406550367847885,4.557687788624028,3.8079382822702916,3.669826531099947,3.8473987826046994,3.2949517779229986,3.0581887759166224,3.0976492762509626,2.229518268894005,2.5057417712348555,1.854643515717137,1.6376107638779334,1.558689763209083,1.04570325886179,1.6178805137107295,0.9273217578585685,0.808940256855347,0.7694797565209398,0.3946050033440717,0.7497495063537526,0.45379575384568244,0.3551445030096645,0.4340655036784884,0.3946050033440717,0.17757225150483225,0.09865125083601793,0.09865125083601793,0.23676300200644818,0.05919075050161075,0.03946050033440717,0.059190750501612044,0.03946050033440717,0.019730250167203586,0.0,0.0,0.03946050033440803,0.0,0.0,0.0,0.0,0.05919075050161075,0.5,0.06588097137206833
1,expected,0.25,False,False,100,100,normal,0.4,1.6,1.6,1.25,0.4,0.26219012684449783,0.2669463243076079,0.2717025217707179,0.276458719233828,0.281214916696938,0.28597111416004806,0.2907273116231581,0.29548350908626814,0.3002397065493782,0.3049959040124882,0.3097521014755983,0.3145082989387083,0.31926449640181837,0.3240206938649284,0.32877689132803845,0.3335330887911485,0.3382892862542585,0.3430454837173686,0.3478016811804786,0.3525578786435887,0.35731407610669874,0.36207027356980875,0.3668264710329188,0.37158266849602883,0.3763388659591389,0.38109506342224897,0.385851260885359,0.390607458348469,0.39536365581157906,0.40011985327468913,0.4048760507377992,0.4096322482009092,0.4143884456640192,0.4191446431271293,0.42390084059023936,0.42865703805334937,0.43341323551645944,0.43816943297956945,0.4429256304426795,0.4476818279057896,0.4524380253688996,0.4571942228320096,0.4619504202951197,0.46670661775822975,0.4714628152213398,0.4762190126844498,0.48097521014755984,0.4857314076106699,0.49048760507378,0.49524380253689004,0.5,0.5047561974631101,0.5095123949262201,0.5142685923893302,0.5190247898524403,0.5237809873155503,0.5285371847786603,0.5332933822417704,0.5380495797048804,0.5428057771679904,0.5475619746311005,0.5523181720942105,0.5570743695573206,0.5618305670204307,0.5665867644835407,0.5713429619466508,0.5760991594097608,0.5808553568728708,0.5856115543359808,0.5903677517990908,0.5951239492622009,0.599880146725311,0.604636344188421,0.6093925416515311,0.6141487391146412,0.6189049365777511,0.6236611340408612,0.6284173315039713,0.6331735289670812,0.6379297264301913,0.6426859238933014,0.6474421213564114,0.6521983188195215,0.6569545162826316,0.6617107137457416,0.6664669112088516,0.6712231086719617,0.6759793061350716,0.6807355035981817,0.6854917010612918,0.6902478985244018,0.6950040959875119,0.699760293450622,0.704516490913732,0.709272688376842,0.714028885839952,0.7187850833030621,0.7235412807661721,0.7282974782292821,0.7330536756923922,0.7378098731555023,0.042050398779957386,0.021025199389978936,0.042050398779957386,0.021025199389978936,0.021025199389978693,0.0,0.06307559816993681,0.06307559816993608,0.06307559816993681,0.14717639572985083,0.10512599694989469,0.18922679450980823,0.12615119633987362,0.18922679450980823,0.16820159511982954,0.336403190239663,0.4205039877995739,0.6097307823093892,0.546655184139446,0.7779323774292115,0.5676803835294313,0.6938315798692968,1.0302347701089678,1.0302347701089558,1.093310368278892,1.345612760958652,1.324587561568673,1.8291923469281461,1.6189403530283593,1.8922679450980824,2.291746733507704,2.8804523164271143,2.6071247243573574,3.1748051078867827,3.3430067030066506,3.595309095686356,4.015813083485977,3.8055610895861434,3.826586288976122,4.457342270675534,5.046047853594945,5.067073052984864,5.003997454814929,4.772720261525163,5.382451043834608,5.845005430414144,5.739879433464183,5.676803835294247,5.908081028584013,6.307559816993755,6.307559816993608,5.908081028584013,5.676803835294247,5.739879433464183,5.845005430414076,5.382451043834671,4.772720261525163,5.003997454814929,5.067073052984983,5.046047853594886,4.457342270675483,3.826586288976122,3.8055610895861434,4.01581308348593,3.595309095686356,3.34300670300669,3.1748051078867827,2.6071247243574187,2.880452316427081,2.2917467335076775,1.8922679450980824,1.6189403530283593,1.8291923469281461,1.3245875615686578,1.3456127609586677,1.093310368278892,1.0302347701089558,1.0302347701089798,0.6938315798692968,0.5676803835294246,0.7779323774292115,0.546655184139446,0.609730782309382,0.4205039877995739,0.3364031902396669,0.16820159511982954,0.18922679450981264,0.12615119633987215,0.18922679450980823,0.10512599694989347,0.14717639572985083,0.06307559816993608,0.06307559816993608,0.06307559816993755,0.0,0.021025199389978693,0.021025199389979182,0.042050398779957386,0.021025199389978693,0.042050398779957386,0.5,0.06752788157915139
1,expected,0.25,False,False,100,100,normal,0.4,1.6,1.6,1.5,0.1,0.2664604977069704,0.27113128775283096,0.2758020777986916,0.28047286784455217,0.28514365789041274,0.28981444793627337,0.29448523798213394,0.2991560280279945,0.30382681807385514,0.3084976081197157,0.3131683981655763,0.3178391882114369,0.3225099782572975,0.32718076830315806,0.3318515583490187,0.33652234839487927,0.34119313844073984,0.3458639284866004,0.35053471853246104,0.3552055085783216,0.35987629862418224,0.3645470886700428,0.3692178787159034,0.37388866876176396,0.3785594588076246,0.38323024885348517,0.3879010388993458,0.39257182894520637,0.39724261899106694,0.4019134090369275,0.40658419908278814,0.4112549891286487,0.41592577917450935,0.4205965692203699,0.4252673592662305,0.42993814931209107,0.4346089393579517,0.43927972940381227,0.4439505194496729,0.44862130949553347,0.45329209954139404,0.4579628895872546,0.46263367963311525,0.4673044696789758,0.47197525972483645,0.476646049770697,0.4813168398165576,0.48598762986241817,0.4906584199082788,0.49532920995413937,0.5,0.5046707900458606,0.5093415800917211,0.5140123701375817,0.5186831601834423,0.523353950229303,0.5280247402751634,0.5326955303210241,0.5373663203668847,0.5420371104127453,0.546707900458606,0.5513786905044664,0.5560494805503271,0.5607202705961877,0.5653910606420482,0.5700618506879088,0.5747326407337694,0.5794034307796301,0.5840742208254905,0.5887450108713512,0.5934158009172118,0.5980865909630724,0.6027573810089331,0.6074281710547935,0.6120989611006542,0.6167697511465148,0.6214405411923754,0.6261113312382359,0.6307821212840965,0.6354529113299572,0.6401237013758176,0.6447944914216783,0.6494652814675389,0.6541360715133995,0.6588068615592602,0.6634776516051206,0.6681484416509813,0.6728192316968419,0.6774900217427025,0.682160811788563,0.6868316018344236,0.6915023918802843,0.6961731819261447,0.7008439719720054,0.705514762017866,0.7101855520637266,0.7148563421095873,0.7195271321554477,0.7241979222013084,0.7288687122471689,0.7335395022930296,0.02140965425937389,0.0,0.0,0.0,0.0,0.0,0.0,0.042819308518747275,0.02140965425937389,0.04281930851874778,0.06422896277812092,0.06422896277812168,0.04281930851874778,0.08563861703749455,0.17127723407499112,0.2569158511124867,0.21409654259373892,0.25691585111248366,0.2997351596312345,0.5566510107437146,0.6208799735218429,0.77074755333746,0.813566861856208,0.7493378990780774,1.3059889098218074,0.9420247874124401,1.2631696013030596,1.4344468353780506,1.6699530322311635,1.6057240694530228,1.8840495748249024,1.9054592290842538,2.3764716227905023,2.8260743622373536,3.7038701868716832,3.4041350272404083,3.168628830387336,4.603075665765332,4.388979123171648,4.817172208359126,5.309594256324725,5.5665101074371455,5.716377687252829,5.5451004531777714,5.88765492132782,6.144570772440307,6.615583166146533,6.444305932071465,7.000956942815263,6.422896277812091,6.422896277812168,7.000956942815263,6.444305932071542,6.615583166146533,6.1445707724401615,5.88765492132796,5.545100453177707,5.716377687252829,5.566510107437212,5.309594256324599,4.81717220835924,4.388979123171543,4.603075665765386,3.168628830387336,3.4041350272404487,3.7038701868716832,2.8260743622372866,2.3764716227905587,1.9054592290842312,1.8840495748249024,1.605724069453042,1.6699530322311238,1.4344468353780848,1.2631696013030296,0.9420247874124512,1.3059889098218074,0.7493378990780862,0.813566861856208,0.7707475533374418,0.6208799735218576,0.5566510107437079,0.2997351596312345,0.2569158511124867,0.21409654259373384,0.2569158511124928,0.17127723407498707,0.08563861703749556,0.04281930851874778,0.06422896277812168,0.06422896277812168,0.04281930851874677,0.0214096542593744,0.04281930851874677,0.0,0.0,0.0,0.0,0.0,0.0,0.021409654259373384,0.5,0.06021594483806663
1,expected,0.25,False,False,100,100,normal,0.4,1.6,1.6,1.5,0.2,0.27414323154167364,0.2786603669108402,0.2831775022800067,0.28769463764917325,0.2922117730183397,0.29672890838750626,0.3012460437566728,0.30576317912583934,0.31028031449500587,0.3147974498641724,0.3193145852333389,0.3238317206025054,0.32834885597167196,0.3328659913408385,0.33738312671000503,0.34190026207917157,0.3464173974483381,0.3509345328175046,0.3554516681866711,0.35996880355583766,0.3644859389250042,0.36900307429417073,0.3735202096633372,0.37803734503250375,0.3825544804016703,0.3870716157708368,0.39158875114000335,0.3961058865091699,0.4006230218783364,0.40514015724750296,0.4096572926166695,0.414174427985836,0.4186915633550025,0.42320869872416905,0.42772583409333553,0.43224296946250207,0.4367601048316686,0.44127724020083514,0.4457943755700017,0.4503115109391682,0.45482864630833475,0.4593457816775013,0.4638629170466678,0.46838005241583436,0.47289718778500084,0.4774143231541674,0.4819314585233339,0.4864485938925004,0.4909657292616669,0.49548286463083346,0.5,0.5045171353691665,0.5090342707383331,0.5135514061074996,0.5180685414766661,0.5225856768458327,0.5271028122149992,0.5316199475841656,0.5361370829533323,0.5406542183224987,0.5451713536916654,0.5496884890608318,0.5542056244299983,0.5587227597991649,0.5632398951683314,0.5677570305374979,0.5722741659066645,0.576791301275831,0.5813084366449974,0.5858255720141641,0.5903427073833305,0.5948598427524971,0.5993769781216636,0.6038941134908302,0.6084112488599966,0.6129283842291632,0.6174455195983297,0.6219626549674963,0.6264797903366628,0.6309969257058293,0.6355140610749959,0.6400311964441623,0.6445483318133289,0.6490654671824954,0.653582602551662,0.6580997379208284,0.6626168732899951,0.6671340086591615,0.671651144028328,0.6761682793974946,0.6806854147666611,0.6852025501358276,0.6897196855049942,0.6942368208741607,0.6987539562433271,0.7032710916124938,0.7077882269816602,0.7123053623508269,0.7168224977199933,0.7213396330891599,0.7258567684583264,0.022137924110618618,0.022137924110618618,0.022137924110618618,0.022137924110618892,0.06641377233185586,0.044275848221237236,0.044275848221237236,0.044275848221237236,0.08855169644247447,0.08855169644247557,0.06641377233185586,0.1106896205530931,0.13282754466371172,0.17710339288494895,0.13282754466371172,0.28779301343804203,0.2877930134380456,0.19924131699556757,0.4427584822123724,0.4427584822123724,0.4427584822123724,0.6641377233185667,0.9076548885353634,0.9740686608672193,1.040482433199075,1.4168271430795916,1.4832409154114474,1.5275167636326847,1.7710339288494896,2.036689018176913,2.1252407146194137,2.501585424499904,2.4794475003892855,3.3428265407034523,3.7413091746945466,3.6084816300308353,3.652757478252072,3.940550491690114,4.715377835561766,5.423791407101562,5.246688014216613,5.512343103544036,5.180274241884757,5.667308572318436,6.198618750973213,5.733722344650222,6.5306876126325735,6.198618750973213,6.729928929628061,7.150549487729815,7.150549487729815,6.729928929628061,6.198618750973213,6.530687612632493,5.733722344650222,6.198618750973213,5.667308572318506,5.1802742418846295,5.512343103544172,5.246688014216484,5.423791407101695,4.715377835561766,3.940550491690114,3.652757478252072,3.6084816300308353,3.7413091746945466,3.3428265407034115,2.4794475003893464,2.501585424499843,2.12524071461944,2.036689018176863,1.7710339288495331,1.5275167636326472,1.4832409154114838,1.4168271430795916,1.040482433199075,0.9740686608672193,0.9076548885353634,0.6641377233185586,0.4427584822123724,0.4427584822123833,0.44275848221236147,0.19924131699557246,0.287793013438035,0.28779301343804914,0.13282754466370844,0.1771033928849533,0.13282754466371172,0.1106896205530931,0.06641377233185586,0.08855169644247447,0.08855169644247447,0.044275848221237236,0.044275848221238326,0.044275848221236154,0.0664137723318575,0.022137924110618077,0.022137924110619163,0.022137924110618077,0.022137924110619163,0.5,0.06057395886698583
1,expected,0.25,False,False,100,100,normal,0.4,1.6,1.6,1.5,0.3,0.22538009292814182,0.23087249106957897,0.23636488921101614,0.2418572873524533,0.24734968549389047,0.2528420836353276,0.25833448177676477,0.263826879918202,0.2693192780596391,0.27481167620107627,0.2803040743425134,0.2857964724839506,0.2912888706253878,0.2967812687668249,0.3022736669082621,0.3077660650496993,0.3132584631911364,0.3187508613325736,0.3242432594740107,0.3297356576154479,0.3352280557568851,0.34072045389832223,0.3462128520397594,0.3517052501811966,0.3571976483226337,0.3626900464640709,0.36818244460550803,0.3736748427469452,0.3791672408883824,0.38465963902981953,0.3901520371712567,0.3956444353126939,0.401136833454131,0.4066292315955682,0.41212162973700533,0.4176140278784425,0.4231064260198797,0.4285988241613168,0.434091222302754,0.43958362044419114,0.4450760185856283,0.4505684167270655,0.45606081486850264,0.4615532130099398,0.467045611151377,0.4725380092928141,0.4780304074342513,0.48352280557568844,0.4890152037171256,0.49450760185856274,0.49999999999999994,0.5054923981414371,0.5109847962828742,0.5164771944243114,0.5219695925657486,0.5274619907071858,0.5329543888486229,0.53844678699006,0.5439391851314972,0.5494315832729344,0.5549239814143716,0.5604163795558087,0.5659087776972459,0.571401175838683,0.5768935739801202,0.5823859721215574,0.5878783702629945,0.5933707684044317,0.5988631665458688,0.604355564687306,0.6098479628287432,0.6153403609701804,0.6208327591116175,0.6263251572530546,0.6318175553944918,0.637309953535929,0.6428023516773662,0.6482947498188033,0.6537871479602404,0.6592795461016776,0.6647719442431148,0.670264342384552,0.6757567405259891,0.6812491386674262,0.6867415368088634,0.6922339349503006,0.6977263330917378,0.7032187312331749,0.7087111293746121,0.7142035275160492,0.7196959256574864,0.7251883237989236,0.7306807219403608,0.7361731200817978,0.741665518223235,0.7471579163646722,0.7526503145061094,0.7581427126475466,0.7636351107889836,0.7691275089304208,0.7746199070718581,0.01820698307457985,0.0,0.0,0.0,0.0,0.0,0.0,0.01820698307457985,0.0364139661491597,0.01820698307457985,0.03641396614915933,0.01820698307457985,0.0,0.0364139661491597,0.03641396614915933,0.05462094922373955,0.16386284767121864,0.16386284767121864,0.1820698307457985,0.218483796894956,0.12744888152205894,0.2731047461186978,0.273104746118695,0.3823466445661807,0.600830441461129,0.5097955260882358,0.9649701029527321,0.710072339908607,1.1288329506239507,1.3837307136680685,1.4383516628917936,1.6932494259359432,1.966354172054604,2.548977630441179,2.2576659012479015,2.74925444426153,3.131601088827766,3.368291868797238,3.823466445661768,4.151192141004206,4.242227056377063,5.1343692270315175,5.425680956224795,5.043334311658567,5.753406651567291,5.48030190544848,5.917269499238451,5.97189044846219,6.609134856072486,6.973274517564011,6.973274517564082,6.6091348560725525,5.971890448462131,5.917269499238391,5.48030190544848,5.753406651567291,5.043334311658669,5.425680956224741,5.134369227031465,4.242227056377063,4.151192141004248,3.82346644566173,3.3682918687973062,3.1316010888277024,2.74925444426153,2.257665901247924,2.548977630441153,1.9663541720546436,1.693249425935909,1.4383516628917936,1.3837307136680546,1.128832950623962,0.7100723399086213,0.9649701029527223,0.5097955260882306,0.600830441461129,0.3823466445661807,0.2731047461187005,0.273104746118695,0.12744888152205766,0.218483796894956,0.18206983074580035,0.1638628476712203,0.163862847671217,0.054620949223739,0.03641396614915933,0.03641396614916007,0.0,0.018206983074580036,0.03641396614915933,0.018206983074579665,0.03641396614915933,0.0182069830745804,0.0,0.0,0.0,0.0,0.0,0.0,0.018206983074579297,0.5,0.06287783492394898
1,expected,0.25,False,False,100,100,normal,0.4,1.6,1.6,1.5,0.4,0.24918446136516106,0.25420077213785786,0.2592170829105546,0.2642333936832514,0.2692497044559482,0.27426601522864497,0.27928232600134173,0.2842986367740385,0.2893149475467353,0.2943312583194321,0.29934756909212884,0.3043638798648256,0.3093801906375224,0.3143965014102192,0.31941281218291595,0.32442912295561277,0.32944543372830953,0.3344617445010063,0.33947805527370306,0.3444943660463998,0.34951067681909664,0.3545269875917934,0.35954329836449017,0.364559609137187,0.36957591990988375,0.3745922306825805,0.37960854145527734,0.38462485222797405,0.38964116300067086,0.39465747377336763,0.3996737845460644,0.4046900953187612,0.409706406091458,0.41472271686415474,0.41973902763685156,0.4247553384095483,0.4297716491822451,0.4347879599549419,0.4398042707276386,0.44482058150033543,0.4498368922730322,0.45485320304572896,0.4598695138184258,0.46488582459112254,0.4699021353638193,0.4749184461365161,0.47993475690921283,0.48495106768190965,0.4899673784546065,0.4949836892273032,0.5,0.5050163107726968,0.5100326215453935,0.5150489323180903,0.520065243090787,0.5250815538634839,0.5300978646361807,0.5351141754088774,0.5401304861815742,0.545146796954271,0.5501631077269677,0.5551794184996646,0.5601957292723613,0.5652120400450581,0.5702283508177549,0.5752446615904516,0.5802609723631484,0.5852772831358453,0.590293593908542,0.5953099046812388,0.6003262154539356,0.6053425262266323,0.6103588369993291,0.6153751477720258,0.6203914585447227,0.6254077693174195,0.6304240800901162,0.635440390862813,0.6404567016355098,0.6454730124082065,0.6504893231809034,0.6555056339536002,0.6605219447262969,0.6655382554989937,0.6705545662716904,0.6755708770443872,0.680587187817084,0.6856034985897808,0.6906198093624776,0.6956361201351744,0.7006524309078711,0.7056687416805679,0.7106850524532646,0.7157013632259615,0.7207176739986583,0.725733984771355,0.7307502955440518,0.7357666063167486,0.7407829170894453,0.7457992278621421,0.7508155386348389,0.019934969050220856,0.0,0.0,0.0,0.0,0.019934969050220967,0.019934969050220967,0.03986993810044149,0.019934969050220967,0.019934969050220967,0.09967484525110483,0.03986993810044149,0.059804907150662896,0.059804907150662896,0.15947975240176596,0.15947975240176773,0.15947975240176773,0.15947975240176773,0.2591545976528726,0.4585042881550771,0.29902453575331445,0.5183091953057452,0.777463792958609,0.6578539786572918,1.076488328711932,0.6179840405568431,1.17616317396305,1.0764883287119202,1.5150576478167934,1.7742122454696658,2.172911626474061,2.4121312550767366,2.332391378875853,2.7709606979806836,3.030115295633587,3.2892698932864595,3.2294649861357607,3.8275140576424675,3.7477741814414998,4.525237974400159,4.505303005349938,4.744522633952537,4.74452263395259,5.063482138756125,5.8409459317146775,7.037044074728078,6.100100529367548,6.239645312719093,6.199775374618789,6.6184097246732865,6.6184097246732865,6.199775374618789,6.239645312719093,6.100100529367682,7.037044074727922,5.8409459317146775,5.063482138756181,4.744522633952537,4.744522633952537,4.5053030053499885,4.525237974400109,3.747774181441583,3.827514057642383,3.2294649861357607,3.289269893286496,3.030115295633553,2.7709606979806836,2.3323913788758786,2.41213125507671,2.172911626474061,1.7742122454696856,1.5150576478167765,1.076488328711944,1.176163173963024,0.6179840405568431,1.076488328711944,0.6578539786572846,0.777463792958609,0.5183091953057508,0.29902453575331117,0.4585042881550771,0.2591545976528754,0.15947975240176596,0.1594797524017695,0.15947975240176596,0.15947975240176596,0.059804907150663555,0.05980490715066224,0.03986993810044149,0.09967484525110593,0.019934969050220745,0.01993496905022119,0.03986993810044149,0.019934969050220745,0.01993496905022119,0.0,0.0,0.0,0.0,0.01993496905022119,0.5,0.06335091952339982
1,expected,0.25,False,False,100,100,normal,0.4,1.6,2.0,0.5,0.1,0.15045089054713434,0.15744187273619165,0.16443285492524898,0.17142383711430628,0.1784148193033636,0.18540580149242092,0.19239678368147822,0.19938776587053553,0.20637874805959283,0.21336973024865016,0.22036071243770747,0.2273516946267648,0.2343426768158221,0.2413336590048794,0.2483246411939367,0.255315623382994,0.2623066055720513,0.2692975877611087,0.276288569950166,0.2832795521392233,0.2902705343282806,0.2972615165173379,0.30425249870639526,0.3112434808954525,0.31823446308450987,0.32522544527356717,0.3322164274626245,0.3392074096516818,0.3461983918407391,0.35318937402979644,0.3601803562188537,0.36717133840791105,0.37416232059696836,0.38115330278602566,0.388144284975083,0.39513526716414027,0.40212624935319763,0.40911723154225493,0.41610821373131224,0.42309919592036954,0.43009017810942685,0.43708116029848415,0.4440721424875415,0.4510631246765988,0.4580541068656561,0.4650450890547134,0.4720360712437707,0.47902705343282803,0.4860180356218854,0.4930090178109427,0.5,0.5069909821890572,0.5139819643781146,0.520972946567172,0.5279639287562292,0.5349549109452866,0.5419458931343439,0.5489368753234012,0.5559278575124584,0.5629188397015158,0.5699098218905732,0.5769008040796304,0.5838917862686878,0.5908827684577451,0.5978737506468024,0.6048647328358596,0.611855715024917,0.6188466972139743,0.6258376794030316,0.632828661592089,0.6398196437811463,0.6468106259702036,0.6538016081592609,0.6607925903483182,0.6677835725373755,0.6747745547264328,0.6817655369154901,0.6887565191045475,0.6957475012936047,0.7027384834826621,0.7097294656717194,0.7167204478607767,0.723711430049834,0.7307024122388913,0.7376933944279487,0.7446843766170059,0.7516753588060633,0.7586663409951205,0.7656573231841779,0.7726483053732351,0.7796392875622925,0.7866302697513499,0.7936212519404071,0.8006122341294645,0.8076032163185217,0.8145941985075791,0.8215851806966364,0.8285761628856937,0.835567145074751,0.8425581272638083,0.8495491094528657,0.01430414172081941,0.014304141720819353,0.0,0.0,0.0,0.0,0.01430414172081941,0.02860828344163882,0.0,0.02860828344163882,0.014304141720819353,0.01430414172081941,0.05721656688327764,0.05721656688327764,0.05721656688327764,0.08582485032491646,0.22886626753310874,0.1287372754873747,0.17164970064983293,0.24317040925393,0.24317040925393,0.3576035430204825,0.5149491019495029,0.5864698105535912,0.5435573853911376,0.7295112277617899,0.5864698105535958,0.7438153694826094,1.01559406217817,1.358893463477855,1.3875017469194717,1.7164970064983291,1.7880177151024266,1.8595384237065085,2.1456212581229286,2.5318330845850157,2.5461372263058553,2.7606993521181464,3.204127745463548,2.932349052767979,3.604643713646491,3.604643713646463,3.905030689783699,4.119592815595991,4.248330091083365,4.090984532154351,4.276938374525003,4.219721807641692,4.205417665920907,4.534412925499753,4.534412925499789,4.205417665920874,4.219721807641692,4.276938374525038,4.090984532154319,4.248330091083331,4.1195928155960235,3.9050306897837306,3.604643713646463,3.604643713646463,2.9323490527680023,3.2041277454635226,2.7606993521181242,2.5461372263058752,2.531833084585056,2.1456212581228944,1.8595384237065085,1.7880177151024408,1.7164970064983158,1.3875017469194717,1.358893463477855,1.01559406217817,0.7438153694826153,0.5864698105535912,0.7295112277617958,0.5435573853911333,0.5864698105535912,0.5149491019495029,0.3576035430204825,0.2431704092539319,0.24317040925392808,0.17164970064983429,0.12873727548737368,0.22886626753310874,0.08582485032491714,0.057216566883277184,0.0572165668832781,0.057216566883277184,0.014304141720819525,0.014304141720819296,0.028608283441638592,0.0,0.028608283441638592,0.014304141720819525,0.0,0.0,0.0,0.0,0.014304141720819525,0.014304141720819296,0.5,0.08802535953147372
1,expected,0.25,False,False,100,100,normal,0.4,1.6,2.0,0.5,0.2,0.16342202382682852,0.17015358335029196,0.1768851428737554,0.1836167023972188,0.19034826192068224,0.19707982144414568,0.2038113809676091,0.21054294049107253,0.21727450001453597,0.2240060595379994,0.23073761906146284,0.23746917858492625,0.2442007381083897,0.2509322976318531,0.25766385715531653,0.26439541667877997,0.2711269762022434,0.27785853572570685,0.2845900952491703,0.2913216547726337,0.2980532142960971,0.3047847738195606,0.311516333343024,0.3182478928664874,0.32497945238995085,0.3317110119134143,0.3384425714368777,0.3451741309603411,0.3519056904838046,0.358637250007268,0.3653688095307314,0.37210036905419486,0.3788319285776583,0.38556348810112173,0.39229504762458517,0.3990266071480486,0.405758166671512,0.4124897261949755,0.41922128571843886,0.4259528452419023,0.43268440476536574,0.4394159642888292,0.4461475238122926,0.45287908333575605,0.45961064285921943,0.46634220238268287,0.4730737619061463,0.47980532142960974,0.4865368809530732,0.4932684404765366,0.5,0.5067315595234635,0.513463119046927,0.5201946785703904,0.5269262380938537,0.5336577976173171,0.5403893571407806,0.5471209166642441,0.5538524761877075,0.5605840357111709,0.5673155952346343,0.5740471547580978,0.5807787142815612,0.5875102738050246,0.594241833328488,0.6009733928519515,0.607704952375415,0.6144365118988784,0.6211680714223418,0.6278996309458051,0.6346311904692686,0.6413627499927321,0.6480943095161955,0.6548258690396589,0.6615574285631224,0.6682889880865859,0.6750205476100493,0.6817521071335126,0.688483666656976,0.6952152261804396,0.701946785703903,0.7086783452273664,0.7154099047508298,0.7221414642742932,0.7288730237977568,0.7356045833212201,0.7423361428446835,0.7490677023681469,0.7557992618916103,0.7625308214150739,0.7692623809385373,0.7759939404620007,0.782725499985464,0.7894570595089276,0.796188619032391,0.8029201785558544,0.8096517380793178,0.8163832976027812,0.8231148571262448,0.8298464166497082,0.8365779761731715,0.014855398611783983,0.0,0.0,0.014855398611783983,0.014855398611783983,0.0,0.0,0.029710797223567967,0.029710797223567967,0.0,0.02971079722356809,0.07427699305891991,0.08913239167070428,0.04456619583535195,0.20797558056497578,0.10398779028248789,0.11884318889427187,0.2525417764003277,0.1782647833414078,0.34167416807103446,0.5347943500242189,0.4605173569653073,0.5496497486360074,0.4902281541888715,0.8764685180952551,1.0398779028248788,1.114154895883808,1.1290102944955733,1.1735764903309445,1.3518412736723424,1.5895276514608863,1.946057218143702,1.7677924348022942,2.2134543931558137,1.9906234139790537,2.703682547344707,3.0750675126392593,2.6442609528975707,3.0602121140275007,3.1047783098628527,3.416741680710316,3.5504402682163723,4.2189332057466515,4.204077807134902,3.966391429346323,4.1298008140759475,4.263499401582004,4.308065597417356,4.1298008140759475,3.7287050515578106,3.728705051557749,4.129800814075914,4.30806559741739,4.263499401582038,4.129800814075981,3.9663914293462907,4.204077807134833,4.218933205746686,3.5504402682164016,3.4167416807103446,3.104778309862827,3.0602121140274754,2.6442609528975707,3.07506751263931,2.7036825473446626,1.9906234139790373,2.213454393155832,1.7677924348023086,1.946057218143718,1.5895276514608732,1.3518412736723313,1.1735764903309445,1.1290102944955922,1.1141548958837895,1.0398779028248701,0.8764685180952624,0.4902281541888755,0.5496497486360119,0.4605173569652921,0.5347943500242278,0.34167416807103446,0.17826478334140927,0.2525417764003298,0.11884318889426893,0.10398779028248874,0.20797558056497747,0.04456619583535232,0.08913239167070464,0.07427699305891808,0.02971079722356821,0.0,0.02971079722356821,0.02971079722356723,0.0,0.0,0.014855398611784105,0.014855398611784105,0.0,0.0,0.014855398611784105,0.5,0.09032821903154083
1,expected,0.25,False,False,100,100,normal,0.4,1.6,2.0,0.5,0.3,0.15448566849877188,0.16139595512879645,0.168306241758821,0.17521652838884558,0.18212681501887013,0.1890371016488947,0.19594738827891925,0.20285767490894382,0.20976796153896837,0.21667824816899295,0.22358853479901752,0.23049882142904207,0.23740910805906662,0.2443193946890912,0.25122968131911577,0.2581399679491403,0.26505025457916487,0.27196054120918944,0.278870827839214,0.2857811144692386,0.29269140109926317,0.2996016877292877,0.30651197435931227,0.3134222609893368,0.32033254761936136,0.32724283424938594,0.3341531208794105,0.3410634075094351,0.34797369413945967,0.3548839807694842,0.36179426739950876,0.3687045540295333,0.37561484065955786,0.38252512728958243,0.389435413919607,0.3963457005496316,0.40325598717965616,0.4101662738096807,0.41707656043970526,0.42398684706972983,0.4308971336997544,0.43780742032977893,0.4447177069598035,0.4516279935898281,0.45853828021985266,0.4654485668498772,0.47235885347990175,0.47926914010992633,0.4861794267399509,0.4930897133699755,0.5,0.5069102866300246,0.5138205732600492,0.5207308598900737,0.5276411465200983,0.5345514331501229,0.5414617197801475,0.548372006410172,0.5552822930401965,0.5621925796702211,0.5691028663002456,0.5760131529302702,0.5829234395602947,0.5898337261903193,0.5967440128203438,0.6036542994503684,0.610564586080393,0.6174748727104176,0.6243851593404421,0.6312954459704667,0.6382057326004913,0.6451160192305159,0.6520263058605404,0.6589365924905649,0.6658468791205895,0.6727571657506141,0.6796674523806386,0.6865777390106632,0.6934880256406878,0.7003983122707124,0.7073085989007369,0.7142188855307615,0.721129172160786,0.7280394587908106,0.7349497454208351,0.7418600320508597,0.7487703186808843,0.7556806053109089,0.7625908919409334,0.769501178570958,0.7764114652009825,0.783321751831007,0.7902320384610316,0.7971423250910562,0.8040526117210808,0.8109628983511054,0.8178731849811299,0.8247834716111545,0.8316937582411791,0.8386040448712035,0.8455143315012281,0.014471179757654187,0.0,0.0,0.0,0.014471179757654187,0.014471179757654244,0.014471179757654187,0.014471179757654244,0.043413539272962556,0.043413539272962556,0.028942359515308488,0.04341353927296273,0.08682707854592511,0.07235589878827092,0.17365415709185164,0.18812533684950442,0.18812533684950442,0.23153887612246699,0.2894235951530837,0.3038947749107379,0.46307775224493763,0.6512030890944384,0.5064912915179006,0.6946166283674009,0.7814437069133261,1.1576943806123348,1.027453762793447,0.9985114032781388,1.2300502794006156,1.3458197174618394,1.6352433126149362,1.9391380875256607,1.7220703911608481,2.3153887612246695,2.1272634243751654,2.4601005588012113,2.7495241539543174,2.749524153954295,2.981063030076762,3.0678901086226875,2.981063030076786,3.4586119620793507,3.313900164502808,3.6467372989288545,3.8203914560207357,4.225584489235022,4.297940388023293,4.312411567780948,4.022987972627864,3.9072185345666615,3.90721853456663,4.022987972627864,4.312411567780948,4.297940388023293,4.225584489235022,3.820391456020705,3.6467372989288545,3.313900164502862,3.4586119620793507,2.981063030076762,3.0678901086226875,2.98106303007681,2.749524153954295,2.749524153954295,2.4601005588012113,2.1272634243751654,2.3153887612246695,1.7220703911608481,1.9391380875256607,1.635243312614923,1.3458197174618394,1.2300502794006056,0.9985114032781548,1.027453762793447,1.1576943806123348,0.7814437069133261,0.6946166283674009,0.5064912915178965,0.6512030890944384,0.46307775224493397,0.3038947749107379,0.28942359515308835,0.23153887612246699,0.18812533684950442,0.18812533684950442,0.17365415709185023,0.07235589878827092,0.08682707854592511,0.043413539272962556,0.028942359515308835,0.043413539272962556,0.043413539272962556,0.014471179757654187,0.014471179757654187,0.014471179757654187,0.014471179757654187,0.0,0.0,0.0,0.014471179757654187,0.5,0.0946582551486682
1,expected,0.25,False,False,100,100,normal,0.4,1.6,2.0,0.5,0.4,0.13883943789762507,0.14606264913967257,0.15328586038172007,0.16050907162376757,0.16773228286581507,0.17495549410786254,0.18217870534991004,0.18940191659195754,0.19662512783400504,0.20384833907605254,0.21107155031810004,0.21829476156014754,0.22551797280219504,0.23274118404424254,0.23996439528629004,0.24718760652833754,0.25441081777038504,0.26163402901243255,0.26885724025448,0.2760804514965275,0.283303662738575,0.2905268739806225,0.29775008522267,0.3049732964647175,0.312196507706765,0.3194197189488125,0.32664293019086,0.3338661414329075,0.341089352674955,0.3483125639170025,0.35553577515905,0.3627589864010975,0.369982197643145,0.3772054088851925,0.38442862012724,0.3916518313692875,0.398875042611335,0.4060982538533825,0.41332146509543,0.4205446763374775,0.427767887579525,0.4349910988215725,0.44221431006362,0.4494375213056675,0.456660732547715,0.4638839437897625,0.47110715503181,0.4783303662738575,0.485553577515905,0.4927767887579525,0.5,0.5072232112420475,0.514446422484095,0.5216696337261425,0.5288928449681899,0.5361160562102374,0.5433392674522849,0.5505624786943324,0.5577856899363799,0.5650089011784274,0.5722321124204749,0.5794553236625224,0.5866785349045699,0.5939017461466174,0.6011249573886649,0.6083481686307124,0.6155713798727599,0.6227945911148074,0.6300178023568549,0.6372410135989024,0.6444642248409499,0.6516874360829974,0.6589106473250449,0.6661338585670924,0.6733570698091399,0.6805802810511874,0.6878034922932349,0.6950267035352824,0.7022499147773299,0.7094731260193774,0.7166963372614249,0.7239195485034724,0.7311427597455199,0.7383659709875674,0.7455891822296149,0.7528123934716624,0.7600356047137099,0.7672588159557574,0.7744820271978049,0.7817052384398524,0.7889284496818999,0.7961516609239474,0.8033748721659949,0.8105980834080424,0.8178212946500899,0.8250445058921374,0.8322677171341849,0.8394909283762324,0.8467141396182799,0.8539373508603274,0.8611605621023749,0.013844257996759606,0.0,0.0,0.0,0.0,0.013844257996759606,0.0,0.0,0.02768851599351921,0.06922128998379803,0.05537703198703842,0.06922128998379803,0.11075406397407685,0.04153277399027882,0.09690980597731726,0.05537703198703842,0.16613109596111528,0.17997535395787626,0.16613109596111528,0.387639223909269,0.387639223909269,0.3737949659125094,0.5814588358639035,0.5260818038768651,0.6922128998379803,0.8306554798055764,0.8998767697893745,1.0521636077537302,1.3290487676889222,1.3567372836824416,1.619778185620874,1.7720650235852295,1.8274420555722681,2.076638699513941,1.9381961195463449,2.4504336654264507,2.6304090193843255,2.4504336654264507,2.768851599351921,3.101113791274152,3.0318925012903537,3.0872695332773925,3.7933266911121324,3.6410398531477766,3.807170949108892,3.6410398531477766,4.153277399027882,3.8487037230991707,4.097900367040843,4.000990561063526,4.000990561063526,4.097900367040843,3.8487037230991707,4.153277399027946,3.6410398531477766,3.807170949108892,3.6410398531477766,3.7933266911121324,3.0872695332773925,3.0318925012903537,3.101113791274152,2.768851599351921,2.4504336654264507,2.6304090193843255,2.4504336654264507,1.9381961195463449,2.076638699513941,1.8274420555722681,1.7720650235852295,1.619778185620874,1.3567372836824416,1.3290487676889222,1.0521636077537302,0.8998767697893745,0.8306554798055764,0.6922128998379803,0.5260818038768651,0.5814588358639035,0.3737949659125094,0.387639223909269,0.387639223909269,0.16613109596111528,0.1799753539578749,0.16613109596111528,0.05537703198703842,0.09690980597731726,0.04153277399027882,0.11075406397407685,0.06922128998379803,0.05537703198703842,0.06922128998379803,0.02768851599351921,0.0,0.0,0.013844257996759606,0.0,0.0,0.0,0.0,0.013844257996759606,0.5,0.0965530703665068
1,expected,0.25,False,False,100,100,normal,0.4,1.6,2.0,0.75,0.1,0.22414604753072048,0.22966312658010607,0.23518020562949166,0.24069728467887724,0.24621436372826283,0.2517314427776484,0.257248521827034,0.2627656008764196,0.2682826799258052,0.27379975897519077,0.2793168380245764,0.284833917073962,0.2903509961233476,0.29586807517273317,0.30138515422211876,0.30690223327150434,0.31241931232088993,0.3179363913702755,0.3234534704196611,0.3289705494690467,0.3344876285184323,0.34000470756781787,0.34552178661720345,0.35103886566658904,0.3565559447159746,0.3620730237653602,0.3675901028147458,0.3731071818641314,0.378624260913517,0.38414133996290256,0.38965841901228815,0.39517549806167374,0.4006925771110593,0.4062096561604449,0.4117267352098305,0.4172438142592161,0.42276089330860167,0.42827797235798726,0.4337950514073729,0.4393121304567585,0.4448292095061441,0.45034628855552966,0.45586336760491525,0.46138044665430084,0.4668975257036864,0.472414604753072,0.4779316838024576,0.4834487628518432,0.48896584190122877,0.49448292095061436,0.49999999999999994,0.5055170790493855,0.5110341580987712,0.5165512371481567,0.5220683161975423,0.5275853952469279,0.5331024742963135,0.5386195533456991,0.5441366323950847,0.5496537114444703,0.5551707904938559,0.5606878695432415,0.566204948592627,0.5717220276420126,0.5772391066913982,0.5827561857407838,0.5882732647901694,0.593790343839555,0.5993074228889406,0.6048245019383262,0.6103415809877117,0.6158586600370973,0.6213757390864829,0.6268928181358685,0.6324098971852541,0.6379269762346398,0.6434440552840253,0.648961134333411,0.6544782133827964,0.6599952924321821,0.6655123714815676,0.6710294505309533,0.6765465295803388,0.6820636086297245,0.68758068767911,0.6930977667284957,0.6986148457778811,0.7041319248272668,0.7096490038766523,0.715166082926038,0.7206831619754235,0.7262002410248092,0.7317173200741947,0.7372343991235804,0.7427514781729658,0.7482685572223515,0.753785636271737,0.7593027153211227,0.7648197943705082,0.7703368734198939,0.7758539524692795,0.01812553329485764,0.0,0.0,0.0,0.0,0.03625106658971528,0.05437659988457292,0.05437659988457292,0.0,0.01812553329485746,0.03625106658971528,0.07250213317943056,0.10875319976914584,0.16312979965371877,0.1812553329485764,0.10875319976914584,0.3625106658971528,0.32625959930743753,0.32625959930743753,0.43501279907658336,0.43501279907658336,0.5256404655508716,0.851900064858309,0.8881511314480244,0.9244021980377396,1.0512809311017433,1.1419085975760315,1.3231639305246077,1.6312979965371877,1.8488043960754792,1.9938086624343407,2.265691661857205,2.30194272844692,2.8638342605875073,2.8638342605875073,3.081340660125799,3.008838526946368,3.443851326022917,4.477006723829837,4.350127990765834,4.096370524637827,4.132621591227543,4.83951738972699,4.658262056778414,4.404504590650407,4.83951738972699,5.600789788111011,4.60388545689384,4.893893989611564,4.984521656085851,4.984521656085901,4.893893989611464,4.603885456893933,5.600789788110898,4.83951738972699,4.404504590650407,4.658262056778414,4.83951738972699,4.132621591227543,4.096370524637827,4.350127990765834,4.477006723829837,3.443851326022952,3.008838526946368,3.081340660125799,2.8638342605875073,2.8638342605875073,2.30194272844692,2.265691661857205,1.9938086624343407,1.8488043960754792,1.6312979965371877,1.3231639305246077,1.1419085975760315,1.051280931101722,0.9244021980377584,0.8881511314480065,0.8519000648583261,0.525640465550861,0.43501279907659207,0.43501279907657464,0.32625959930744414,0.326259599307431,0.36251066589716013,0.10875319976914366,0.18125533294858007,0.1631297996537155,0.10875319976914802,0.0725021331794291,0.03625106658971601,0.018125533294857277,0.0,0.05437659988457183,0.05437659988457401,0.03625106658971455,0.0,0.0,0.0,0.0,0.01812553329485764,0.5,0.07521139066482836
1,expected,0.25,False,False,100,100,normal,0.4,1.6,2.0,0.75,0.2,0.19316606766084005,0.19930274630762324,0.20543942495440645,0.21157610360118964,0.21771278224797283,0.22384946089475605,0.22998613954153924,0.23612281818832243,0.24225949683510561,0.24839617548188883,0.254532854128672,0.26066953277545524,0.2668062114222384,0.2729428900690216,0.2790795687158048,0.285216247362588,0.29135292600937124,0.2974896046561544,0.3036262833029376,0.3097629619497208,0.315899640596504,0.32203631924328724,0.3281729978900704,0.3343096765368536,0.3404463551836368,0.34658303383042,0.3527197124772032,0.3588563911239864,0.3649930697707696,0.37112974841755275,0.377266427064336,0.3834031057111192,0.3895397843579024,0.39567646300468556,0.40181314165146875,0.407949820298252,0.41408649894503513,0.4202231775918184,0.42635985623860156,0.43249653488538475,0.43863321353216794,0.44476989217895113,0.4509065708257344,0.45704324947251757,0.46317992811930075,0.46931660676608394,0.47545328541286713,0.4815899640596503,0.48772664270643357,0.49386332135321676,0.49999999999999994,0.5061366786467831,0.5122733572935663,0.5184100359403495,0.5245467145871328,0.5306833932339159,0.5368200718806991,0.5429567505274824,0.5490934291742655,0.5552301078210486,0.5613667864678319,0.5675034651146151,0.5736401437613983,0.5797768224081815,0.5859135010549648,0.5920501797017479,0.598186858348531,0.6043235369953143,0.6104602156420975,0.6165968942888806,0.6227335729356639,0.6288702515824471,0.6350069302292303,0.6411436088760134,0.6472802875227968,0.6534169661695799,0.659553644816363,0.6656903234631463,0.6718270021099295,0.6779636807567126,0.6841003594034958,0.6902370380502791,0.6963737166970623,0.7025103953438454,0.7086470739906288,0.7147837526374119,0.720920431284195,0.7270571099309782,0.7331937885777615,0.7393304672245447,0.7454671458713278,0.7516038245181111,0.7577405031648943,0.7638771818116774,0.7700138604584605,0.7761505391052439,0.782287217752027,0.7884238963988102,0.7945605750455935,0.8006972536923767,0.8068339323391599,0.01629545976835848,0.016295459768358403,0.0,0.0,0.04888637930507521,0.01629545976835848,0.03259091953671696,0.03259091953671696,0.016295459768358403,0.08147729884179275,0.048886379305074994,0.06518183907343392,0.03259091953671696,0.06518183907343392,0.08147729884179239,0.1792500574519416,0.17925005745194325,0.16295459768358478,0.24443189652537717,0.42368195397732045,0.4073864942089583,0.4888637930507587,0.5214547125874666,0.5540456321241882,0.7658866091128484,0.7984775286495653,1.1406821837850933,0.9940230458698581,1.2547504021636142,1.5154777584573247,1.6947278159092818,2.0043415515080927,1.9880460917397345,1.9880460917397345,2.3139552871068827,2.6235690227057384,2.6887508617791247,2.428023505485413,3.2590919536716956,3.74795574672245,4.090160401857977,4.106455861626299,4.2531149995415625,4.399774137456789,4.139046781163053,4.693092413287242,5.181956206337995,5.214547125874666,5.03529706842277,5.442683562631731,5.442683562631731,5.035297068422815,5.214547125874666,5.181956206337949,4.6930924132872835,4.139046781163016,4.399774137456749,4.253114999541601,4.106455861626373,4.090160401857941,3.7479557467224156,3.259091953671725,2.428023505485391,2.6887508617791247,2.6235690227057384,2.313955287106925,1.9880460917397162,1.9880460917397162,2.004341551508111,1.6947278159092665,1.5154777584573247,1.2547504021636142,0.9940230458698761,1.1406821837850625,0.7984775286495727,0.7658866091128553,0.5540456321241832,0.5214547125874666,0.4888637930507587,0.4073864942089656,0.4236819539773089,0.24443189652537936,0.16295459768358625,0.1792500574519384,0.17925005745194486,0.08147729884179312,0.0651818390734345,0.03259091953671607,0.0651818390734345,0.048886379305075875,0.08147729884179017,0.016295459768358625,0.03259091953671725,0.03259091953671725,0.016295459768358035,0.048886379305075875,0.0,0.0,0.016295459768358625,0.01629545976835833,0.5,0.07964721708035825
1,expected,0.25,False,False,100,100,normal,0.4,1.6,2.0,0.75,0.3,0.21253521076535248,0.21828450655004544,0.22403380233473838,0.22978309811943134,0.23553239390412428,0.24128168968881725,0.24703098547351018,0.2527802812582031,0.2585295770428961,0.26427887282758905,0.270028168612282,0.2757774643969749,0.2815267601816679,0.28727605596636085,0.2930253517510538,0.2987746475357468,0.3045239433204397,0.31027323910513266,0.3160225348898256,0.32177183067451853,0.3275211264592115,0.33327042224390446,0.3390197180285974,0.3447690138132904,0.35051830959798336,0.35626760538267627,0.36201690116736923,0.36776619695206214,0.3735154927367551,0.37926478852144807,0.38501408430614104,0.390763380090834,0.39651267587552697,0.40226197166021993,0.40801126744491284,0.4137605632296058,0.4195098590142987,0.4252591547989917,0.43100845058368464,0.4367577463683776,0.4425070421530706,0.44825633793776354,0.45400563372245645,0.4597549295071494,0.4655042252918424,0.4712535210765353,0.47700281686122825,0.4827521126459212,0.4885014084306142,0.49425070421530715,0.5,0.505749295784693,0.5114985915693859,0.5172478873540789,0.5229971831387719,0.5287464789234648,0.5344957747081578,0.5402450704928508,0.5459943662775437,0.5517436620622367,0.5574929578469296,0.5632422536316226,0.5689915494163155,0.5747408452010084,0.5804901409857014,0.5862394367703944,0.5919887325550873,0.5977380283397802,0.6034873241244731,0.6092366199091661,0.6149859156938591,0.620735211478552,0.626484507263245,0.632233803047938,0.6379830988326309,0.6437323946173239,0.6494816904020169,0.6552309861867098,0.6609802819714028,0.6667295777560956,0.6724788735407886,0.6782281693254816,0.6839774651101745,0.6897267608948675,0.6954760566795604,0.7012253524642533,0.7069746482489463,0.7127239440336393,0.7184732398183322,0.7242225356030252,0.7299718313877182,0.7357211271724111,0.7414704229571041,0.747219718741797,0.75296901452649,0.758718310311183,0.7644676060958759,0.7702169018805689,0.7759661976652619,0.7817154934499546,0.7874647892346476,0.01739343456049729,0.0,0.0,0.0,0.03478686912099458,0.08696717280248686,0.017393434560497373,0.06957373824198916,0.06957373824198916,0.10436060736298373,0.052180303681492374,0.15654091104447562,0.13914747648397832,0.1739343456049729,0.20872121472596747,0.2782949529679593,0.46962273313342684,0.45222929857292954,0.4000489948914415,0.5218030368149187,0.8000979897828754,0.5739833404964105,0.6435570787383997,0.8174914243433726,0.8174914243433805,1.2697207229163021,1.408868199400294,1.3392944611582913,1.687163152368237,1.7393434560497292,1.8784909325337074,2.330720231106637,2.7133757914375773,2.6438020531956137,2.8699167024820524,2.9742773098450654,2.9394904407240423,3.3917197392969713,3.0264576135265284,3.356932870175977,3.8787359069908955,3.774375299627948,3.8439490378699013,4.226604598200842,4.957128849741776,4.6440470276527765,4.661440462213274,5.00930915342322,5.026702587983716,4.4701126820478905,4.470112682047803,5.026702587983716,5.00930915342322,4.661440462213274,4.6440470276527765,4.957128849741728,4.226604598200842,3.8439490378699013,3.7743752996279114,3.8787359069908955,3.356932870175977,3.026457613526587,3.3917197392969713,2.9394904407240423,2.9742773098450366,2.8699167024820524,2.643802053195639,2.7133757914375773,2.330720231106637,1.8784909325337074,1.7393434560497292,1.687163152368237,1.3392944611582913,1.4088681994002805,1.2697207229163021,0.8174914243433726,0.8174914243433726,0.6435570787383997,0.5739833404964216,0.8000979897828754,0.5218030368149187,0.4000489948914377,0.45222929857292954,0.46962273313343583,0.27829495296795664,0.20872121472596747,0.1739343456049729,0.13914747648397832,0.15654091104447562,0.05218030368149187,0.10436060736298373,0.06957373824198916,0.06957373824198916,0.01739343456049729,0.08696717280248645,0.03478686912099458,0.0,0.0,0.0,0.01739343456049729,0.5,0.08270849836541141
1,expected,0.25,False,False,100,100,normal,0.4,1.6,2.0,0.75,0.4,0.21873268690697556,0.22435803316883604,0.22998337943069652,0.23560872569255703,0.2412340719544175,0.246859418216278,0.2524847644781385,0.25811011073999895,0.26373545700185946,0.26936080326372,0.2749861495255804,0.28061149578744093,0.28623684204930144,0.2918621883111619,0.2974875345730224,0.30311288083488286,0.30873822709674337,0.3143635733586039,0.31998891962046433,0.32561426588232484,0.3312396121441853,0.3368649584060458,0.3424903046679063,0.3481156509297668,0.35374099719162727,0.3593663434534877,0.36499168971534823,0.37061703597720874,0.37624238223906925,0.3818677285009297,0.3874930747627902,0.39311842102465067,0.3987437672865112,0.4043691135483717,0.40999445981023214,0.41561980607209265,0.4212451523339531,0.4268704985958136,0.4324958448576741,0.4381211911195346,0.4437465373813951,0.44937188364325553,0.45499722990511604,0.46062257616697655,0.46624792242883706,0.4718732686906975,0.477498614952558,0.4831239612144185,0.488749307476279,0.4943746537381395,0.49999999999999994,0.5056253462618605,0.5112506925237209,0.5168760387855814,0.5225013850474419,0.5281267313093023,0.5337520775711628,0.5393774238330233,0.5450027700948838,0.5506281163567444,0.5562534626186049,0.5618788088804654,0.5675041551423259,0.5731295014041863,0.5787548476660468,0.5843801939279073,0.5900055401897677,0.5956308864516282,0.6012562327134887,0.6068815789753492,0.6125069252372097,0.6181322714990702,0.6237576177609307,0.6293829640227913,0.6350083102846517,0.6406336565465122,0.6462590028083727,0.6518843490702331,0.6575096953320936,0.6631350415939541,0.6687603878558146,0.6743857341176751,0.6800110803795356,0.6856364266413961,0.6912617729032565,0.696887119165117,0.7025124654269775,0.7081378116888379,0.7137631579506984,0.719388504212559,0.7250138504744195,0.73063919673628,0.7362645429981405,0.741889889260001,0.7475152355218614,0.7531405817837219,0.7587659280455824,0.7643912743074429,0.7700166205693034,0.7756419668311638,0.7812673130930243,0.0355533669733343,0.0,0.0,0.01777668348666715,0.0355533669733343,0.017776683486667062,0.01777668348666724,0.05333005046000119,0.05333005046000119,0.10666010092000343,0.15999015138000355,0.15999015138000355,0.2310968853266741,0.24887356881333889,0.24887356881334136,0.5333005046000119,0.5333005046000119,0.3910870367066792,0.3910870367066754,0.8532808073600274,0.7288440229533496,0.871057490846686,1.0488243257133567,1.0132709587400326,1.1377077431467033,1.2088144770933602,1.5643481468267015,1.653231564260037,1.8843284495867272,2.026541917480045,2.026541917480065,1.8309983991267076,2.4531823211600545,2.4354056376734117,2.808715990893396,3.0220361927334305,3.039812876220068,3.306463128520074,3.7508802156867502,3.6797734817401184,3.7686568991734544,4.17752061936676,4.017530467986757,3.715326848713416,4.479724238640144,4.106413885420092,4.408617504693475,4.853034591860108,4.941918009293444,4.835257908373489,4.835257908373394,4.941918009293541,4.853034591860108,4.4086175046934315,4.106413885420173,4.4797242386401,3.715326848713416,4.017530467986757,4.17752061936676,3.7686568991734175,3.679773481740082,3.7508802156867502,3.306463128520139,3.039812876220068,3.0220361927334007,2.8087159908934516,2.4354056376733877,2.4531823211600545,1.8309983991267076,2.026541917480045,2.026541917480045,1.8843284495867088,1.653231564260037,1.5643481468267324,1.2088144770933602,1.137707743146692,1.0132709587400426,1.0488243257133567,0.871057490846686,0.7288440229533496,0.853280807360019,0.3910870367066754,0.3910870367066754,0.5333005046000224,0.5333005046000119,0.24887356881333889,0.2488735688133438,0.23109688532667183,0.15999015138000355,0.15999015138000355,0.10666010092000237,0.05333005046000119,0.05333005046000119,0.017776683486667416,0.017776683486667062,0.035553366973334125,0.017776683486667062,0.0,0.0,0.035553366973334125,0.5,0.08457292277778623
1,expected,0.25,False,False,100,100,normal,0.4,1.6,2.0,1.0,0.1,0.27275081762537917,0.27729580127287157,0.281840784920364,0.2863857685678564,0.2909307522153488,0.29547573586284126,0.30002071951033366,0.3045657031578261,0.3091106868053185,0.3136556704528109,0.31820065410030335,0.32274563774779574,0.3272906213952882,0.3318356050427806,0.336380588690273,0.34092557233776544,0.34547055598525783,0.3500155396327502,0.3545605232802427,0.3591055069277351,0.36365049057522747,0.3681954742227199,0.3727404578702123,0.3772854415177047,0.38183042516519716,0.3863754088126896,0.390920392460182,0.3954653761076744,0.40001035975516686,0.40455534340265925,0.40910032705015165,0.4136453106976441,0.4181902943451365,0.4227352779926289,0.42728026164012134,0.43182524528761373,0.43637022893510613,0.4409152125825986,0.445460196230091,0.45000517987758337,0.4545501635250758,0.4590951471725683,0.46364013082006067,0.46818511446755307,0.4727300981150455,0.4772750817625379,0.4818200654100303,0.48636504905752276,0.49091003270501515,0.49545501635250755,0.5,0.5045449836474925,0.5090899672949848,0.5136349509424772,0.5181799345899696,0.522724918237462,0.5272699018849545,0.5318148855324469,0.5363598691799394,0.5409048528274317,0.5454498364749241,0.5499948201224165,0.554539803769909,0.5590847874174014,0.5636297710648939,0.5681747547123862,0.5727197383598787,0.577264722007371,0.5818097056548635,0.5863546893023559,0.5908996729498484,0.5954446565973408,0.5999896402448331,0.6045346238923255,0.6090796075398179,0.6136245911873104,0.6181695748348028,0.6227145584822953,0.6272595421297876,0.6318045257772801,0.6363495094247724,0.6408944930722649,0.6454394767197573,0.6499844603672498,0.6545294440147422,0.6590744276622346,0.6636194113097269,0.6681643949572194,0.6727093786047118,0.6772543622522043,0.6817993458996967,0.686344329547189,0.6908893131946814,0.6954342968421738,0.6999792804896663,0.7045242641371587,0.7090692477846512,0.7136142314321435,0.718159215079636,0.7227041987271283,0.7272491823746208,0.04400455876455046,0.04400455876454992,0.02200227938227523,0.08800911752910091,0.08800911752909985,0.02200227938227523,0.13201367629364977,0.06600683814682569,0.1540159556759266,0.13201367629364977,0.08800911752910091,0.33003419073412443,0.19802051444047705,0.3080319113518532,0.3740387494986743,0.44004558764550455,0.44004558764550455,0.5280547051745991,0.7480774989973579,0.7920820577619082,0.9020934546732733,0.8140843371441834,1.0121048515846605,1.144118527878298,1.1661208072605729,1.8041869093465688,1.8481914681111193,1.9802051444047466,2.3542438939034493,2.508259849579376,2.134221100080671,2.6842780846375778,3.3223441867235595,3.344346466105794,2.970307716607156,3.8503988918981653,4.422458155837267,4.048419406338642,4.488464993984147,4.730490067189116,4.466462714601817,4.928510581629651,5.1045288166878535,4.862503743482766,6.072629109507963,5.30254933112833,5.830604036302865,5.5005698455688075,5.76459719815611,5.610581242480115,5.610581242480115,5.76459719815618,5.50056984556874,5.830604036303007,5.302549331128265,6.072629109507889,4.862503743482766,5.1045288166877905,4.928510581629712,4.466462714601926,4.730490067189116,4.488464993984092,4.048419406338593,4.422458155837267,3.850398891898212,2.97030771660712,3.344346466105876,3.322344186723519,2.6842780846375454,2.134221100080671,2.508259849579346,2.354243893903478,1.980205144404795,1.8481914681110967,1.8041869093465466,1.1661208072605729,1.144118527878298,1.012104851584673,0.8140843371441735,0.9020934546732955,0.7920820577618986,0.7480774989973487,0.5280547051745991,0.4400455876454992,0.44004558764550994,0.37403874949868343,0.30803191135184943,0.19802051444047464,0.33003419073412443,0.08800911752909985,0.132013676293653,0.1540159556759285,0.06600683814682488,0.13201367629364977,0.02200227938227496,0.08800911752909985,0.088009117529102,0.02200227938227496,0.044004558764551,0.04400455876454992,0.5,0.06819925800042495
1,expected,0.25,False,False,100,100,normal,0.4,1.6,2.0,1.0,0.2,0.22672678068881527,0.23219224507503897,0.23765770946126266,0.24312317384748636,0.24858863823371005,0.2540541026199337,0.2595195670061574,0.2649850313923811,0.2704504957786048,0.2759159601648285,0.2813814245510522,0.2868468889372759,0.2923123533234996,0.2977778177097233,0.303243282095947,0.30870874648217067,0.31417421086839437,0.31963967525461806,0.32510513964084176,0.33057060402706545,0.33603606841328915,0.34150153279951284,0.34696699718573654,0.35243246157196023,0.3578979259581839,0.3633633903444076,0.3688288547306313,0.374294319116855,0.3797597835030787,0.3852252478893024,0.3906907122755261,0.3961561766617498,0.4016216410479735,0.4070871054341972,0.4125525698204209,0.4180180342066446,0.42348349859286827,0.42894896297909196,0.43441442736531566,0.43987989175153935,0.44534535613776305,0.45081082052398674,0.45627628491021044,0.46174174929643413,0.46720721368265783,0.4726726780688815,0.4781381424551052,0.48360360684132886,0.4890690712275526,0.49453453561377625,0.5,0.5054654643862236,0.5109309287724474,0.516396393158671,0.5218618575448948,0.5273273219311184,0.5327927863173422,0.5382582507035658,0.5437237150897896,0.5491891794760132,0.554654643862237,0.5601201082484606,0.5655855726346843,0.571051037020908,0.5765165014071317,0.5819819657933554,0.5874474301795791,0.5929128945658028,0.5983783589520265,0.6038438233382502,0.6093092877244739,0.6147747521106975,0.6202402164969213,0.6257056808831449,0.6311711452693687,0.6366366096555923,0.6421020740418161,0.6475675384280397,0.6530330028142635,0.6584984672004871,0.6639639315867109,0.6694293959729345,0.6748948603591582,0.6803603247453819,0.6858257891316056,0.6912912535178293,0.696756717904053,0.7022221822902767,0.7076876466765004,0.713153111062724,0.7186185754489478,0.7240840398351714,0.7295495042213951,0.7350149686076188,0.7404804329938425,0.7459458973800662,0.7514113617662899,0.7568768261525136,0.7623422905387373,0.767807754924961,0.7732732193111846,0.018296706909674686,0.03659341381934937,0.0,0.0,0.0,0.0,0.05489012072902406,0.07318682763869874,0.018296706909674686,0.0,0.07318682763869874,0.09148353454837342,0.09148353454837342,0.21956048291609623,0.14637365527739749,0.1280769483677228,0.16467036218707218,0.18296706909674684,0.3842308451031684,0.4574176727418671,0.347637431283819,0.5123077934708912,0.8599452247547102,0.7501649832966621,0.695274862567638,0.988022173122433,1.0978024145804812,1.2990661905869028,1.8845608116964927,1.8479673978771431,1.6467036218707216,1.8662641047868178,1.9577476393351914,2.3419784844383598,2.835989570999576,2.9640665193672993,3.6776380888446116,3.7508249164833107,4.281429416863876,4.281429416863876,3.9703853993994067,4.592473434328346,4.37291295141225,4.812033917244443,5.068187813979888,5.214561469257285,4.647363555057417,5.525605486721699,5.67197914199921,5.580495607450723,5.580495607450835,5.671979141999095,5.525605486721811,4.647363555057323,5.2145614692573385,5.068187813979837,4.812033917244491,4.372912951412205,4.592473434328393,3.9703853993993667,4.28142941686392,4.2814294168638325,3.750824916483349,3.6776380888445748,2.9640665193673295,2.8359895709995473,2.3419784844383837,1.9577476393351716,1.866264104786837,1.646703621870705,1.8479673978771622,1.8845608116964736,1.2990661905869159,1.0978024145804701,0.988022173122443,0.695274862567631,0.7501649832966697,0.8599452247547015,0.5123077934708964,0.3476374312838155,0.4574176727418718,0.38423084510316446,0.18296706909674873,0.1646703621870705,0.1280769483677241,0.14637365527739601,0.21956048291609845,0.0914835345483725,0.09148353454837437,0.07318682763869801,0.0,0.018296706909674873,0.07318682763869801,0.05489012072902461,0.0,0.0,0.0,0.0,0.036593413819349004,0.018296706909674873,0.5,0.07238529302126713
1,expected,0.25,False,False,100,100,normal,0.4,1.6,2.0,1.0,0.3,0.1914489518923053,0.19761997285445917,0.2037909938166131,0.20996201477876697,0.21613303574092085,0.22230405670307476,0.22847507766522865,0.23464609862738256,0.24081711958953644,0.24698814055169033,0.2531591615138442,0.25933018247599815,0.26550120343815203,0.2716722244003059,0.2778432453624598,0.2840142663246137,0.2901852872867676,0.2963563082489215,0.3025273292110754,0.3086983501732293,0.31486937113538316,0.3210403920975371,0.3272114130596909,0.33338243402184486,0.33955345498399875,0.34572447594615263,0.35189549690830657,0.3580665178704604,0.36423753883261434,0.3704085597947682,0.3765795807569221,0.38275060171907604,0.3889216226812299,0.3950926436433838,0.4012636646055377,0.4074346855676916,0.4136057065298455,0.41977672749199935,0.4259477484541533,0.43211876941630717,0.43828979037846105,0.444460811340615,0.4506318323027688,0.45680285326492276,0.4629738742270766,0.4691448951892305,0.47531591615138447,0.4814869371135383,0.48765795807569223,0.49382897903784606,0.5,0.5061710209621539,0.5123420419243078,0.5185130628864617,0.5246840838486155,0.5308551048107695,0.5370261257729233,0.5431971467350772,0.5493681676972312,0.555539188659385,0.561710209621539,0.5678812305836928,0.5740522515458467,0.5802232725080007,0.5863942934701545,0.5925653144323084,0.5987363353944622,0.6049073563566162,0.6110783773187701,0.617249398280924,0.6234204192430779,0.6295914402052317,0.6357624611673857,0.6419334821295396,0.6481045030916934,0.6542755240538474,0.6604465450160012,0.6666175659781551,0.6727885869403091,0.6789596079024629,0.6851306288646168,0.6913016498267707,0.6974726707889246,0.7036436917510784,0.7098147127132324,0.7159857336753862,0.7221567546375401,0.7283277755996941,0.7344987965618479,0.7406698175240019,0.7468408384861557,0.7530118594483096,0.7591828804104636,0.7653539013726174,0.7715249223347713,0.7776959432969252,0.7838669642590791,0.790037985221233,0.7962090061833869,0.8023800271455408,0.8085510481076946,0.016204773993361513,0.0,0.0,0.0,0.0,0.0,0.016204773993361444,0.0,0.016204773993361513,0.03240954798672303,0.016204773993361368,0.0,0.08102386996680756,0.04861432198008454,0.03240954798672303,0.016204773993361368,0.17825251392697664,0.06481909597344605,0.1296381919468921,0.2268668359070612,0.2754811578871433,0.2754811578871482,0.38891457584067285,0.4375288978207609,0.5185527677875684,0.6319861857410933,0.8264434736614447,0.794033925674707,1.0857198575552214,0.9398768916149678,1.3936105634290776,1.2639723714822093,2.236258811083869,1.9121633312166584,2.5117399689710345,2.8034259008515168,2.7224020308847585,3.548845504546139,3.759507566459871,3.8243266624333168,4.326674656227485,4.5859510401213495,4.926251293981856,4.5049271701545415,4.4076985261942925,4.893841745995132,5.136913355895646,4.602155814114629,5.396189739789432,5.21793722586236,5.21793722586236,5.396189739789432,4.602155814114629,5.136913355895646,4.893841745995132,4.4076985261943715,4.504927170154461,4.926251293981856,4.5859510401213495,4.326674656227485,3.824326662433352,3.759507566459837,3.548845504546139,2.7224020308847585,2.8034259008515168,2.511739968971057,1.9121633312166413,2.236258811083869,1.2639723714822093,1.3936105634290776,0.9398768916149762,1.0857198575552116,0.794033925674707,0.8264434736614447,0.6319861857410933,0.5185527677875731,0.4375288978207569,0.38891457584067285,0.2754811578871482,0.2754811578871433,0.22686683590706325,0.12963819194689094,0.06481909597344664,0.17825251392697505,0.01620477399336166,0.032409547986722735,0.048614321980084106,0.0810238699668083,0.0,0.01620477399336166,0.032409547986722735,0.016204773993361368,0.0,0.016204773993361368,0.0,0.0,0.0,0.0,0.0,0.01620477399336166,0.5,0.07320020759645443
1,expected,0.25,False,False,100,100,normal,0.4,1.6,2.0,1.0,0.4,0.2635523694985572,0.2682813221085861,0.27301027471861494,0.27773922732864376,0.2824681799386726,0.2871971325487015,0.29192608515873036,0.2966550377687592,0.30138399037878805,0.3061129429888169,0.3108418955988458,0.3155708482088746,0.32029980081890347,0.32502875342893234,0.3297577060389612,0.3344866586489901,0.3392156112590189,0.34394456386904776,0.34867351647907663,0.35340246908910544,0.3581314216991343,0.3628603743091632,0.36758932691919205,0.3723182795292209,0.37704723213924973,0.3817761847492786,0.38650513735930747,0.3912340899693363,0.3959630425793652,0.400691995189394,0.4054209477994229,0.41014990040945176,0.4148788530194806,0.4196078056295095,0.4243367582395383,0.4290657108495672,0.43379466345959605,0.43852361606962487,0.44325256867965374,0.4479815212896826,0.4527104738997114,0.45743942650974034,0.46216837911976916,0.466897331729798,0.4716262843398269,0.4763552369498557,0.4810841895598846,0.48581314216991345,0.4905420947799423,0.4952710473899712,0.5,0.5047289526100289,0.5094579052200577,0.5141868578300866,0.5189158104401155,0.5236447630501443,0.5283737156601731,0.533102668270202,0.5378316208802308,0.5425605734902597,0.5472895261002886,0.5520184787103175,0.5567474313203462,0.5614763839303751,0.5662053365404041,0.5709342891504329,0.5756632417604617,0.5803921943704906,0.5851211469805194,0.5898500995905482,0.5945790522005772,0.599308004810606,0.6040369574206348,0.6087659100306637,0.6134948626406926,0.6182238152507213,0.6229527678607503,0.6276817204707792,0.632410673080808,0.6371396256908368,0.6418685783008657,0.6465975309108946,0.6513264835209234,0.6560554361309523,0.6607843887409811,0.6655133413510099,0.6702422939610388,0.6749712465710678,0.6797001991810965,0.6844291517911254,0.6891581044011543,0.6938870570111831,0.698616009621212,0.7033449622312409,0.7080739148412697,0.7128028674512985,0.7175318200613274,0.7222607726713562,0.7269897252813851,0.731718677891414,0.7364476305014428,0.06343899479216152,0.0,0.10573165798693708,0.06343899479216152,0.06343899479216152,0.12687798958432303,0.1268779895843245,0.1903169843764845,0.2114633159738717,0.23260964757125885,0.4017803003503609,0.4017803003503562,0.4652192951425177,0.6343899479216151,0.5498046215320663,0.6978289427137847,0.7189752743111638,0.6132436163242279,0.7401216059085596,0.8458532638954868,0.9304385902850354,1.12075557466152,1.4379505486223276,1.163048237856308,1.4168042170249402,1.733999190985748,1.8397308489727053,1.7974381857778885,1.96660883855703,2.3895354705047502,2.8124621024524936,2.685584112868202,2.7490231076603,3.404559387179374,3.3199740607897854,3.6583153663479804,3.6583153663480235,4.144680993087885,3.594876371555819,4.567607625035682,3.9332176771139675,4.736778277814781,4.334997977464369,4.567607625035628,5.434607220528567,5.180851241359856,5.159704909762469,4.7790709410095005,4.757924609412113,5.201997572957304,5.201997572957183,4.757924609412169,4.779070941009556,5.159704909762408,5.1808512413599175,5.434607220528567,4.567607625035575,4.334997977464421,4.736778277814781,3.9332176771139675,4.567607625035575,3.5948763715559457,4.144680993087836,3.6583153663479373,3.6583153663480235,3.3199740607898245,3.4045593871792947,2.7490231076603644,2.685584112868202,2.8124621024524603,2.389535470504778,1.96660883855703,1.7974381857778885,1.839730848972662,1.733999190985809,1.4168042170249238,1.1630482378562808,1.4379505486223443,1.1207555746615332,0.9304385902850245,0.8458532638954966,0.7401216059085596,0.6132436163242206,0.7189752743111721,0.6978289427137847,0.5498046215320599,0.6343899479216076,0.4652192951425341,0.4017803003503515,0.4017803003503515,0.23260964757126157,0.21146331597387416,0.19031698437648228,0.1268779895843245,0.1268779895843245,0.06343899479216075,0.06343899479216225,0.10573165798693708,0.0,0.06343899479216225,0.5,0.07696162110339887
1,expected,0.25,False,False,100,100,normal,0.4,1.6,2.0,1.25,0.1,0.2723903864720264,0.2769425787425859,0.28149477101314535,0.2860469632837048,0.2905991555542643,0.2951513478248238,0.29970354009538325,0.3042557323659427,0.3088079246365022,0.31336011690706167,0.31791230917762114,0.3224645014481806,0.3270166937187401,0.33156888598929957,0.33612107825985904,0.3406732705304185,0.345225462800978,0.34977765507153746,0.35432984734209694,0.3588820396126564,0.3634342318832159,0.36798642415377536,0.37253861642433483,0.3770908086948943,0.3816430009654538,0.38619519323601326,0.39074738550657273,0.3952995777771322,0.3998517700476917,0.40440396231825115,0.4089561545888106,0.4135083468593701,0.4180605391299296,0.42261273140048905,0.4271649236710485,0.431717115941608,0.4362693082121675,0.44082150048272695,0.4453736927532864,0.4499258850238459,0.45447807729440537,0.45903026956496484,0.4635824618355243,0.4681346541060838,0.47268684637664327,0.47723903864720274,0.4817912309177622,0.4863434231883217,0.4908956154588811,0.4954478077294406,0.5,0.5045521922705596,0.509104384541119,0.5136565768116785,0.5182087690822379,0.5227609613527975,0.5273131536233568,0.5318653458939164,0.5364175381644758,0.5409697304350354,0.5455219227055947,0.5500741149761543,0.5546263072467137,0.5591784995172733,0.5637306917878326,0.5682828840583922,0.5728350763289516,0.5773872685995112,0.5819394608700705,0.5864916531406301,0.5910438454111895,0.5955960376817491,0.6001482299523084,0.604700422222868,0.6092526144934274,0.613804806763987,0.6183569990345463,0.6229091913051059,0.6274613835756653,0.6320135758462249,0.6365657681167842,0.6411179603873438,0.6456701526579032,0.6502223449284628,0.6547745371990221,0.6593267294695817,0.6638789217401411,0.6684311140107007,0.67298330628126,0.6775354985518196,0.682087690822379,0.6866398830929386,0.6911920753634979,0.6957442676340575,0.7002964599046169,0.7048486521751764,0.7094008444457358,0.7139530367162953,0.7185052289868548,0.7230574212574142,0.7276096135279737,0.0878697507104284,0.0,0.0,0.0439348753552142,0.0219674376776071,0.0219674376776071,0.1098371883880355,0.0219674376776071,0.0439348753552142,0.0878697507104284,0.1537720637432497,0.1098371883880355,0.1537720637432497,0.26360925213128517,0.26360925213128517,0.3075441274864994,0.26360925213128517,0.4613161912297491,0.3514790028417136,0.39541387819692775,0.7908277563938555,0.8347626317490698,0.9226323824594982,0.9885346954923194,1.2082090722683905,1.5157531997548899,1.3839485736892472,1.8013298895637821,1.581655512787711,2.086906579372674,2.460353019891995,2.6141250836352445,3.4708551530619216,2.7898645850561015,3.4049528400291003,3.800366718226028,3.976106219646885,4.415454973199028,4.261682909455777,4.08594340803492,4.986608352816812,5.360054793336132,5.272185042625703,5.931208172953917,5.623664045467417,6.0630127990195595,6.304654613473237,6.546296427926995,6.041045361341952,6.1508825497300625,6.150882549729838,6.041045361342099,6.546296427926756,6.3046546134733905,6.063012799019412,5.623664045467555,5.931208172953772,5.272185042625832,5.360054793336001,4.9866083528169325,4.0859434080348205,4.261682909455881,4.415454973198919,3.9761062196469816,3.8003667182259355,3.4049528400291833,2.7898645850560335,3.470855153062006,2.614125083635181,2.460353019892055,2.086906579372623,1.5816555127877496,1.8013298895637382,1.383948573689281,1.515753199754853,1.20820907226842,0.9885346954922954,0.9226323824595207,0.8347626317490494,0.7908277563938748,0.39541387819691814,0.3514790028417222,0.46131619122973777,0.2636092521312916,0.3075441274864919,0.2636092521312916,0.2636092521312787,0.15377206374325345,0.10983718838803282,0.15377206374325345,0.08786975071042626,0.04393487535521527,0.021967437677606564,0.10983718838803817,0.021967437677606564,0.021967437677607636,0.0439348753552142,0.0,0.0,0.0878697507104284,0.5,0.0633526383699296
1,expected,0.25,False,False,100,100,normal,0.4,1.6,2.0,1.25,0.2,0.22017540642799044,0.22577189829943062,0.23136839017087082,0.236964882042311,0.2425613739137512,0.2481578657851914,0.25375435765663157,0.2593508495280718,0.264947341399512,0.27054383327095216,0.27614032514239234,0.2817368170138326,0.28733330888527275,0.29292980075671293,0.2985262926281531,0.3041227844995933,0.3097192763710335,0.3153157682424737,0.3209122601139139,0.3265087519853541,0.3321052438567943,0.3377017357282345,0.34329822759967465,0.34889471947111483,0.354491211342555,0.36008770321399525,0.3656841950854354,0.37128068695687566,0.37687717882831584,0.382473670699756,0.3880701625711962,0.3936666544426364,0.39926314631407656,0.40485963818551673,0.41045613005695697,0.41605262192839715,0.4216491137998374,0.42724560567127756,0.43284209754271774,0.4384385894141579,0.4440350812855981,0.4496315731570383,0.4552280650284785,0.4608245568999187,0.4664210487713589,0.4720175406427991,0.4776140325142393,0.48321052438567946,0.48880701625711964,0.4944035081285598,0.5,0.5055964918714402,0.5111929837428804,0.5167894756143205,0.5223859674857608,0.527982459357201,0.5335789512286412,0.5391754431000814,0.5447719349715217,0.5503684268429618,0.555964918714402,0.5615614105858422,0.5671579024572824,0.5727543943287225,0.5783508862001627,0.5839473780716029,0.5895438699430431,0.5951403618144833,0.6007368536859234,0.6063333455573636,0.6119298374288038,0.6175263293002441,0.6231228211716843,0.6287193130431245,0.6343158049145646,0.6399122967860049,0.6455087886574451,0.6511052805288853,0.6567017724003255,0.6622982642717656,0.6678947561432058,0.673491248014646,0.6790877398860862,0.6846842317575264,0.6902807236289665,0.6958772155004067,0.7014737073718469,0.7070701992432871,0.7126666911147274,0.7182631829861675,0.7238596748576078,0.729456166729048,0.7350526586004882,0.7406491504719284,0.7462456423433685,0.7518421342148087,0.7574386260862489,0.7630351179576891,0.7686316098291293,0.7742281017005694,0.7798245935720096,0.01786833650385816,0.0,0.01786833650385816,0.0,0.0,0.0,0.0,0.03573667300771632,0.0,0.0,0.017868336503857978,0.01786833650385816,0.07147334601543263,0.10721001902314894,0.05360500951157447,0.035736673007715956,0.10721001902314894,0.19655170154243973,0.10721001902314788,0.1250783555270071,0.33949839357330497,0.3752350665810213,0.35736673007716313,0.5181817586118865,0.5539184316195973,0.6253917776350355,0.857680152185183,0.9470218347044823,1.0542318537276312,1.4294669203086525,1.697491967866525,1.8047019868896739,1.7689653138819577,2.483698774036259,2.376488755013135,2.8589338406172766,3.2699055802060424,3.6630089832909225,4.091849059383518,3.9310340308487945,4.07398072287966,5.199685922622672,4.645767491003121,5.21755425912653,4.824450856041702,5.842946036761617,6.307522785861929,5.23542259563044,5.932287719280908,6.1467077573272055,6.1467077573272055,5.932287719280908,5.23542259563044,6.307522785861804,5.842946036761617,4.824450856041702,5.217554259126581,4.645767491003029,5.199685922622724,4.07398072287966,3.9310340308487945,4.091849059383518,3.6630089832909225,3.2699055802060424,2.858933840617305,2.376488755013135,2.483698774036284,1.7689653138819577,1.8047019868896739,1.697491967866525,1.429466920308624,1.0542318537276312,0.9470218347044823,0.8576801521851916,0.6253917776350231,0.5539184316196029,0.5181817586118865,0.35736673007716313,0.3752350665810213,0.33949839357330497,0.1250783555270071,0.10721001902314894,0.19655170154243973,0.10721001902314894,0.03573667300771632,0.05360500951157447,0.10721001902314894,0.0714733460154312,0.01786833650385816,0.0178683365038578,0.0,0.0,0.03573667300771632,0.0,0.0,0.0,0.0,0.01786833650385816,0.0,0.01786833650385816,0.5,0.06622690055337102
1,expected,0.25,False,False,100,100,normal,0.4,1.6,2.0,1.25,0.3,0.22236127291385313,0.22791404745557606,0.233466821997299,0.23901959653902194,0.24457237108074487,0.2501251456224678,0.2556779201641908,0.2612306947059137,0.26678346924763663,0.27233624378935956,0.2778890183310825,0.28344179287280546,0.2889945674145284,0.2945473419562513,0.30010011649797425,0.30565289103969717,0.31120566558142015,0.3167584401231431,0.322311214664866,0.32786398920658893,0.33341676374831186,0.33896953829003484,0.3445223128317577,0.3500750873734807,0.3556278619152036,0.36118063645692655,0.36673341099864953,0.3722861855403724,0.3778389600820954,0.3833917346238183,0.38894450916554124,0.3944972837072642,0.4000500582489871,0.4056028327907101,0.411155607332433,0.41670838187415593,0.4222611564158789,0.4278139309576018,0.43336670549932477,0.4389194800410477,0.4444722545827706,0.45002502912449355,0.4555778036662165,0.46113057820793946,0.46668335274966233,0.4722361272913853,0.4777889018331083,0.48334167637483116,0.48889445091655415,0.494447225458277,0.5,0.505552774541723,0.5111055490834459,0.5166583236251688,0.5222110981668917,0.5277638727086147,0.5333166472503376,0.5388694217920605,0.5444221963337835,0.5499749708755064,0.5555277454172294,0.5610805199589523,0.5666332945006752,0.5721860690423982,0.5777388435841211,0.5832916181258441,0.5888443926675669,0.5943971672092899,0.5999499417510129,0.6055027162927358,0.6110554908344588,0.6166082653761816,0.6221610399179046,0.6277138144596276,0.6332665890013505,0.6388193635430734,0.6443721380847963,0.6499249126265193,0.6554776871682423,0.6610304617099652,0.6665832362516881,0.672136010793411,0.677688785335134,0.683241559876857,0.6887943344185798,0.6943471089603028,0.6998998835020257,0.7054526580437487,0.7110054325854716,0.7165582071271945,0.7221109816689175,0.7276637562106404,0.7332165307523634,0.7387693052940862,0.7443220798358092,0.7498748543775321,0.7554276289192551,0.7609804034609781,0.7665331780027009,0.7720859525444239,0.7776387270861468,0.018009014997567647,0.0,0.0,0.0,0.018009014997567647,0.0,0.07203605999027059,0.036018029995135294,0.05402704499270294,0.05402704499270294,0.0,0.07203605999027059,0.018009014997567647,0.018009014997567647,0.07203605999027059,0.10805408998540479,0.05402704499270294,0.18009014997567646,0.1980991649732441,0.2341171949683794,0.270135224963512,0.41420734494406,0.48624340493432155,0.5222614349294618,0.7563786298978411,0.5942974949197264,1.0085048398637981,0.9184597648759407,1.3866941548127087,1.4407211998054117,1.8729375597470164,1.6388203647786723,2.1070547547153935,2.233117859698388,2.6293161896448765,2.7193612646326875,2.9354694446035556,3.7999021644867352,4.0340193594551526,3.691848074501367,4.6283168543748845,4.6283168543748845,4.790397989352946,5.312659424282509,5.618812679241049,5.564785634248347,5.582794649246026,5.420713514267807,6.141074114170628,5.690848739231319,5.690848739231319,6.141074114170628,5.420713514267807,5.582794649246026,5.564785634248347,5.618812679241162,5.312659424282402,4.790397989352946,4.628316854374932,4.628316854374839,3.6918480745014044,4.034019359455112,3.7999021644867352,2.9354694446035556,2.7193612646326875,2.6293161896449027,2.233117859698366,2.1070547547153935,1.6388203647786723,1.8729375597470164,1.4407211998054261,1.3866941548126948,0.9184597648759407,1.0085048398637981,0.5942974949197264,0.7563786298978488,0.5222614349294565,0.48624340493432155,0.41420734494406,0.270135224963512,0.23411719496838174,0.19809916497324212,0.18009014997567466,0.05402704499270347,0.10805408998540479,0.07203605999027131,0.018009014997567466,0.018009014997567827,0.07203605999026987,0.0,0.05402704499270347,0.054027044992702396,0.036018029995135654,0.07203605999026987,0.0,0.018009014997567466,0.0,0.0,0.0,0.018009014997567827,0.5,0.0676649857076355
1,expected,0.25,False,False,100,100,normal,0.4,1.6,2.0,1.25,0.4,0.21067696334885508,0.21646342408187796,0.22224988481490088,0.22803634554792376,0.23382280628094668,0.23960926701396956,0.24539572774699248,0.2511821884800154,0.25696864921303825,0.26275510994606116,0.2685415706790841,0.27432803141210693,0.28011449214512985,0.28590095287815276,0.29168741361117567,0.2974738743441986,0.30326033507722144,0.30904679581024436,0.31483325654326727,0.32061971727629013,0.32640617800931304,0.33219263874233596,0.33797909947535887,0.3437655602083818,0.34955202094140464,0.35533848167442755,0.3611249424074504,0.3669114031404733,0.37269786387349624,0.37848432460651915,0.38427078533954206,0.390057246072565,0.39584370680558784,0.4016301675386107,0.4074166282716336,0.4132030890046565,0.41898954973767943,0.42477601047070235,0.43056247120372526,0.4363489319367481,0.44213539266977103,0.4479218534027939,0.4537083141358168,0.4594947748688397,0.46528123560186263,0.47106769633488554,0.47685415706790846,0.48264061780093137,0.4884270785339542,0.4942135392669771,0.5,0.5057864607330229,0.5115729214660458,0.5173593821990687,0.5231458429320917,0.5289323036651145,0.5347187643981374,0.5405052251311603,0.5462916858641832,0.5520781465972061,0.557864607330229,0.5636510680632519,0.5694375287962748,0.5752239895292977,0.5810104502623206,0.5867969109953435,0.5925833717283664,0.5983698324613893,0.6041562931944122,0.6099427539274351,0.6157292146604579,0.6215156753934808,0.6273021361265038,0.6330885968595267,0.6388750575925496,0.6446615183255725,0.6504479790585954,0.6562344397916183,0.6620209005246411,0.667807361257664,0.673593821990687,0.6793802827237099,0.6851667434567328,0.6909532041897557,0.6967396649227786,0.7025261256558014,0.7083125863888243,0.7140990471218472,0.7198855078548702,0.7256719685878931,0.731458429320916,0.7372448900539389,0.7430313507869618,0.7488178115199847,0.7546042722530076,0.7603907329860304,0.7661771937190534,0.7719636544520763,0.7777501151850992,0.7835365759181221,0.789323036651145,0.017281721005952343,0.0,0.0,0.0,0.017281721005952343,0.0,0.0,0.017281721005952426,0.01728172100595226,0.03456344201190452,0.08640860502976214,0.03456344201190452,0.0,0.0,0.06912688402380904,0.0691268840238097,0.06912688402380904,0.20738065207142714,0.241944094083334,0.25922581508928394,0.24194409408333167,0.3629161411249975,0.4666064671607111,0.483888188166668,0.6567053982261859,0.7603957242619068,0.794959166273804,1.1578753073988015,1.192438749410706,1.3825376804761809,1.3134107964523718,2.021961357696434,1.7800172636131,2.14293340473808,2.505849545863078,2.52313126686903,3.2489635491190247,3.59459796923807,3.646443132255962,4.026640994386877,4.182176483440487,4.372275414505922,4.596937787583301,4.562374345571397,5.651122768946389,5.305488348827343,5.875785142023769,5.288206627821493,5.115389417761869,6.0140389100713865,6.0140389100713865,5.115389417761869,5.288206627821392,5.875785142023769,5.305488348827446,5.651122768946389,4.562374345571397,4.596937787583301,4.372275414505922,4.182176483440447,4.026640994386877,3.646443132255927,3.5945979692381393,3.2489635491190247,2.52313126686903,2.505849545863078,2.14293340473808,1.7800172636130829,2.0219613576964144,1.313410796452397,1.3825376804761809,1.192438749410706,1.1578753073988015,0.794959166273804,0.7603957242618995,0.6567053982261859,0.48388818816666335,0.46660646716071996,0.3629161411249975,0.24194409408333167,0.25922581508928394,0.24194409408333167,0.20738065207142714,0.06912688402380904,0.06912688402381037,0.06912688402380904,0.0,0.0,0.03456344201190452,0.0864086050297613,0.03456344201190452,0.01728172100595226,0.01728172100595226,0.0,0.0,0.01728172100595226,0.0,0.0,0.0,0.01728172100595226,0.5,0.0699930440116179
1,expected,0.25,False,False,100,100,normal,0.4,1.6,2.0,1.5,0.1,0.2892943669137076,0.2935084795754334,0.2977225922371593,0.30193670489888513,0.30615081756061097,0.3103649302223368,0.3145790428840627,0.3187931555457885,0.32300726820751435,0.32722138086924024,0.3314354935309661,0.3356496061926919,0.3398637188544178,0.34407783151614363,0.34829194417786946,0.35250605683959535,0.3567201695013212,0.360934282163047,0.36514839482477285,0.36936250748649874,0.37357662014822457,0.3777907328099504,0.38200484547167624,0.3862189581334021,0.39043307079512796,0.3946471834568538,0.3988612961185797,0.4030754087803055,0.40728952144203134,0.41150363410375723,0.41571774676548306,0.4199318594272089,0.4241459720889348,0.4283600847506606,0.43257419741238645,0.43678831007411234,0.4410024227358381,0.445216535397564,0.4494306480592899,0.45364476072101567,0.45785887338274156,0.4620729860444674,0.4662870987061932,0.4705012113679191,0.47471532402964495,0.4789294366913708,0.48314354935309667,0.4873576620148225,0.49157177467654833,0.4957858873382742,0.5,0.5042141126617259,0.5084282253234518,0.5126423379851776,0.5168564506469034,0.5210705633086293,0.5252846759703551,0.529498788632081,0.5337129012938069,0.5379270139555327,0.5421411266172586,0.5463552392789843,0.5505693519407102,0.5547834646024361,0.558997577264162,0.5632116899258878,0.5674258025876137,0.5716399152493394,0.5758540279110653,0.5800681405727912,0.5842822532345171,0.5884963658962429,0.5927104785579687,0.5969245912196945,0.6011387038814204,0.6053528165431463,0.6095669292048722,0.613781041866598,0.6179951545283238,0.6222092671900497,0.6264233798517755,0.6306374925135014,0.6348516051752272,0.6390657178369531,0.6432798304986789,0.6474939431604048,0.6517080558221306,0.6559221684838565,0.6601362811455823,0.6643503938073081,0.668564506469034,0.6727786191307599,0.6769927317924858,0.6812068444542116,0.6854209571159374,0.6896350697776632,0.6938491824393891,0.698063295101115,0.7022774077628409,0.7064915204245666,0.7107056330862925,0.047459575966365526,0.02372978798318245,0.023729787983182763,0.047459575966365526,0.047459575966365526,0.02372978798318245,0.047459575966365526,0.047459575966365526,0.07118936394954735,0.16610851588227935,0.11864893991591383,0.1898383038654596,0.35594681974774145,0.35594681974774145,0.2847574557981894,0.3322170317645587,0.3322170317645587,0.6407042755459346,0.5220553356300139,0.8068127914282139,0.6407042755459346,0.8780021553777622,1.0441106712600279,1.3763277030246004,1.4237872789909658,1.8034638867218662,1.708544734789159,1.993302190587352,2.2543298584023326,2.444168162267825,2.6577362541164695,3.0136830738641716,3.2747107416792214,3.369629893611952,3.6069277734437324,4.128983109073856,4.342551200922388,4.912066112518768,4.651038444703883,5.576500176047876,5.505310812098402,5.362932084199304,5.291742720249687,5.908717207812509,5.671419327980681,5.600229964031058,6.929098091089368,6.573151271341626,5.861257631846065,6.359583179493065,6.359583179492897,5.861257631846065,6.573151271341712,6.929098091089275,5.600229964031058,5.671419327980755,5.908717207812431,5.291742720249687,5.362932084199375,5.505310812098329,5.576500176048023,4.651038444703761,4.912066112518768,4.342551200922388,4.128983109073856,3.6069277734437324,3.3696298936119966,3.2747107416791783,3.0136830738641716,2.6577362541164344,2.444168162267857,2.2543298584023925,1.9933021905873258,1.7085447347891365,1.8034638867218662,1.423787278990947,1.3763277030246186,1.0441106712600552,0.8780021553777507,0.6407042755459261,0.8068127914282033,0.5220553356300276,0.6407042755459261,0.3322170317645631,0.3322170317645543,0.2847574557981894,0.35594681974773673,0.35594681974774617,0.1898383038654646,0.11864893991591226,0.16610851588227715,0.07118936394954735,0.0474595759663649,0.04745957596636615,0.023729787983183075,0.0474595759663649,0.0474595759663649,0.02372978798318245,0.023729787983183075,0.0474595759663649,0.5,0.06110105527228975
1,expected,0.25,False,False,100,100,normal,0.4,1.6,2.0,1.5,0.2,0.27237154086801696,0.27692411005065665,0.2814766792332963,0.2860292484159359,0.2905818175985756,0.2951343867812153,0.2996869559638549,0.30423952514649455,0.30879209432913424,0.3133446635117739,0.31789723269441356,0.3224498018770532,0.3270023710596929,0.33155494024233256,0.3361075094249722,0.3406600786076118,0.3452126477902515,0.3497652169728912,0.35431778615553083,0.35887035533817047,0.36342292452081015,0.36797549370344984,0.3725280628860895,0.3770806320687291,0.3816332012513688,0.3861857704340085,0.3907383396166481,0.39529090879928774,0.39984347798192743,0.4043960471645671,0.40894861634720675,0.4135011855298464,0.41805375471248607,0.42260632389512576,0.4271588930777654,0.431711462260405,0.4362640314430447,0.4408166006256844,0.44536916980832403,0.44992173899096366,0.45447430817360335,0.45902687735624303,0.46357944653888267,0.4681320157215223,0.472684584904162,0.4772371540868017,0.4817897232694413,0.48634229245208094,0.4908948616347206,0.4954474308173603,0.49999999999999994,0.5045525691826396,0.5091051383652793,0.513657707547919,0.5182102767305585,0.5227628459131982,0.5273154150958379,0.5318679842784776,0.5364205534611173,0.5409731226437569,0.5455256918263965,0.5500782610090362,0.5546308301916758,0.5591833993743155,0.5637359685569552,0.5682885377395949,0.5728411069222346,0.5773936761048741,0.5819462452875138,0.5864988144701535,0.5910513836527931,0.5956039528354328,0.6001565220180725,0.6047090912007121,0.6092616603833518,0.6138142295659914,0.6183667987486311,0.6229193679312708,0.6274719371139104,0.63202450629655,0.6365770754791897,0.6411296446618294,0.6456822138444691,0.6502347830271087,0.6547873522097484,0.6593399213923881,0.6638924905750276,0.6684450597576673,0.672997628940307,0.6775501981229467,0.6821027673055864,0.686655336488226,0.6912079056708657,0.6957604748535053,0.7003130440361449,0.7048656132187846,0.7094181824014243,0.713970751584064,0.7185233207667037,0.7230758899493432,0.7276284591319829,0.02196561896990605,0.043931237939812635,0.0,0.0,0.02196561896990605,0.043931237939812635,0.10982809484953159,0.06589685690971815,0.02196561896990605,0.021965618969906318,0.15375933278934423,0.02196561896990605,0.1317937138194363,0.2416218086689695,0.2416218086689695,0.39538114145830894,0.39538114145830894,0.3514499035185011,0.7248654260069085,0.5271748552777452,0.9445216157059602,0.7907622829166274,1.032384091585597,0.9884528536457723,1.0763153295253964,1.2740059002545665,1.515627708923536,1.361868376134175,1.7352838986225778,2.2404931349304444,2.5919430384489455,2.4381837056595717,2.569977419479008,3.053221036816978,3.6462927490044486,3.4266365593053436,3.9757770335529954,4.129536366342388,4.305261318101639,4.700642459559894,5.052092363078391,5.491404742476579,5.491404742476579,5.623198456295949,5.711060932175573,6.370029501272832,5.645164075265924,6.084476454663976,6.348063882302848,6.67754816685152,6.67754816685152,6.348063882302848,6.084476454663976,5.645164075265993,6.370029501272755,5.711060932175573,5.623198456295949,5.4914047424765124,5.491404742476647,5.052092363078391,4.700642459559894,4.305261318101691,4.129536366342338,3.9757770335529954,3.4266365593053436,3.646292749004404,3.0532210368170154,2.569977419479008,2.4381837056595717,2.591943038448977,2.240493134930417,1.7352838986225778,1.361868376134175,1.5156277089235175,1.274005900254582,1.0763153295253964,0.9884528536457723,1.0323840915856095,0.7907622829166179,0.9445216157059602,0.5271748552777452,0.7248654260068996,0.35144990351850536,0.39538114145830894,0.39538114145830894,0.24162180866897243,0.24162180866896657,0.1317937138194363,0.02196561896990605,0.15375933278934234,0.021965618969906585,0.02196561896990605,0.06589685690971815,0.10982809484953293,0.0439312379398121,0.02196561896990605,0.0,0.0,0.04393123793981317,0.02196561896990605,0.5,0.06333250370870443
1,expected,0.25,False,False,100,100,normal,0.4,1.6,2.0,1.5,0.3,0.2715242455760099,0.2760937606644897,0.2806632757529695,0.2852327908414493,0.2898023059299291,0.2943718210184089,0.2989413361068887,0.3035108511953685,0.30808036628384833,0.31264988137232813,0.31721939646080793,0.32178891154928774,0.32635842663776754,0.33092794172624734,0.3354974568147271,0.3400669719032069,0.3446364869916867,0.3492060020801665,0.3537755171686463,0.3583450322571261,0.3629145473456059,0.3674840624340857,0.3720535775225655,0.3766230926110453,0.3811926076995251,0.3857621227880049,0.3903316378764847,0.39490115296496453,0.39947066805344433,0.40404018314192414,0.40860969823040394,0.41317921331888374,0.41774872840736355,0.42231824349584335,0.42688775858432315,0.43145727367280295,0.43602678876128276,0.44059630384976256,0.44516581893824236,0.44973533402672217,0.45430484911520197,0.4588743642036818,0.4634438792921616,0.4680133943806414,0.4725829094691212,0.477152424557601,0.4817219396460808,0.4862914547345606,0.4908609698230404,0.4954304849115202,0.5,0.5045695150884798,0.5091390301769596,0.5137085452654394,0.5182780603539192,0.5228475754423989,0.5274170905308788,0.5319866056193585,0.5365561207078384,0.5411256357963181,0.545695150884798,0.5502646659732777,0.5548341810617576,0.5594036961502373,0.5639732112387172,0.5685427263271969,0.5731122414156768,0.5776817565041565,0.5822512715926365,0.5868207866811161,0.5913903017695961,0.5959598168580758,0.6005293319465557,0.6050988470350354,0.6096683621235153,0.614237877211995,0.6188073923004749,0.6233769073889546,0.6279464224774345,0.6325159375659142,0.6370854526543941,0.6416549677428738,0.6462244828313536,0.6507939979198334,0.6553635130083132,0.659933028096793,0.6645025431852728,0.6690720582737526,0.6736415733622324,0.6782110884507122,0.682780603539192,0.6873501186276718,0.6919196337161516,0.6964891488046314,0.7010586638931112,0.705628178981591,0.7101976940700708,0.7147672091585506,0.7193367242470304,0.7239062393355102,0.72847575442399,0.021884160149095434,0.0,0.021884160149095434,0.0,0.021884160149095434,0.08753664059638173,0.04376832029819087,0.021884160149095434,0.08753664059638173,0.15318912104366805,0.04376832029819087,0.10942080074547716,0.15318912104366805,0.2626099217891484,0.24072576164004977,0.3063782420873361,0.3282624022364315,0.4595673631310041,0.5471040037273859,0.503335683429195,0.5908723240255768,0.7878297653674357,1.00667136685839,1.0942080074547718,1.2911654487966304,1.159860487902058,1.4881228901384895,1.7069644916294437,1.7507328119276346,2.01334273371678,2.4072576164004977,2.910593299829693,2.910593299829693,2.9981299404260744,3.392044823109792,3.479581463706174,4.179874588477228,4.5737894711609455,4.245527068924514,4.442484510266373,5.230314275633809,5.208430115484713,4.945820193695568,5.536692517721145,5.996259880852149,5.733649959063004,6.215101482343103,6.7622054860704885,5.930607400404862,6.018144041001245,6.018144041001245,5.930607400404862,6.7622054860704885,6.215101482343103,5.7336499590631425,5.996259880852003,5.536692517721279,4.945820193695448,5.20843011548484,5.230314275633681,4.442484510266481,4.245527068924411,4.573789471161057,4.1798745884771265,3.4795814637062583,3.39204482310971,2.998129940426147,2.910593299829622,2.9105932998297632,2.407257616400439,2.013342733716829,1.750732811927592,1.7069644916294853,1.4881228901384533,1.1598604879020862,1.2911654487965993,1.0942080074547982,1.0066713668583653,0.7878297653674547,0.5908723240255623,0.5033356834292072,0.5471040037273859,0.4595673631310041,0.3282624022364315,0.3063782420873361,0.24072576164004977,0.2626099217891452,0.15318912104366805,0.10942080074547716,0.04376832029819087,0.15318912104366805,0.08753664059638173,0.021884160149095434,0.04376832029819087,0.08753664059638173,0.021884160149095434,0.0,0.021884160149095434,0.0,0.021884160149095434,0.5,0.06364142289505122
1,expected,0.25,False,False,100,100,normal,0.4,1.6,2.0,1.5,0.4,0.24378265965751472,0.24890700646436442,0.2540313532712141,0.2591557000780638,0.2642800468849135,0.2694043936917632,0.274528740498613,0.2796530873054627,0.2847774341123124,0.2899017809191621,0.2950261277260118,0.3001504745328615,0.3052748213397112,0.3103991681465609,0.3155235149534106,0.3206478617602603,0.32577220856711,0.3308965553739597,0.3360209021808094,0.3411452489876591,0.3462695957945088,0.35139394260135853,0.35651828940820823,0.36164263621505793,0.36676698302190763,0.37189132982875733,0.37701567663560703,0.38214002344245673,0.38726437024930643,0.3923887170561562,0.3975130638630059,0.4026374106698556,0.4077617574767053,0.412886104283555,0.4180104510904047,0.4231347978972544,0.4282591447041041,0.4333834915109538,0.4385078383178035,0.4436321851246532,0.4487565319315029,0.4538808787383526,0.4590052255452023,0.464129572352052,0.4692539191589017,0.4743782659657514,0.4795026127726011,0.4846269595794508,0.48975130638630054,0.49487565319315024,0.49999999999999994,0.5051243468068496,0.5102486936136994,0.515373040420549,0.5204973872273988,0.5256217340342484,0.5307460808410982,0.5358704276479478,0.5409947744547976,0.5461191212616473,0.551243468068497,0.5563678148753467,0.5614921616821964,0.5666165084890461,0.5717408552958958,0.5768652021027455,0.5819895489095952,0.5871138957164449,0.5922382425232946,0.5973625893301443,0.602486936136994,0.6076112829438438,0.6127356297506934,0.6178599765575432,0.6229843233643928,0.6281086701712426,0.6332330169780922,0.638357363784942,0.6434817105917916,0.6486060573986414,0.653730404205491,0.6588547510123408,0.6639790978191904,0.6691034446260402,0.6742277914328899,0.6793521382397396,0.6844764850465893,0.689600831853439,0.6947251786602887,0.6998495254671384,0.7049738722739881,0.7100982190808378,0.7152225658876875,0.7203469126945372,0.7254712595013869,0.7305956063082366,0.7357199531150864,0.740844299921936,0.7459686467287858,0.7510929935356354,0.7562173403424852,0.01951468231352536,0.0,0.01951468231352536,0.01951468231352536,0.01951468231352536,0.019514682313525152,0.0,0.01951468231352536,0.01951468231352536,0.058544046940576085,0.01951468231352536,0.058544046940576085,0.0975734115676268,0.07805872925410144,0.0975734115676268,0.17563214082172823,0.15611745850820288,0.2536908700758297,0.37077896395698184,0.31223491701640577,0.5464111047787041,0.5659257870922354,0.6830138809733877,0.7415579279139637,0.8976753864221666,0.9757341156762681,1.0537928449303695,1.4440864912008766,1.4636011735143861,1.7172920435902317,1.463601173514402,2.2832178306824673,2.497879336131246,2.8296289354611774,2.8296289354611774,3.1223491701640578,3.551672181061616,3.844392415764496,4.351774155916155,4.117597968153851,5.0543027192030685,5.015273354576018,5.034788036889543,5.09333208383012,5.327508271592423,5.542169777041202,5.971492787938761,6.2056689757009975,5.9324634233117095,5.600713823981779,5.600713823981839,5.932463423311582,6.205668975701199,5.971492787938631,5.542169777041323,5.3275082715923086,5.093332083830229,5.0347880368894335,5.015273354576018,5.0543027192030685,4.117597968153851,4.351774155916155,3.844392415764496,3.551672181061616,3.1223491701640578,2.8296289354611774,2.8296289354611774,2.497879336131246,2.2832178306824673,1.463601173514402,1.7172920435901946,1.4636011735144339,1.4440864912008453,1.0537928449303924,0.975734115676247,0.897675386422186,0.7415579279139477,0.6830138809734024,0.5659257870922232,0.546411104778722,0.312234917016399,0.3707789639569899,0.2536908700758242,0.15611745850820288,0.17563214082172823,0.0975734115676268,0.07805872925410144,0.0975734115676268,0.058544046940576085,0.01951468231352536,0.058544046940576085,0.01951468231352536,0.01951468231352536,0.0,0.01951468231352536,0.019514682313524937,0.019514682313525784,0.019514682313524937,0.0,0.019514682313524937,0.5,0.06609804349537877
1,expected,0.25,False,False,100,100,normal,0.4,2.0,1.2,0.5,0.1,0.21829814112827736,0.22393217830571183,0.22956621548314626,0.23520025266058073,0.24083428983801516,0.24646832701544963,0.25210236419288407,0.2577364013703185,0.263370438547753,0.26900447572518743,0.27463851290262187,0.28027255008005636,0.2859065872574908,0.29154062443492523,0.2971746616123597,0.30280869878979416,0.3084427359672286,0.31407677314466304,0.31971081032209747,0.32534484749953196,0.3309788846769664,0.33661292185440084,0.34224695903183533,0.34788099620926977,0.3535150333867042,0.3591490705641387,0.36478310774157313,0.37041714491900757,0.37605118209644206,0.38168521927387644,0.38731925645131093,0.39295329362874537,0.3985873308061798,0.4042213679836143,0.40985540516104874,0.4154894423384832,0.42112347951591766,0.4267575166933521,0.43239155387078654,0.43802559104822103,0.4436596282256554,0.4492936654030899,0.4549277025805244,0.4605617397579588,0.46619577693539327,0.47182981411282776,0.47746385129026214,0.48309788846769663,0.4887319256451311,0.4943659628225655,0.5,0.5056340371774344,0.5112680743548689,0.5169021115323034,0.5225361487097377,0.5281701858871722,0.5338042230646067,0.5394382602420411,0.5450722974194756,0.5507063345969101,0.5563403717743445,0.561974408951779,0.5676084461292134,0.5732424833066478,0.5788765204840823,0.5845105576615167,0.5901445948389512,0.5957786320163857,0.6014126691938201,0.6070467063712546,0.6126807435486891,0.6183147807261234,0.6239488179035579,0.6295828550809924,0.6352168922584268,0.6408509294358613,0.6464849666132957,0.6521190037907302,0.6577530409681647,0.663387078145599,0.6690211153230335,0.674655152500468,0.6802891896779024,0.6859232268553369,0.6915572640327714,0.6971913012102058,0.7028253383876403,0.7084593755650747,0.7140934127425091,0.7197274499199436,0.7253614870973781,0.7309955242748125,0.736629561452247,0.7422635986296815,0.7478976358071159,0.7535316729845504,0.7591657101619849,0.7647997473394192,0.7704337845168537,0.7760678216942881,0.7817018588717226,0.035498523297120436,0.03549852329712061,0.0,0.017749261648560305,0.035498523297120436,0.017749261648560305,0.053247784945680915,0.0,0.03549852329712061,0.08874630824280152,0.08874630824280065,0.10649556989136183,0.12424483153992215,0.19524187813416144,0.3194867096740855,0.17749261648560305,0.19524187813416335,0.40823301791688704,0.3549852329712026,0.5324778494568091,0.46148080286256793,0.6034748960510444,0.6744719426452916,0.8697138207794549,1.0117079139679275,1.2424483153992214,1.15370200715642,1.242448315399209,1.331194623642036,1.7039291182617726,2.1299113978272364,1.7394276415589098,2.165409921124336,2.8753803870667696,2.8043833404725285,2.73338629387826,3.2836134049836567,3.780592731143345,3.5498523297120266,3.6563478996034586,4.100079440817391,4.3663183655457924,4.77455138346277,4.224324272357311,5.005291784893957,4.597058766977164,5.094038093136757,4.5793095053285136,5.18278440137966,4.987542523245397,4.987542523245495,5.182784401379559,4.5793095053285136,5.094038093136858,4.5970587669770735,5.005291784893957,4.224324272357395,4.774551383462675,4.3663183655457924,4.100079440817471,3.6563478996033867,3.5498523297120963,3.780592731143308,3.283613404983624,2.733386293878314,2.8043833404725005,2.875380387066741,2.1654099211243785,1.7394276415588927,2.129911397827216,1.7039291182618062,1.3311946236420098,1.242448315399209,1.1537020071564312,1.242448315399209,1.0117079139679475,0.8697138207794464,0.674471942645285,0.6034748960510563,0.4614808028625634,0.532477849456804,0.3549852329712096,0.408233017916883,0.19524187813416144,0.1774926164856048,0.3194867096740823,0.1952418781341653,0.12424483153992091,0.10649556989136079,0.08874630824280065,0.0887463082428024,0.03549852329712026,0.0,0.05324778494568144,0.01774926164856013,0.03549852329712026,0.01774926164856048,0.0,0.03549852329712096,0.03549852329712026,0.5,0.07829926952165776
1,expected,0.25,False,False,100,100,normal,0.4,2.0,1.2,0.5,0.2,0.21804966235333675,0.22368866910627003,0.22932767585920327,0.23496668261213655,0.24060568936506982,0.2462446961180031,0.2518837028709363,0.2575227096238696,0.26316171637680286,0.26880072312973613,0.2744397298826694,0.2800787366356027,0.28571774338853595,0.2913567501414692,0.29699575689440244,0.3026347636473357,0.308273770400269,0.31391277715320226,0.31955178390613553,0.32519079065906875,0.330829797412002,0.3364688041649353,0.34210781091786857,0.34774681767080184,0.3533858244237351,0.3590248311766684,0.36466383792960166,0.37030284468253494,0.37594185143546816,0.38158085818840143,0.3872198649413347,0.3928588716942679,0.3984978784472012,0.40413688520013447,0.40977589195306774,0.415414898706001,0.4210539054589343,0.42669291221186756,0.43233191896480083,0.4379709257177341,0.4436099324706674,0.4492489392236006,0.45488794597653387,0.46052695272946714,0.46616595948240036,0.47180496623533363,0.4774439729882669,0.4830829797412002,0.48872198649413345,0.4943609932470667,0.5,0.5056390067529333,0.5112780135058665,0.5169170202587998,0.5225560270117331,0.5281950337646663,0.5338340405175995,0.5394730472705328,0.5451120540234661,0.5507510607763993,0.5563900675293326,0.5620290742822659,0.5676680810351992,0.5733070877881324,0.5789460945410657,0.584585101293999,0.5902241080469323,0.5958631147998655,0.6015021215527987,0.607141128305732,0.6127801350586652,0.6184191418115985,0.6240581485645318,0.6296971553174651,0.6353361620703983,0.6409751688233316,0.6466141755762649,0.6522531823291982,0.6578921890821314,0.6635311958350647,0.669170202587998,0.6748092093409311,0.6804482160938644,0.6860872228467977,0.691726229599731,0.6973652363526642,0.7030042431055975,0.7086432498585308,0.714282256611464,0.7199212633643973,0.7255602701173306,0.7311992768702639,0.7368382836231971,0.7424772903761304,0.7481162971290637,0.753755303881997,0.7593943106349301,0.7650333173878634,0.7706723241407967,0.77631133089373,0.7819503376466632,0.01773361947970402,0.017733619479704105,0.01773361947970402,0.03546723895940804,0.0,0.017733619479704196,0.1064017168782241,0.0,0.0886680973985201,0.01773361947970402,0.0886680973985201,0.05320085843911205,0.07093447791881607,0.053200858439112576,0.30147153115496833,0.26600429219556027,0.24827067271585623,0.3724060090737844,0.28373791167526713,0.3546723895940804,0.6738775402287527,0.5497422038708246,0.5852094428302327,0.7448120181475688,1.1349516467010572,0.9753490713837211,1.2945542220183934,1.5250912752545607,1.6669602310921778,1.5428248947342496,1.8620300453689405,2.1457679570441863,1.9684317622471459,2.748711019354123,3.050182550509091,2.784178258313531,3.2984532232249477,3.70632647125814,3.404854940103171,3.812728188136364,4.131933338771077,4.185134197210148,4.397937630966597,4.149666958250782,4.646208303682453,5.142749649114165,4.965413454317125,5.266884985472094,4.965413454317125,4.929946215357718,4.929946215357718,4.965413454317125,5.266884985472094,4.965413454317125,5.142749649114267,4.646208303682453,4.149666958250741,4.397937630966597,4.185134197210148,4.131933338771036,3.812728188136364,3.404854940103171,3.70632647125814,3.2984532232249477,2.784178258313531,3.050182550509091,2.748711019354123,1.9684317622471847,2.1457679570441863,1.8620300453689218,1.5428248947342496,1.6669602310921778,1.5250912752545456,1.2945542220183934,0.9753490713837211,1.1349516467010572,0.7448120181475688,0.5852094428302327,0.5497422038708246,0.6738775402287527,0.35467238959408737,0.2837379116752643,0.3724060090737844,0.24827067271585623,0.26600429219556027,0.30147153115496833,0.05320085843911205,0.07093447791881607,0.05320085843911205,0.0886680973985201,0.01773361947970402,0.0886680973985201,0.0,0.1064017168782241,0.01773361947970402,0.0,0.03546723895940804,0.01773361947970402,0.01773361947970402,0.01773361947970402,0.5,0.07762893527507633
1,expected,0.25,False,False,100,100,normal,0.4,2.0,1.2,0.5,0.3,0.21621547564688645,0.22189116613394871,0.227566856621011,0.23324254710807327,0.23891823759513553,0.24459392808219782,0.2502696185692601,0.25594530905632235,0.26162099954338464,0.26729669003044687,0.27297238051750916,0.27864807100457145,0.28432376149163374,0.289999451978696,0.29567514246575827,0.3013508329528205,0.3070265234398828,0.3127022139269451,0.3183779044140073,0.3240535949010696,0.32972928538813184,0.33540497587519413,0.3410806663622564,0.3467563568493187,0.352432047336381,0.35810773782344324,0.3637834283105055,0.36945911879756776,0.37513480928463006,0.38081049977169235,0.3864861902587546,0.39216188074581687,0.3978375712328791,0.4035132617199414,0.4091889522070037,0.414864642694066,0.4205403331811282,0.4262160236681905,0.43189171415525274,0.437567404642315,0.4432430951293773,0.4489187856164396,0.45459447610350184,0.4602701665905641,0.46594585707762637,0.47162154756468866,0.47729723805175095,0.48297292853881324,0.48864861902587553,0.4943243095129377,0.5,0.5056756904870623,0.5113513809741246,0.5170270714611869,0.522702761948249,0.5283784524353113,0.5340541429223736,0.5397298334094359,0.5454055238964982,0.5510812143835605,0.5567569048706227,0.562432595357685,0.5681082858447473,0.5737839763318096,0.5794596668188718,0.5851353573059341,0.5908110477929963,0.5964867382800586,0.6021624287671209,0.6078381192541832,0.6135138097412455,0.6191895002283078,0.62486519071537,0.6305408812024322,0.6362165716894945,0.6418922621765568,0.6475679526636191,0.6532436431506814,0.6589193336377436,0.6645950241248059,0.6702707146118682,0.6759464050989304,0.6816220955859927,0.6872977860730549,0.6929734765601172,0.6986491670471795,0.7043248575342418,0.7100005480213041,0.7156762385083664,0.7213519289954287,0.727027619482491,0.7327033099695531,0.7383790004566154,0.7440546909436777,0.74973038143074,0.7554060719178023,0.7610817624048646,0.7667574528919268,0.772433143378989,0.7781088338660513,0.7837845243531136,0.01761900164005596,0.01761900164005587,0.01761900164005596,0.0880950082002798,0.0,0.052857004920167615,0.03523800328011209,0.03523800328011174,0.07047600656022418,0.03523800328011174,0.08809500820027935,0.1761900164005587,0.1585710147605044,0.07047600656022349,0.2819040262408967,0.21142801968067046,0.21142801968067046,0.422856039361345,0.546189050841732,0.38761803608123296,0.6695220623221231,0.4933320459215644,0.6166650574019555,0.8985690836428494,1.0747591000434187,1.198092111523811,1.1980921115237992,1.3742821279243578,1.5680911459649725,1.744281162365548,1.8499951722058665,1.8323761705658286,2.5547552378081013,2.5547552378081013,2.3433272181274307,2.9952302788095273,3.24189630177028,3.2066582984901997,3.6647523411316216,3.365229313250671,3.9114183640924036,4.175703388693282,4.263798396893562,4.563321424774471,4.986177464135811,4.4223694116540235,5.056653470696035,5.285700492016762,5.144748478896416,4.9157014575755875,4.9157014575755875,5.1447484788963145,5.285700492016762,5.056653470696134,4.4223694116540235,4.986177464135811,4.563321424774471,4.263798396893521,4.1757033886932415,3.91141836409248,3.365229313250671,3.6647523411316216,3.2066582984901686,3.24189630177028,2.995230278809498,2.3433272181274765,2.5547552378081013,2.5547552378081013,1.8323761705658108,1.8499951722058665,1.744281162365531,1.568091145965003,1.3742821279243578,1.1980921115237992,1.1980921115237992,1.0747591000434082,0.8985690836428494,0.6166650574019675,0.4933320459215644,0.6695220623221231,0.3876180360812292,0.546189050841732,0.4228560393613492,0.21142801968067046,0.21142801968067046,0.28190402624089395,0.07047600656022349,0.15857101476050284,0.1761900164005587,0.08809500820027935,0.03523800328011243,0.07047600656022349,0.03523800328011174,0.03523800328011174,0.052857004920167615,0.0,0.08809500820028107,0.01761900164005587,0.01761900164005587,0.01761900164005587,0.5,0.07961902102138414
1,expected,0.25,False,False,100,100,normal,0.4,2.0,1.2,0.5,0.4,0.2140806314173735,0.21979901878902602,0.22551740616067856,0.2312357935323311,0.23695418090398362,0.24267256827563616,0.2483909556472887,0.2541093430189412,0.25982773039059376,0.2655461177622463,0.27126450513389877,0.2769828925055513,0.28270127987720384,0.28841966724885637,0.2941380546205089,0.29985644199216144,0.30557482936381397,0.3112932167354665,0.31701160410711904,0.32272999147877157,0.3284483788504241,0.33416676622207664,0.3398851535937292,0.3456035409653817,0.35132192833703424,0.3570403157086868,0.3627587030803393,0.36847709045199184,0.3741954778236444,0.3799138651952969,0.38563225256694944,0.391350639938602,0.3970690273102545,0.40278741468190704,0.4085058020535596,0.4142241894252121,0.41994257679686464,0.4256609641685172,0.43137935154016965,0.4370977389118222,0.4428161262834747,0.44853451365512725,0.4542529010267798,0.4599712883984323,0.46568967577008485,0.4714080631417374,0.4771264505133899,0.48284483788504245,0.488563225256695,0.4942816126283475,0.5,0.5057183873716526,0.5114367747433051,0.5171551621149577,0.5228735494866101,0.5285919368582627,0.5343103242299152,0.5400287116015677,0.5457470989732203,0.5514654863448728,0.5571838737165253,0.5629022610881779,0.5686206484598304,0.5743390358314829,0.5800574232031355,0.585775810574788,0.5914941979464405,0.5972125853180931,0.6029309726897456,0.6086493600613981,0.6143677474330507,0.6200861348047032,0.6258045221763557,0.6315229095480083,0.6372412969196608,0.6429596842913132,0.6486780716629659,0.6543964590346183,0.6601148464062709,0.6658332337779234,0.671551621149576,0.6772700085212284,0.6829883958928811,0.6887067832645335,0.6944251706361861,0.7001435580078386,0.7058619453794912,0.7115803327511436,0.7172987201227963,0.7230171074944487,0.7287354948661013,0.7344538822377538,0.7401722696094064,0.7458906569810588,0.7516090443527115,0.7573274317243639,0.7630458190960165,0.768764206467669,0.7744825938393216,0.780200981210974,0.7859193685826266,0.017487447684241337,0.017487447684241337,0.017487447684241337,0.0,0.0,0.017487447684241337,0.05246234305272401,0.0,0.034974895368482674,0.017487447684241503,0.06994979073696535,0.08743723842120668,0.1923619245266547,0.3322615060005854,0.26231171526362007,0.26231171526362007,0.3847238490533094,0.26231171526362007,0.36723640136906804,0.4721610874745161,0.6295481166326881,0.6470355643169294,0.7169853550538948,0.7694476981066188,1.154171547159928,0.8918598318963082,1.6263326346344444,1.4864330531605137,1.3640209193708241,1.9061317975823058,2.2733681989513737,2.0984937221089606,2.325830542004098,2.2558807512671324,2.710554391057407,3.025328449373751,2.902916315584062,3.25266526926892,3.2701527169531297,3.4100522984270603,3.917188281270059,3.8647259382173353,4.31939957800761,4.616686188639712,4.546736397902747,4.4418117117973,4.721610874745161,5.1762845145354355,5.403621334430573,4.844023008534897,4.844023008534756,5.403621334430678,5.176284514535335,4.721610874745252,4.4418117117973,4.546736397902747,4.616686188639712,4.31939957800761,3.8647259382173353,3.917188281270059,3.4100522984270603,3.2701527169531297,3.252665269268889,2.902916315584062,3.025328449373751,2.710554391057407,2.2558807512671324,2.325830542004098,2.0984937221089606,2.2733681989513737,1.9061317975823058,1.3640209193708241,1.4864330531605137,1.6263326346344444,0.8918598318963256,1.1541715471599059,0.7694476981066337,0.716985355053881,0.6470355643169421,0.629548116632676,0.4721610874745253,0.36723640136906094,0.2623117152636251,0.3847238490533019,0.2623117152636251,0.26231171526361496,0.33226150600059184,0.19236192452665096,0.08743723842120839,0.06994979073696399,0.017487447684241677,0.034974895368481994,0.0,0.05246234305272299,0.017487447684241677,0.0,0.0,0.017487447684240997,0.017487447684241677,0.017487447684241337,0.5,0.08067751076163611
1,expected,0.25,False,False,100,100,normal,0.4,2.0,1.2,0.75,0.1,0.21848173391562728,0.22411209923731473,0.22974246455900219,0.23537282988068964,0.2410031952023771,0.24663356052406454,0.252263925845752,0.25789429116743945,0.26352465648912693,0.26915502181081435,0.27478538713250183,0.28041575245418926,0.28604611777587674,0.29167648309756417,0.29730684841925165,0.30293721374093907,0.30856757906262655,0.314197944384314,0.31982830970600146,0.3254586750276889,0.33108904034937636,0.3367194056710638,0.34234977099275127,0.3479801363144387,0.3536105016361262,0.35924086695781365,0.3648712322795011,0.3705015976011885,0.376131962922876,0.38176232824456346,0.3873926935662509,0.3930230588879383,0.3986534242096258,0.4042837895313133,0.4099141548530007,0.4155445201746881,0.4211748854963756,0.4268052508180631,0.4324356161397505,0.43806598146143794,0.4436963467831254,0.4493267121048129,0.4549570774265003,0.46058744274818775,0.46621780806987523,0.4718481733915627,0.4774785387132502,0.48310890403493756,0.48873926935662504,0.4943696346783125,0.5,0.5056303653216874,0.5112607306433748,0.5168910959650623,0.5225214612867498,0.5281518266084372,0.5337821919301247,0.5394125572518121,0.5450429225734996,0.550673287895187,0.5563036532168745,0.561934018538562,0.5675643838602494,0.5731947491819368,0.5788251145036243,0.5844554798253118,0.5900858451469992,0.5957162104686867,0.6013465757903741,0.6069769411120616,0.612607306433749,0.6182376717554365,0.6238680370771239,0.6294984023988114,0.6351287677204989,0.6407591330421863,0.6463894983638737,0.6520198636855612,0.6576502290072487,0.6632805943289362,0.6689109596506235,0.674541324972311,0.6801716902939985,0.685802055615686,0.6914324209373733,0.6970627862590608,0.7026931515807483,0.7083235169024358,0.7139538822241231,0.7195842475458106,0.7252146128674981,0.7308449781891856,0.7364753435108731,0.7421057088325604,0.7477360741542479,0.7533664394759354,0.7589968047976229,0.7646271701193104,0.7702575354409977,0.7758879007626852,0.7815182660843727,0.01776083687053355,0.0,0.0,0.0,0.0,0.01776083687053346,0.0,0.0,0.017760836870533637,0.03552167374106692,0.035521673741067274,0.0,0.017760836870533637,0.03552167374106692,0.053282510611600914,0.0888041843526673,0.15984753183480271,0.12432585809373423,0.2308908793169373,0.24865171618746845,0.31969506366960543,0.24865171618746845,0.21313004244640366,0.5861076167276043,0.6571509642097381,0.6926726379508118,1.0656502122320182,1.0478893753614742,1.3143019284194761,1.36758443903109,1.616236155218561,1.8293661976649467,2.3266696300398837,2.2201046088167047,2.3621913037809734,2.859494736155887,3.0903856154728224,3.534406537236194,3.8541016009058,4.10275331709323,4.244840012057497,4.5822959125976785,4.937512650008351,4.759904281302968,5.399294408642173,5.13288185558417,6.0386845359814965,5.346011898030572,5.452576919253773,6.51822713148578,6.518227131485909,5.452576919253773,5.346011898030572,6.038684535981377,5.132881855584271,5.399294408642173,4.759904281302968,4.937512650008302,4.582295912597724,4.244840012057497,4.10275331709323,3.854101600905761,3.534406537236229,3.0903856154728224,2.859494736155887,2.3621913037809503,2.2201046088166825,2.3266696300399294,1.8293661976649467,1.616236155218545,1.3675844390310765,1.314301928419502,1.0478893753614742,1.0656502122320077,0.692672637950805,0.657150964209751,0.5861076167276043,0.21313004244640155,0.24865171618746845,0.31969506366960865,0.24865171618746845,0.23089087931693503,0.12432585809373423,0.15984753183480432,0.0888041843526673,0.05328251061160039,0.03552167374106692,0.01776083687053381,0.0,0.03552167374106692,0.03552167374106692,0.01776083687053346,0.0,0.0,0.01776083687053346,0.0,0.0,0.0,0.0,0.01776083687053346,0.5,0.0676143337469747
1,expected,0.25,False,False,100,100,normal,0.4,2.0,1.2,0.75,0.2,0.2130028385529909,0.21874278178193107,0.22448272501087127,0.23022266823981144,0.23596261146875164,0.2417025546976918,0.24744249792663198,0.25318244115557215,0.25892238438451237,0.26466232761345254,0.2704022708423927,0.2761422140713329,0.2818821573002731,0.2876221005292133,0.29336204375815345,0.2991019869870936,0.3048419302160338,0.310581873444974,0.3163218166739142,0.32206175990285435,0.3278017031317945,0.3335416463607347,0.3392815895896749,0.34502153281861503,0.35076147604755525,0.3565014192764954,0.3622413625054356,0.3679813057343758,0.37372124896331593,0.37946119219225616,0.38520113542119633,0.3909410786501365,0.3966810218790767,0.40242096510801684,0.40816090833695706,0.41390085156589723,0.4196407947948374,0.4253807380237776,0.43112068125271774,0.43686062448165797,0.44260056771059814,0.4483405109395383,0.45408045416847853,0.45982039739741865,0.46556034062635887,0.47130028385529904,0.4770402270842392,0.48278017031317944,0.4885201135421196,0.4942600567710598,0.49999999999999994,0.5057399432289401,0.5114798864578803,0.5172198296868205,0.5229597729157607,0.5286997161447009,0.534439659373641,0.5401796026025812,0.5459195458315214,0.5516594890604616,0.5573994322894018,0.5631393755183419,0.5688793187472821,0.5746192619762223,0.5803592052051625,0.5860991484341027,0.5918390916630428,0.597579034891983,0.6033189781209232,0.6090589213498634,0.6147988645788036,0.6205388078077437,0.626278751036684,0.6320186942656241,0.6377586374945643,0.6434985807235045,0.6492385239524446,0.6549784671813849,0.660718410410325,0.6664583536392652,0.6721982968682054,0.6779382400971455,0.6836781833260858,0.6894181265550259,0.6951580697839661,0.7008980130129063,0.7066379562418464,0.7123778994707867,0.7181178426997268,0.723857785928667,0.7295977291576072,0.7353376723865475,0.7410776156154875,0.7468175588444277,0.7525575020733679,0.7582974453023081,0.7640373885312484,0.7697773317601884,0.7755172749891286,0.7812572182180688,0.786997161447009,0.017421775096278107,0.0,0.0,0.0,0.0,0.0,0.017421775096278107,0.05226532528883382,0.017421775096278107,0.017421775096278107,0.017421775096278107,0.0,0.034843550192556215,0.05226532528883432,0.10453065057766864,0.10453065057766864,0.08710887548138971,0.15679597586650298,0.22648307625161543,0.29617017663672784,0.3658572770218403,0.43554437740694846,0.4703879275995135,0.5226532528883382,0.5052314777920651,0.801401654428793,0.853666979717619,1.132415381258088,1.2369460318357337,1.2717895820283018,1.3240549073171362,1.9163952605905736,2.0035041360720016,1.77702105982035,2.4564702885752134,3.048810641848669,3.153341292426307,3.2230283928114813,3.8676340713737023,3.8153687460849053,4.111538922721634,4.459974424647153,4.669035725802578,4.686457500898766,5.278797854172267,5.122001878305764,5.975668858023333,5.714342231579219,6.080199508601059,5.627233356097829,5.627233356097829,6.080199508601001,5.714342231579275,5.975668858023333,5.122001878305714,5.278797854172318,4.686457500898766,4.669035725802578,4.459974424647153,4.111538922721594,3.8153687460849426,3.8676340713737023,3.2230283928114813,3.153341292426307,3.048810641848639,2.456470288575237,1.77702105982035,2.0035041360720016,1.9163952605905736,1.3240549073171235,1.2717895820283143,1.2369460318357337,1.132415381258088,0.853666979717619,0.8014016544287852,0.50523147779207,0.5226532528883382,0.4703879275995135,0.43554437740694846,0.36585727702183674,0.2961701766367307,0.22648307625161318,0.1567959758665045,0.08710887548138971,0.10453065057766764,0.10453065057766966,0.05226532528883382,0.034843550192556555,0.0,0.01742177509627794,0.01742177509627794,0.017421775096278614,0.05226532528883382,0.01742177509627794,0.0,0.0,0.0,0.0,0.0,0.01742177509627794,0.5,0.06955383217653359
1,expected,0.25,False,False,100,100,normal,0.4,2.0,1.2,0.75,0.3,0.2558152199410301,0.26069891554220953,0.26558261114338894,0.27046630674456834,0.2753500023457477,0.2802336979469271,0.2851173935481065,0.2900010891492859,0.2948847847504653,0.2997684803516447,0.3046521759528241,0.3095358715540035,0.31441956715518293,0.31930326275636234,0.3241869583575417,0.3290706539587211,0.3339543495599005,0.3388380451610799,0.3437217407622593,0.34860543636343866,0.35348913196461806,0.35837282756579747,0.3632565231669769,0.3681402187681563,0.3730239143693357,0.3779076099705151,0.3827913055716945,0.3876750011728739,0.3925586967740533,0.3974423923752327,0.40232608797641206,0.40720978357759147,0.41209347917877087,0.4169771747799503,0.4218608703811297,0.42674456598230903,0.43162826158348844,0.43651195718466784,0.44139565278584725,0.44627934838702665,0.45116304398820606,0.45604673958938546,0.46093043519056487,0.4658141307917443,0.4706978263929237,0.4755815219941031,0.48046521759528243,0.48534891319646184,0.49023260879764124,0.49511630439882065,0.5,0.5048836956011794,0.5097673912023588,0.5146510868035382,0.5195347824047176,0.524418478005897,0.5293021736070764,0.5341858692082558,0.5390695648094352,0.5439532604106146,0.548836956011794,0.5537206516129733,0.5586043472141529,0.5634880428153322,0.5683717384165117,0.573255434017691,0.5781391296188705,0.5830228252200498,0.5879065208212293,0.5927902164224086,0.597673912023588,0.6025576076247674,0.6074413032259468,0.6123249988271262,0.6172086944283056,0.622092390029485,0.6269760856306643,0.6318597812318438,0.6367434768330231,0.6416271724342026,0.6465108680353819,0.6513945636365615,0.6562782592377407,0.6611619548389203,0.6660456504400996,0.670929346041279,0.6758130416424584,0.6806967372436378,0.6855804328448172,0.6904641284459966,0.695347824047176,0.7002315196483554,0.7051152152495348,0.7099989108507141,0.7148826064518936,0.7197663020530729,0.7246499976542524,0.7295336932554317,0.7344173888566112,0.7393010844577905,0.7441847800589699,0.040952593349941856,0.020476296674970928,0.020476296674970928,0.02047629667497116,0.0,0.020476296674970928,0.040952593349941856,0.08190518669988371,0.040952593349941856,0.1433340767247965,0.16381037339976742,0.12285778004982556,0.20476296674970926,0.08190518669988464,0.30714445012456393,0.30714445012456393,0.286668153449593,0.49143112019930224,0.3480970434745097,0.7371466802989534,0.552860010224215,0.9214333503736918,0.9419096470486628,1.1671489104733428,1.146672613798372,1.740485217372529,1.4947696572728777,1.8633429974223545,1.679056327347616,1.8428667007474042,2.252392634246802,2.6823948644211915,2.6619185677462207,2.600489677721308,3.3581126546952706,3.440017841395116,3.74716229151968,3.931448961594418,3.9928778516193306,4.136211928344127,4.300022301743895,5.262408245467529,4.648119345218401,4.852882311968109,5.446694915542267,5.344313432167473,5.897173442391627,5.446694915542267,5.610505288942034,5.938126035741637,5.938126035741569,5.610505288942034,5.446694915542267,5.897173442391627,5.344313432167413,5.446694915542267,4.852882311968109,4.648119345218401,5.262408245467529,4.300022301743895,4.136211928344221,3.9928778516192405,3.931448961594507,3.747162291519595,3.4400178413951936,3.3581126546951556,2.6004896777213666,2.66191856774616,2.6823948644212523,2.252392634246802,1.8428667007473836,1.679056327347616,1.8633429974223545,1.4947696572728777,1.740485217372529,1.146672613798398,1.1671489104733164,0.9419096470486841,0.9214333503736707,0.5528600102242276,0.7371466802989366,0.34809704347451365,0.49143112019929114,0.2866681534495995,0.30714445012456393,0.30714445012456393,0.08190518669988371,0.20476296674970926,0.12285778004982556,0.16381037339976742,0.1433340767247965,0.040952593349941856,0.08190518669988557,0.040952593349940926,0.020476296674971393,0.0,0.020476296674971393,0.020476296674970463,0.020476296674971393,0.040952593349941856,0.5,0.06971374026258692
1,expected,0.25,False,False,100,100,normal,0.4,2.0,1.2,0.75,0.4,0.21750131681092916,0.22315129047471058,0.228801264138492,0.2344512378022734,0.24010121146605481,0.24575118512983624,0.2514011587936177,0.2570511324573991,0.26270110612118047,0.2683510797849619,0.2740010534487433,0.27965102711252476,0.28530100077630616,0.29095097444008755,0.296600948103869,0.3022509217676504,0.30790089543143184,0.31355086909521324,0.31920084275899463,0.3248508164227761,0.33050079008655747,0.3361507637503389,0.3418007374141203,0.3474507110779017,0.35310068474168316,0.35875065840546455,0.364400632069246,0.3700506057330274,0.3757005793968088,0.38135055306059024,0.38700052672437163,0.3926505003881531,0.39830047405193447,0.40395044771571587,0.4096004213794973,0.4152503950432787,0.42090036870706016,0.42655034237084155,0.43220031603462294,0.4378502896984044,0.4435002633621858,0.44915023702596724,0.45480021068974863,0.46045018435353,0.46610015801731147,0.47175013168109287,0.4774001053448743,0.4830500790086557,0.48870005267243716,0.49435002633621855,0.49999999999999994,0.5056499736637814,0.5112999473275628,0.5169499209913442,0.5225998946551256,0.528249868318907,0.5338998419826885,0.5395498156464699,0.5451997893102514,0.5508497629740328,0.5564997366378142,0.5621497103015956,0.567799683965377,0.5734496576291583,0.5790996312929397,0.5847496049567211,0.5903995786205026,0.596049552284284,0.6016995259480655,0.6073494996118469,0.6129994732756283,0.6186494469394097,0.6242994206031911,0.6299493942669725,0.6355993679307539,0.6412493415945353,0.6468993152583168,0.6525492889220982,0.6581992625858797,0.6638492362496611,0.6694992099134425,0.6751491835772239,0.6807991572410053,0.6864491309047867,0.692099104568568,0.6977490782323496,0.703399051896131,0.7090490255599123,0.7146989992236938,0.7203489728874752,0.7259989465512566,0.731648920215038,0.7372988938788194,0.7429488675426008,0.7485988412063822,0.7542488148701636,0.7598987885339452,0.7655487621977266,0.771198735861508,0.7768487095252894,0.7824986831890708,0.017699197545121278,0.0,0.0,0.0,0.017699197545121278,0.0,0.0,0.03539839509024273,0.0,0.0,0.01769919754512119,0.10619518527072819,0.07079679018048546,0.10619518527072715,0.017699197545121365,0.10619518527072715,0.15929277790609228,0.21239037054145637,0.26548796317681783,0.30088635826706317,0.31858555581218145,0.40708154353779136,0.6371711116243691,0.7256670993499688,0.7433662968950973,0.7964638895304536,0.9557566674365536,1.4336350011548307,1.1681470379779986,1.8584157422377434,1.7345213594218767,1.699122964331651,2.230098890685292,2.0885053103243005,2.513286051407234,2.7787740145840267,3.026562780215753,3.3805467311181805,3.9469210525620255,4.28320580591937,3.9469210525620255,4.7256857445474045,4.42479938628034,4.991173707724176,5.57524722671323,5.2035640782656305,5.168165683175439,5.2035640782656305,5.5398488316229875,5.557548029168108,5.5575480291680535,5.5398488316229875,5.203564078265681,5.168165683175439,5.203564078265681,5.57524722671312,4.991173707724224,4.424799386280254,4.7256857445474045,3.946921052562064,4.28320580591937,3.946921052562064,3.3805467311181805,3.026562780215753,2.778774014584054,2.513286051407184,2.088505310324321,2.2300988906852477,1.699122964331651,1.7345213594218938,1.8584157422377434,1.1681470379780101,1.4336350011548307,0.9557566674365536,0.7964638895304613,0.7433662968950827,0.7256670993499759,0.6371711116243566,0.40708154353779136,0.31858555581218456,0.30088635826706317,0.26548796317682044,0.21239037054145637,0.15929277790609228,0.10619518527072609,0.017699197545121365,0.10619518527072819,0.07079679018048406,0.10619518527072819,0.017699197545121365,0.0,0.0,0.03539839509024273,0.0,0.0,0.017699197545120667,0.0,0.0,0.0,0.017699197545121365,0.5,0.07131118119209683
1,expected,0.25,False,False,100,100,normal,0.4,2.0,1.2,1.0,0.1,0.28626852855352297,0.2905431579824525,0.29481778741138204,0.29909241684031157,0.30336704626924116,0.3076416756981707,0.3119163051271002,0.31619093455602976,0.3204655639849593,0.3247401934138888,0.32901482284281836,0.33328945227174794,0.3375640817006775,0.341838711129607,0.34611334055853654,0.3503879699874661,0.35466259941639566,0.3589372288453252,0.36321185827425473,0.36748648770318426,0.3717611171321138,0.3760357465610433,0.38031037598997286,0.3845850054189024,0.388859634847832,0.3931342642767615,0.39740889370569105,0.4016835231346206,0.40595815256355017,0.4102327819924797,0.41450741142140923,0.41878204085033877,0.4230566702792683,0.42733129970819783,0.43160592913712736,0.4358805585660569,0.44015518799498643,0.444429817423916,0.44870444685284555,0.4529790762817751,0.4572537057107046,0.4615283351396342,0.46580296456856374,0.47007759399749327,0.4743522234264228,0.47862685285535234,0.48290148228428187,0.4871761117132114,0.49145074114214093,0.49572537057107047,0.5,0.5042746294289295,0.5085492588578591,0.5128238882867887,0.5170985177157182,0.5213731471446478,0.5256477765735773,0.5299224060025068,0.5341970354314364,0.5384716648603659,0.5427462942892954,0.5470209237182251,0.5512955531471546,0.5555701825760841,0.5598448120050137,0.5641194414339432,0.5683940708628727,0.5726687002918023,0.5769433297207318,0.5812179591496613,0.5854925885785909,0.5897672180075204,0.5940418474364499,0.5983164768653795,0.602591106294309,0.6068657357232385,0.6111403651521681,0.6154149945810976,0.6196896240100271,0.6239642534389567,0.6282388828678862,0.6325135122968158,0.6367881417257454,0.6410627711546749,0.6453374005836044,0.649612030012534,0.6538866594414635,0.6581612888703932,0.6624359182993227,0.6667105477282522,0.6709851771571818,0.6752598065861113,0.6795344360150408,0.6838090654439704,0.6880836948728999,0.6923583243018294,0.696632953730759,0.7009075831596885,0.705182212588618,0.7094568420175476,0.7137314714464771,0.02339384072060776,0.02339384072060776,0.07018152216182329,0.023393840720607458,0.07018152216182329,0.07018152216182329,0.04678768144121552,0.09357536288243104,0.09357536288243104,0.18715072576486208,0.1637568850442522,0.28072608864729315,0.25733224792668535,0.3041199293679009,0.18715072576486208,0.257332247926682,0.37430145152972416,0.5614521772945863,0.7252090623388405,0.6082398587358018,0.8889659473830949,1.0293289917067414,1.3100550803540345,1.5205996468394847,1.4972058061188966,1.2632673989128191,2.035264142692875,2.8306547271935023,1.7311442133249744,2.456353275663815,3.438894585929341,2.9476239307965777,2.900836249355362,3.041199293679009,3.485682267370556,3.836589878179673,3.8599837189002306,4.468223577636082,4.234285170430005,4.842525029165806,4.9594942327687805,5.54434025078404,5.5911279322252545,5.567734091504647,6.316336994564095,5.427371047181,6.316336994564095,6.082398587358018,6.737426127535035,6.386518516725919,6.386518516725919,6.737426127535035,6.08239858735786,6.316336994564095,5.427371047181,6.316336994564095,5.567734091504647,5.5911279322252545,5.54434025078404,4.9594942327688445,4.842525029165681,4.234285170430005,4.468223577636082,3.859983718900281,3.836589878179673,3.485682267370556,3.041199293679009,2.900836249355362,2.9476239307965777,3.438894585929341,2.456353275663815,1.7311442133249744,2.8306547271935387,2.035264142692875,1.2632673989128191,1.4972058061188966,1.5205996468395044,1.3100550803540345,1.0293289917067414,0.8889659473830949,0.6082398587357859,0.7252090623388405,0.5614521772945863,0.37430145152972416,0.25733224792668535,0.18715072576486208,0.30411992936789295,0.25733224792668535,0.28072608864729315,0.1637568850442543,0.18715072576486208,0.09357536288243104,0.09357536288243104,0.04678768144121552,0.07018152216182329,0.07018152216182329,0.02339384072060776,0.07018152216182329,0.02339384072060776,0.02339384072060776,0.5,0.06298862337888927
1,expected,0.25,False,False,100,100,normal,0.4,2.0,1.2,1.0,0.2,0.2439823039758739,0.2491026578963564,0.25422301181683893,0.2593433657373215,0.26446371965780396,0.2695840735782865,0.27470442749876905,0.27982478141925154,0.2849451353397341,0.2900654892602166,0.2951858431806991,0.30030619710118167,0.30542655102166416,0.3105469049421467,0.3156672588626292,0.32078761278311174,0.32590796670359423,0.3310283206240768,0.3361486745445593,0.3412690284650418,0.34638938238552436,0.3515097363060069,0.3566300902264894,0.36175044414697194,0.36687079806745443,0.371991151987937,0.37711150590841946,0.382231859828902,0.38735221374938456,0.39247256766986705,0.3975929215903496,0.40271327551083214,0.4078336294313146,0.4129539833517971,0.41807433727227966,0.4231946911927622,0.4283150451132447,0.43343539903372724,0.4385557529542098,0.4436761068746923,0.4487964607951748,0.45391681471565737,0.45903716863613986,0.46415752255662235,0.4692778764771049,0.47439823039758744,0.47951858431806993,0.4846389382385525,0.489759292159035,0.4948796460795175,0.5,0.5051203539204825,0.5102407078409651,0.5153610617614476,0.5204814156819302,0.5256017696024127,0.5307221235228952,0.5358424774433777,0.5409628313638601,0.5460831852843427,0.5512035392048253,0.5563238931253078,0.5614442470457903,0.5665646009662728,0.5716849548867553,0.5768053088072379,0.5819256627277204,0.587046016648203,0.5921663705686855,0.597286724489168,0.6024070784096505,0.607527432330133,0.6126477862506156,0.617768140171098,0.6228884940915806,0.6280088480120631,0.6331292019325456,0.6382495558530281,0.6433699097735106,0.6484902636939932,0.6536106176144758,0.6587309715349583,0.6638513254554408,0.6689716793759233,0.6740920332964058,0.6792123872168883,0.6843327411373709,0.6894530950578535,0.694573448978336,0.6996938028988184,0.7048141568193009,0.7099345107397834,0.715054864660266,0.7201752185807485,0.7252955725012311,0.7304159264217136,0.7355362803421961,0.7406566342626786,0.7457769881831611,0.7508973421036436,0.7560176960241262,0.019529899993822396,0.0,0.0,0.0,0.0,0.0,0.0,0.039059799987644576,0.0,0.019529899993822288,0.019529899993822288,0.07811959997529001,0.039059799987644576,0.11717939996293501,0.1562391999505783,0.15623919995058003,0.23435879992586747,0.1562391999505783,0.21482889993204754,0.23435879992586747,0.37106809988262346,0.507777399839385,0.37106809988262346,0.585896999814675,0.8593155997281807,0.9179052997096576,1.1522640996355151,1.1913238996231597,1.2694434995984625,1.6600414994748947,1.5428620995119608,2.03110959935754,2.6170065991722153,2.421707599233964,2.7927756991165875,3.1638437989992454,3.3200829989497893,3.3982025989250784,3.945039798752145,4.17939859867797,4.902004898449395,4.882474998455626,5.409782298288833,5.54649159824553,5.409782298288775,6.425337097967603,6.659695897893401,6.522986597936645,6.151918498054088,5.956619498115863,5.956619498115863,6.151918498053955,6.522986597936716,6.659695897893328,6.425337097967603,5.409782298288833,5.5464915982455905,5.409782298288833,4.882474998455519,4.902004898449341,4.179398598678015,3.945039798752145,3.3982025989251152,3.3200829989498257,3.1638437989991766,2.7927756991166177,2.4217075992339376,2.6170065991722153,2.03110959935754,1.5428620995119775,1.6600414994749129,1.2694434995984352,1.1913238996231728,1.1522640996355025,0.9179052997096576,0.8593155997281902,0.585896999814675,0.3710680998826275,0.507777399839374,0.37106809988261946,0.23435879992587003,0.21482889993204754,0.15623919995058003,0.23435879992587003,0.15623919995058003,0.15623919995057664,0.11717939996293246,0.03905979998764501,0.07811959997529001,0.019529899993822503,0.019529899993822503,0.0,0.03905979998764501,0.0,0.0,0.0,0.0,0.0,0.0,0.01952989999382208,0.5,0.06297066520921912
1,expected,0.25,False,False,100,100,normal,0.4,2.0,1.2,1.0,0.3,0.27176458550673216,0.27632929379659754,0.28089400208646287,0.28545871037632825,0.2900234186661936,0.29458812695605896,0.2991528352459243,0.30371754353578967,0.308282251825655,0.3128469601155204,0.3174116684053857,0.3219763766952511,0.32654108498511647,0.3311057932749818,0.3356705015648472,0.3402352098547125,0.3447999181445779,0.3493646264344432,0.3539293347243086,0.358494043014174,0.3630587513040393,0.36762345959390463,0.37218816788377,0.3767528761736354,0.3813175844635007,0.3858822927533661,0.39044700104323143,0.3950117093330968,0.39957641762296214,0.4041411259128275,0.4087058342026929,0.41327054249255823,0.41783525078242356,0.42239995907228894,0.4269646673621543,0.43152937565201965,0.436094083941885,0.44065879223175036,0.44522350052161574,0.44978820881148107,0.45435291710134645,0.45891762539121184,0.46348233368107716,0.4680470419709425,0.4726117502608079,0.47717645855067325,0.4817411668405386,0.4863058751304039,0.4908705834202693,0.4954352917101347,0.5,0.5045647082898654,0.5091294165797308,0.5136941248695961,0.5182588331594614,0.5228235414493267,0.5273882497391922,0.5319529580290575,0.5365176663189228,0.5410823746087883,0.5456470828986536,0.5502117911885189,0.5547764994783844,0.5593412077682496,0.563905916058115,0.5684706243479805,0.5730353326378457,0.5776000409277111,0.5821647492175764,0.5867294575074418,0.5912941657973072,0.5958588740871725,0.6004235823770379,0.6049882906669033,0.6095529989567685,0.614117707246634,0.6186824155364994,0.6232471238263646,0.62781183211623,0.6323765404060954,0.6369412486959607,0.6415059569858261,0.6460706652756915,0.6506353735655568,0.6552000818554222,0.6597647901452874,0.6643294984351529,0.6688942067250183,0.6734589150148835,0.678023623304749,0.6825883315946143,0.6871530398844796,0.6917177481743451,0.6962824564642104,0.7008471647540757,0.7054118730439412,0.7099765813338064,0.7145412896236718,0.7191059979135372,0.7236707062034025,0.7282354144932679,0.021907204940570055,0.021907204940570323,0.0,0.0,0.021907204940570055,0.021907204940570323,0.021907204940570055,0.06572161482171096,0.021907204940570055,0.06572161482171096,0.13144322964342034,0.17525763952456044,0.17525763952456258,0.24097925434627063,0.24097925434627354,0.37242248398969097,0.30670086916798456,0.37242248398969097,0.5476801235142514,0.4381440988114065,0.67912335315768,0.8105665828010922,1.0077314272662226,0.9201026075039536,1.204896271731353,1.1829890667907976,1.927834034770165,1.8402052150079071,2.037370059473015,2.3878853385221364,1.7087619853644853,3.0889158966204153,2.628864592868407,3.132730306501518,3.461338380610111,4.118554528827221,3.83376086459976,4.162368938708311,4.074740118946081,4.9510283165688325,5.082471546212253,5.673966079607713,5.586337259845433,5.257729185736814,5.542522849964224,6.024481358656839,5.9149453339539875,5.9149453339539155,5.893038129013346,6.2216462031219715,6.2216462031218205,5.8930381290134175,5.9149453339539875,5.9149453339539875,6.024481358656839,5.542522849964157,5.257729185736878,5.586337259845433,5.673966079607576,5.082471546212315,4.951028316568893,4.07474011894598,4.162368938708463,3.8337608645997134,4.11855452882712,3.4613383806101954,3.1327303065014798,2.628864592868439,3.0889158966204153,1.7087619853644436,2.3878853385221652,2.0373700594730404,1.8402052150078623,1.9278340347702354,1.1829890667907685,1.2048962717313385,0.9201026075039759,1.0077314272662103,0.8105665828011019,0.67912335315768,0.4381440988113958,0.5476801235142581,0.3724224839896955,0.30670086916797706,0.37242248398970457,0.24097925434626769,0.24097925434626769,0.17525763952456686,0.1752576395245583,0.13144322964342192,0.06572161482171096,0.02190720494056979,0.06572161482171096,0.021907204940570323,0.02190720494056979,0.021907204940570857,0.0,0.0,0.021907204940570857,0.02190720494056979,0.5,0.06375107240478022
1,expected,0.25,False,False,100,100,normal,0.4,2.0,1.2,1.0,0.4,0.2529977000238412,0.2579377460233644,0.2628777920228875,0.2678178380224107,0.2727578840219339,0.2776979300214571,0.28263797602098023,0.2875780220205034,0.2925180680200266,0.2974581140195498,0.30239816001907294,0.3073382060185961,0.3122782520181193,0.31721829801764245,0.32215834401716564,0.32709839001668883,0.332038436016212,0.3369784820157352,0.34191852801525835,0.34685857401478154,0.35179862001430473,0.35673866601382787,0.36167871201335106,0.36661875801287425,0.3715588040123974,0.37649885001192057,0.38143889601144376,0.38637894201096695,0.39131898801049014,0.3962590340100133,0.40119908000953647,0.40613912600905966,0.4110791720085828,0.416019218008106,0.4209592640076292,0.4258993100071523,0.43083935600667556,0.4357794020061987,0.4407194480057219,0.44565949400524507,0.4505995400047682,0.4555395860042914,0.4604796320038146,0.4654196780033377,0.47035972400286097,0.4752997700023841,0.4802398160019073,0.4851798620014305,0.4901199080009536,0.4950599540004768,0.5,0.5049400459995231,0.5098800919990463,0.5148201379985695,0.5197601839980928,0.5247002299976158,0.529640275997139,0.5345803219966623,0.5395203679961854,0.5444604139957085,0.5494004599952318,0.5543405059947549,0.5592805519942781,0.5642205979938013,0.5691606439933244,0.5741006899928476,0.5790407359923708,0.583980781991894,0.5889208279914171,0.5938608739909403,0.5988009199904635,0.6037409659899866,0.6086810119895099,0.6136210579890331,0.6185611039885561,0.6235011499880794,0.6284411959876026,0.6333812419871258,0.6383212879866489,0.6432613339861721,0.6482013799856953,0.6531414259852184,0.6580814719847417,0.6630215179842648,0.6679615639837879,0.6729016099833112,0.6778416559828343,0.6827817019823574,0.6877217479818807,0.6926617939814038,0.697601839980927,0.7025418859804502,0.7074819319799734,0.7124219779794965,0.7173620239790197,0.722302069978543,0.727242115978066,0.7321821619775892,0.7371222079771125,0.7420622539766356,0.7470022999761587,0.02024272648668695,0.02024272648668718,0.02024272648668695,0.02024272648668695,0.02024272648668695,0.0,0.0404854529733739,0.02024272648668695,0.06072817946006086,0.0,0.0404854529733739,0.0809709059467478,0.04048545297337436,0.06072817946006086,0.12145635892012172,0.18218453838018256,0.24291271784024343,0.24291271784024615,0.3036408973003043,0.34412635027367816,0.4453399827071179,0.5870390681139216,0.7084954270340433,0.8299517859541744,0.9716508713609737,0.9918935978476605,1.2955344951479648,1.4979617600148343,1.7813599308284715,1.6801462983950168,2.6720398962426772,2.3279135459690257,2.5708262638092427,2.793496255162799,3.137622605436513,3.3198071438166226,3.4412635027368204,4.1700016562575115,3.724661673550399,4.129516203284184,5.060681621671738,5.222623433565233,5.141652527618543,5.020196168698307,5.425050698432164,5.9108761341125895,5.688206142759033,6.700342467093456,5.769177048705781,6.315730663846328,6.3157306638463995,5.769177048705846,6.700342467093306,5.688206142758969,5.9108761341127884,5.425050698432042,5.020196168698307,5.141652527618543,5.222623433565293,5.060681621671681,4.129516203284184,3.724661673550441,4.170001656257465,3.4412635027368204,3.3198071438166976,3.1376226054364422,2.7934962551628306,2.5708262638092716,2.3279135459689733,2.6720398962427074,1.6801462983950357,1.7813599308284316,1.4979617600148174,1.2955344951480086,0.9918935978476495,0.9716508713609628,0.8299517859541744,0.7084954270340512,0.5870390681139149,0.4453399827071179,0.344126350273682,0.30364089730030086,0.24291271784024615,0.24291271784024615,0.1821845383801805,0.12145635892012308,0.06072817946006154,0.04048545297337345,0.08097090594674872,0.04048545297337436,0.0,0.06072817946006018,0.020242726486687634,0.04048545297337345,0.0,0.020242726486687634,0.020242726486686725,0.020242726486686725,0.02024272648668718,0.02024272648668718,0.5,0.0645648745041788
1,expected,0.25,False,False,100,100,normal,0.4,2.0,1.2,1.25,0.1,0.23477463827661887,0.2400791455110865,0.24538365274555413,0.25068815998002175,0.2559926672144894,0.261297174448957,0.26660168168342463,0.27190618891789226,0.2772106961523599,0.2825152033868275,0.2878197106212951,0.2931242178557627,0.29842872509023033,0.30373323232469795,0.3090377395591656,0.3143422467936332,0.31964675402810083,0.32495126126256846,0.3302557684970361,0.3355602757315037,0.34086478296597134,0.34616929020043896,0.3514737974349066,0.3567783046693742,0.36208281190384184,0.36738731913830946,0.3726918263727771,0.3779963336072447,0.38330084084171234,0.38860534807617997,0.3939098553106476,0.3992143625451152,0.40451886977958285,0.40982337701405047,0.4151278842485181,0.4204323914829857,0.42573689871745335,0.431041405951921,0.43634591318638855,0.44165042042085617,0.4469549276553238,0.4522594348897914,0.45756394212425905,0.4628684493587267,0.4681729565931943,0.4734774638276619,0.47878197106212955,0.4840864782965972,0.4893909855310648,0.49469549276553243,0.5,0.5053045072344677,0.5106090144689353,0.515913521703403,0.5212180289378705,0.5265225361723381,0.5318270434068058,0.5371315506412734,0.542436057875741,0.5477405651102086,0.5530450723446763,0.5583495795791439,0.5636540868136115,0.5689585940480791,0.5742631012825468,0.5795676085170144,0.584872115751482,0.5901766229859496,0.5954811302204173,0.6007856374548849,0.6060901446893525,0.6113946519238201,0.6166991591582878,0.6220036663927554,0.627308173627223,0.6326126808616905,0.6379171880961583,0.6432216953306258,0.6485262025650935,0.653830709799561,0.6591352170340288,0.6644397242684963,0.669744231502964,0.6750487387374315,0.6803532459718993,0.6856577532063668,0.6909622604408345,0.696266767675302,0.7015712749097698,0.7068757821442373,0.712180289378705,0.7174847966131725,0.7227893038476403,0.7280938110821078,0.7333983183165755,0.738702825551043,0.7440073327855108,0.7493118400199783,0.754616347254446,0.7599208544889136,0.7652253617233812,0.018851892471787018,0.0,0.0,0.0,0.0,0.0,0.0,0.018851892471787018,0.0,0.018851892471787212,0.018851892471787018,0.0,0.018851892471787018,0.018851892471787018,0.037703784943574035,0.037703784943574035,0.037703784943574035,0.1131113548307221,0.07540756988714807,0.15081513977429614,0.15081513977429614,0.2262227096614442,0.4524454193228884,0.47129731179467543,0.5467048816818235,0.6221124515689715,0.6975200214561196,0.8671870537022027,0.8671870537022027,1.281928688081517,1.4515957203276002,1.4892995052711744,1.9794487095376367,2.7146725159373304,2.7335244084091173,2.9597471180705615,2.8654876557116267,3.5630076771677834,3.902341741659912,4.694121225474967,4.712973117946754,5.655567741536105,5.655567741536105,5.825234773782189,6.12686505333078,6.277680193105077,6.277680193105077,6.051457483443633,6.183420730746142,6.390791547935866,6.390791547935665,6.1834207307462705,6.051457483443506,6.2776801931052075,6.277680193105077,6.12686505333078,5.825234773782189,5.655567741536105,5.655567741536105,4.712973117946754,4.694121225474967,3.902341741659912,3.5630076771677457,2.8654876557116267,2.9597471180705615,2.7335244084091173,2.7146725159373304,1.9794487095376367,1.4892995052711744,1.4515957203276002,1.281928688081517,0.8671870537022027,0.8671870537022027,0.6975200214561196,0.6221124515689845,0.546704881681812,0.47129731179468526,0.45244541932287896,0.22622270966144892,0.15081513977429298,0.15081513977429928,0.07540756988714649,0.11311135483072446,0.037703784943573244,0.03770378494357482,0.037703784943573244,0.01885189247178741,0.018851892471786622,0.0,0.018851892471786622,0.01885189247178741,0.0,0.01885189247178741,0.0,0.0,0.0,0.0,0.0,0.0,0.018851892471787018,0.5,0.05929062309561319
1,expected,0.25,False,False,100,100,normal,0.4,2.0,1.2,1.25,0.2,0.27111661166102635,0.27569427942780583,0.2802719471945853,0.2848496149613648,0.2894272827281442,0.2940049504949237,0.2985826182617032,0.30316028602848266,0.30773795379526214,0.3123156215620416,0.3168932893288211,0.32147095709560053,0.32604862486238,0.3306262926291595,0.33520396039593897,0.33978162816271845,0.3443592959294979,0.34893696369627736,0.35351463146305684,0.3580922992298363,0.3626699669966158,0.3672476347633953,0.37182530253017476,0.37640297029695424,0.38098063806373367,0.38555830583051315,0.39013597359729263,0.3947136413640721,0.39929130913085153,0.403868976897631,0.4084466446644105,0.41302431243119,0.41760198019796946,0.42217964796474894,0.4267573157315284,0.4313349834983079,0.4359126512650874,0.4404903190318668,0.4450679867986463,0.44964565456542577,0.45422332233220525,0.4588009900989847,0.46337865786576415,0.46795632563254363,0.4725339933993231,0.4771116611661026,0.4816893289328821,0.48626699669966156,0.49084466446644104,0.4954223322332205,0.49999999999999994,0.5045776677667795,0.509155335533559,0.5137330033003383,0.5183106710671178,0.5228883388338973,0.5274660066006768,0.5320436743674563,0.5366213421342357,0.5411990099010152,0.5457766776677947,0.5503543454345741,0.5549320132013535,0.559509680968133,0.5640873487349125,0.568665016501692,0.5732426842684715,0.577820352035251,0.5823980198020304,0.5869756875688099,0.5915533553355894,0.5961310231023689,0.6007086908691484,0.6052863586359278,0.6098640264027073,0.6144416941694868,0.6190193619362663,0.6235970297030458,0.6281746974698252,0.6327523652366047,0.6373300330033842,0.6419077007701636,0.646485368536943,0.6510630363037225,0.655640704070502,0.6602183718372815,0.664796039604061,0.6693737073708403,0.6739513751376198,0.6785290429043993,0.6831067106711788,0.6876843784379583,0.6922620462047377,0.6968397139715172,0.7014173817382967,0.7059950495050762,0.7105727172718557,0.7151503850386352,0.7197280528054146,0.7243057205721941,0.7288833883389736,0.02184518516737025,0.0,0.0,0.0,0.06553555550211074,0.02184518516737025,0.02184518516737025,0.0,0.0,0.02184518516737025,0.13107111100422308,0.06553555550211074,0.087380740669481,0.087380740669481,0.13107111100422147,0.13107111100422308,0.26214222200844295,0.21845185167370246,0.2839874071758132,0.611665184686367,0.3932133330126645,0.5242844440168859,0.5898199995189967,0.9174977770295616,1.0048785176990314,1.0922592583685125,1.398091850711696,1.2014851842053782,1.9879118502306927,1.8131503688917305,1.9879118502306927,2.5121962942475786,2.6651125904191706,2.9709451827623536,3.167551849268686,4.085049626298236,3.84475258945721,4.106894811465606,4.500108144478271,4.521953329645641,4.958857032993106,4.980702218160417,5.723438513851005,6.13849703203104,6.422484439206853,6.269568143035261,6.728317031550036,6.5754007353784445,6.750162216717406,7.23075629039964,7.230756290399465,6.750162216717406,6.575400735378604,6.728317031550036,6.269568143035261,6.422484439206853,6.13849703203104,5.723438513851005,4.980702218160417,4.958857032993047,4.5219533296457515,4.500108144478271,4.106894811465606,3.8447525894571632,4.085049626298236,3.167551849268686,2.9709451827623536,2.6651125904191706,2.5121962942475786,1.9879118502306927,1.8131503688917305,1.9879118502306927,1.2014851842053638,1.398091850711696,1.0922592583685125,1.0048785176990314,0.9174977770295504,0.5898199995189967,0.5242844440168859,0.3932133330126645,0.6116651846863818,0.2839874071758132,0.21845185167370246,0.26214222200844295,0.13107111100422147,0.13107111100422147,0.0873807406694831,0.087380740669481,0.06553555550211074,0.13107111100422147,0.02184518516737025,0.0,0.0,0.02184518516737025,0.02184518516737025,0.06553555550211074,0.0,0.0,0.0,0.02184518516737025,0.5,0.058629456446016706
1,expected,0.25,False,False,100,100,normal,0.4,2.0,1.2,1.25,0.3,0.27145837222065394,0.2760292047762409,0.2806000373318278,0.2851708698874147,0.2897417024430016,0.29431253499858856,0.2988833675541755,0.3034542001097624,0.3080250326653493,0.31259586522093624,0.3171666977765232,0.32173753033211006,0.326308362887697,0.3308791954432839,0.33545002799887086,0.3400208605544578,0.3445916931100447,0.3491625256656316,0.35373335822121854,0.3583041907768054,0.36287502333239235,0.3674458558879793,0.3720166884435662,0.37658752099915316,0.38115835355474004,0.38572918611032697,0.3903000186659139,0.39487085122150084,0.3994416837770878,0.40401251633267465,0.4085833488882616,0.4131541814438485,0.4177250139994354,0.4222958465550224,0.42686667911060927,0.4314375116661962,0.43600834422178314,0.44057917677737,0.44515000933295695,0.4497208418885439,0.45429167444413077,0.45886250699971776,0.46343333955530464,0.46800417211089157,0.4725750046664785,0.4771458372220654,0.4817166697776523,0.48628750233323925,0.4908583348888262,0.4954291674444131,0.5,0.5045708325555869,0.5091416651111739,0.5137124976667607,0.5182833302223477,0.5228541627779346,0.5274249953335215,0.5319958278891085,0.5365666604446954,0.5411374930002824,0.5457083255558692,0.5502791581114561,0.554849990667043,0.55942082322263,0.563991655778217,0.5685624883338039,0.5731333208893907,0.5777041534449776,0.5822749860005646,0.5868458185561516,0.5914166511117385,0.5959874836673253,0.6005583162229122,0.6051291487784992,0.6096999813340862,0.6142708138896731,0.61884164644526,0.6234124790008468,0.6279833115564338,0.6325541441120207,0.6371249766676077,0.6416958092231946,0.6462666417787815,0.6508374743343684,0.6554083068899553,0.6599791394455423,0.6645499720011292,0.6691208045567161,0.673691637112303,0.67826246966789,0.6828333022234769,0.6874041347790638,0.6919749673346507,0.6965457998902376,0.7011166324458246,0.7056874650014116,0.7102582975569984,0.7148291301125853,0.7193999626681722,0.7239707952237592,0.7285416277793461,0.02187785240082135,0.0,0.0,0.02187785240082135,0.02187785240082135,0.02187785240082135,0.021877852400821615,0.06563355720246404,0.06563355720246404,0.02187785240082135,0.021877852400821615,0.15314496680574946,0.1750228192065708,0.2187785240082135,0.0875114096032854,0.28441208121068096,0.26253422880985616,0.3938013432147843,0.3281677860123242,0.3500456384131416,0.568824162421355,0.371923490813963,0.5469463100205337,0.7219691292271133,0.8969919484336754,1.2032818820451743,1.443938258454209,1.553327520458316,1.5970832252599778,2.3628080592887057,2.253418797284599,2.6472201404994156,2.362808059288677,2.6472201404994156,3.5879677937347014,3.872379874945379,4.091158398953642,3.8505020225445574,4.441204037366734,5.206928871395545,5.491340952606093,5.097539609391436,5.316318133399588,6.082042967428335,5.666363771812798,6.650867129849691,6.235187934234085,6.825889949056262,7.066546325465296,6.191432229432517,6.191432229432517,7.06654632546521,6.825889949056345,6.235187934234009,6.650867129849771,5.666363771812798,6.0820429674282614,5.316318133399652,5.097539609391313,5.491340952606226,5.206928871395545,4.441204037366788,3.850502022544511,4.091158398953543,3.8723798749454263,3.587967793734745,2.6472201404994156,2.362808059288677,2.647220140499351,2.2534187972846262,2.3628080592887346,1.5970832252599778,1.553327520458297,1.4439382584541915,1.203281882045189,0.8969919484336862,0.7219691292271133,0.5469463100205271,0.37192349081396747,0.5688241624213483,0.35004563841314584,0.3281677860123242,0.39380134321477955,0.2625342288098594,0.28441208121067413,0.08751140960328646,0.21877852400821615,0.17502281920657292,0.1531449668057476,0.021877852400821084,0.021877852400821615,0.06563355720246485,0.06563355720246485,0.021877852400821084,0.021877852400821084,0.021877852400821615,0.021877852400821615,0.0,0.0,0.021877852400821615,0.5,0.05974512974880991
1,expected,0.25,False,False,100,100,normal,0.4,2.0,1.2,1.25,0.4,0.28194115676294335,0.2863023336276845,0.2906635104924256,0.29502468735716675,0.2993858642219079,0.303747041086649,0.30810821795139015,0.3124693948161313,0.3168305716808724,0.32119174854561355,0.3255529254103547,0.3299141022750958,0.33427527913983696,0.3386364560045781,0.34299763286931917,0.3473588097340603,0.35171998659880144,0.35608116346354257,0.3604423403282837,0.36480351719302484,0.369164694057766,0.3735258709225071,0.37788704778724824,0.3822482246519894,0.3866094015167305,0.39097057838147165,0.3953317552462128,0.3996929321109539,0.40405410897569505,0.4084152858404362,0.4127764627051773,0.41713763956991845,0.4214988164346596,0.4258599932994007,0.43022117016414185,0.434582347028883,0.4389435238936241,0.44330470075836526,0.4476658776231064,0.4520270544878475,0.45638823135258866,0.4607494082173298,0.4651105850820709,0.46947176194681206,0.4738329388115532,0.47819411567629433,0.48255529254103546,0.4869164694057766,0.49127764627051773,0.49563882313525887,0.5,0.5043611768647411,0.5087223537294823,0.5130835305942234,0.5174447074589645,0.5218058843237057,0.5261670611884468,0.5305282380531879,0.5348894149179291,0.5392505917826702,0.5436117686474113,0.5479729455121525,0.5523341223768936,0.5566952992416347,0.5610564761063759,0.565417652971117,0.5697788298358581,0.5741400067005993,0.5785011835653404,0.5828623604300815,0.5872235372948227,0.5915847141595638,0.595945891024305,0.6003070678890461,0.6046682447537872,0.6090294216185284,0.6133905984832695,0.6177517753480106,0.6221129522127518,0.6264741290774929,0.630835305942234,0.635196482806975,0.6395576596717162,0.6439188365364573,0.6482800134011985,0.6526411902659396,0.6570023671306807,0.6613635439954219,0.665724720860163,0.6700858977249041,0.6744470745896453,0.6788082514543864,0.6831694283191275,0.6875306051838687,0.6918917820486098,0.6962529589133509,0.7006141357780921,0.7049753126428332,0.7093364895075743,0.7136976663723155,0.7180588432370566,0.022929590590207737,0.0,0.022929590590207737,0.04585918118041547,0.0,0.04585918118041547,0.04585918118041547,0.09171836236083095,0.04585918118041547,0.09171836236083095,0.06878877177062322,0.1834367247216619,0.1834367247216619,0.25222549649228837,0.20636631531186964,0.25222549649228515,0.1834367247216619,0.3668734494433238,0.5044509929845703,0.4815214023943625,0.6649581271160244,0.8254652612474785,1.0776907577397636,1.2611274824614256,1.3299162542320488,1.4445642071830875,1.7426488848557882,1.8343672472166193,2.384677421381605,2.545184555513059,2.3388182402011894,3.0037763673172138,2.912058004956383,2.9579171861367985,3.393579407350745,4.1043967156471854,3.7375232662038615,4.631777299221963,5.021580339255495,4.56298852745134,5.113298701616325,5.48017215105965,4.952791567484872,5.892904781683389,6.305637412307129,6.328567002897335,6.512003727618998,6.236848640536505,6.0075527346344275,6.947665948832944,6.947665948832944,6.0075527346344275,6.236848640536505,6.512003727618998,6.328567002897335,6.305637412307129,5.892904781683389,4.952791567484872,5.48017215105965,5.113298701616325,4.56298852745134,5.021580339255495,4.631777299221963,3.7375232662038615,4.1043967156471854,3.393579407350745,2.9579171861367985,2.912058004956383,3.0037763673172138,2.3388182402011894,2.545184555513059,2.384677421381605,1.8343672472166193,1.7426488848557882,1.4445642071830875,1.3299162542320488,1.2611274824614256,1.0776907577397636,0.8254652612474785,0.6649581271160244,0.48152140239437474,0.5044509929845703,0.3668734494433238,0.1834367247216619,0.25222549649228515,0.20636631531186964,0.25222549649228515,0.1834367247216619,0.1834367247216619,0.06878877177062322,0.09171836236083095,0.04585918118041547,0.09171836236083095,0.04585918118041547,0.04585918118041547,0.0,0.04585918118041547,0.022929590590207737,0.0,0.022929590590207737,0.5,0.06077921682930154
1,expected,0.25,False,False,100,100,normal,0.4,2.0,1.2,1.5,0.1,0.2581479914961543,0.2629850316662312,0.26782207183630813,0.27265911200638504,0.27749615217646195,0.28233319234653886,0.2871702325166158,0.2920072726866927,0.2968443128567696,0.3016813530268465,0.3065183931969234,0.31135543336700033,0.31619247353707725,0.32102951370715416,0.3258665538772311,0.33070359404730804,0.33554063421738495,0.34037767438746186,0.34521471455753877,0.3500517547276157,0.3548887948976926,0.3597258350677695,0.3645628752378464,0.36939991540792333,0.37423695557800024,0.37907399574807715,0.38391103591815406,0.38874807608823103,0.39358511625830794,0.39842215642838485,0.40325919659846177,0.4080962367685387,0.4129332769386156,0.4177703171086925,0.4226073572787694,0.4274443974488463,0.43228143761892324,0.43711847778900015,0.44195551795907706,0.44679255812915397,0.4516295982992309,0.4564666384693078,0.4613036786393847,0.4661407188094616,0.47097775897953853,0.47581479914961544,0.48065183931969235,0.48548887948976926,0.4903259196598462,0.4951629598299231,0.5,0.5048370401700769,0.5096740803401538,0.5145111205102307,0.5193481606803076,0.5241852008503847,0.5290222410204615,0.5338592811905385,0.5386963213606153,0.5435333615306923,0.5483704017007691,0.5532074418708461,0.5580444820409229,0.562881522211,0.5677185623810768,0.5725556025511538,0.5773926427212306,0.5822296828913076,0.5870667230613844,0.5919037632314614,0.5967408034015382,0.6015778435716153,0.6064148837416921,0.6112519239117691,0.6160889640818459,0.6209260042519229,0.6257630444219998,0.6306000845920767,0.6354371247621536,0.6402741649322305,0.6451112051023075,0.6499482452723844,0.6547852854424613,0.6596223256125382,0.6644593657826151,0.669296405952692,0.6741334461227689,0.6789704862928458,0.6838075264629228,0.6886445666329997,0.6934816068030766,0.6983186469731535,0.7031556871432304,0.7079927273133073,0.7128297674833842,0.7176668076534611,0.722503847823538,0.727340887993615,0.732177928163692,0.7370149683337688,0.7418520085038457,0.02067379977917569,0.0,0.0,0.0,0.0,0.0,0.02067379977917569,0.02067379977917569,0.04134759955835138,0.0,0.04134759955835138,0.0,0.08269519911670276,0.06202139933752636,0.02067379977917569,0.02067379977917569,0.10336899889587846,0.06202139933752707,0.12404279867505413,0.1860641980125812,0.20673799779175692,0.4548235951418652,0.5581925940377437,0.41347599558351383,0.6408877931544464,0.7029091924919735,0.9509947898420709,1.323123185867244,1.19908038719219,1.6539039823340553,1.9433371792425151,1.7986205807882851,2.4188345741635557,2.3774869746052043,3.0183747677596506,3.142417566434705,3.5972411615765703,4.155433755614314,4.6929525498728815,4.961711947002166,5.2097975443522735,5.767990138390018,5.685294939273315,5.974728136181775,5.767990138390018,6.346856532206937,6.863701526686329,7.3391989216073705,6.553594529998694,6.843027726907153,6.843027726907153,6.553594529998694,7.3391989216073705,6.863701526686329,6.346856532206791,5.76799013839015,5.974728136181637,5.6852949392734455,5.7679901383898855,5.209797544352393,4.961711947002051,4.69295254987299,4.155433755614219,3.597241161576653,3.1424175664346325,3.01837476775972,2.37748697460515,2.4188345741636113,1.7986205807882438,1.9433371792425593,1.6539039823340171,1.1990803871922175,1.3231231858672137,0.9509947898421036,0.7029091924919573,0.6408877931544464,0.41347599558351383,0.5581925940377437,0.4548235951418652,0.20673799779175692,0.1860641980125812,0.12404279867505413,0.06202139933752707,0.10336899889587846,0.02067379977917569,0.02067379977917569,0.06202139933752707,0.08269519911670276,0.0,0.04134759955835138,0.0,0.04134759955835138,0.02067379977917569,0.02067379977917569,0.0,0.0,0.0,0.0,0.0,0.02067379977917569,0.5,0.05636278105269266
1,expected,0.25,False,False,100,100,normal,0.4,2.0,1.2,1.5,0.2,0.24921894529096014,0.2542345663851409,0.2592501874793217,0.2642658085735025,0.2692814296676833,0.2742970507618641,0.2793126718560449,0.2843282929502257,0.2893439140444065,0.2943595351385873,0.2993751562327681,0.3043907773269489,0.3094063984211297,0.3144220195153105,0.3194376406094913,0.3244532617036721,0.3294688827978529,0.3344845038920337,0.3395001249862145,0.34451574608039526,0.3495313671745761,0.35454698826875686,0.3595626093629377,0.36457823045711846,0.3695938515512993,0.37460947264548006,0.3796250937396609,0.38464071483384166,0.38965633592802246,0.39467195702220326,0.39968757811638406,0.40470319921056486,0.40971882030474566,0.41473444139892646,0.41975006249310726,0.42476568358728806,0.42978130468146886,0.43479692577564966,0.4398125468698304,0.44482816796401126,0.449843789058192,0.45485941015237286,0.4598750312465536,0.46489065234073446,0.4699062734349152,0.47492189452909606,0.4799375156232768,0.48495313671745766,0.4899687578116384,0.4949843789058192,0.5,0.5050156210941809,0.5100312421883616,0.5150468632825425,0.5200624843767232,0.5250781054709039,0.5300937265650848,0.5351093476592655,0.5401249687534464,0.5451405898476271,0.550156210941808,0.5551718320359887,0.5601874531301696,0.5652030742243503,0.5702186953185312,0.5752343164127119,0.5802499375068928,0.5852655586010735,0.5902811796952544,0.5952968007894351,0.600312421883616,0.6053280429777967,0.6103436640719776,0.6153592851661583,0.6203749062603392,0.6253905273545199,0.6304061484487007,0.6354217695428815,0.6404373906370623,0.6454530117312431,0.6504686328254239,0.6554842539196047,0.6604998750137855,0.6655154961079663,0.6705311172021471,0.6755467382963279,0.6805623593905087,0.6855779804846895,0.6905936015788703,0.6956092226730511,0.7006248437672319,0.7056404648614127,0.7106560859555935,0.7156717070497743,0.7206873281439551,0.7257029492381359,0.7307185703323167,0.7357341914264974,0.7407498125206783,0.745765433614859,0.7507810547090399,0.01993771023014918,0.019937710230149067,0.0,0.0,0.0,0.0,0.0,0.019937710230149067,0.0,0.0,0.039875420460298135,0.0,0.019937710230149067,0.0,0.039875420460298135,0.039875420460298135,0.13956397161104347,0.0598131306904472,0.15950168184119431,0.2990656534522327,0.29906565345223934,0.3389410739125304,0.2193148125316422,0.4186919148331258,0.6579444375949265,0.6778821478250608,0.9370723808170165,0.8373838296662609,1.0168232217376025,1.3557642956501366,1.4953282672611803,1.834269341173714,2.4523383583083356,2.372587517387739,2.9906565345223606,2.691590881070124,3.708414102807727,3.5289747107364247,3.728351813037835,4.2068568585615,5.2236800802989976,5.383181762140309,5.9613753588145055,5.941437648584489,6.280378722496887,6.18069017134628,6.559506665718971,7.097824841933147,6.878510029401429,7.556392177226498,7.556392177226414,6.878510029401505,7.09782484193299,6.559506665719116,6.18069017134628,6.280378722496887,5.941437648584489,5.9613753588145055,5.383181762140309,5.2236800802989976,4.2068568585615,3.728351813037835,3.5289747107364247,3.7084141028076854,2.6915908810701543,2.9906565345223273,2.3725875173877657,2.4523383583083085,1.8342693411737345,1.4953282672611636,1.3557642956501517,1.0168232217375912,0.8373838296662701,0.9370723808169958,0.6778821478250758,0.6579444375949265,0.4186919148331258,0.2193148125316422,0.3389410739125304,0.29906565345223934,0.2990656534522327,0.15950168184119431,0.05981313069044654,0.13956397161104503,0.0398754204602977,0.03987542046029858,0.0,0.01993771023014929,0.0,0.03987542046029858,0.0,0.0,0.01993771023014885,0.0,0.0,0.0,0.0,0.0,0.01993771023014929,0.01993771023014885,0.5,0.05671604019522373
1,expected,0.25,False,False,100,100,normal,0.4,2.0,1.2,1.5,0.3,0.28393393336138967,0.28825525469416186,0.2925765760269341,0.2968978973597063,0.3012192186924785,0.3055405400252507,0.3098618613580229,0.3141831826907951,0.31850450402356734,0.3228258253563395,0.3271471466891117,0.33146846802188396,0.33578978935465614,0.3401111106874284,0.3444324320202006,0.34875375335297276,0.35307507468574495,0.3573963960185172,0.3617177173512894,0.3660390386840616,0.3703603600168338,0.374681681349606,0.3790030026823782,0.38332432401515043,0.3876456453479226,0.39196696668069486,0.39628828801346705,0.40060960934623924,0.4049309306790114,0.40925225201178367,0.4135735733445559,0.4178948946773281,0.4222162160101003,0.4265375373428725,0.43085885867564466,0.4351801800084169,0.43950150134118915,0.44382282267396134,0.4481441440067335,0.4524654653395057,0.45678678667227796,0.46110810800505014,0.4654294293378224,0.4697507506705946,0.47407207200336676,0.47839339333613895,0.4827147146689112,0.4870360360016834,0.4913573573344556,0.4956786786672278,0.5,0.5043213213327722,0.5086426426655444,0.5129639639983166,0.5172852853310889,0.521606606663861,0.5259279279966332,0.5302492493294054,0.5345705706621777,0.5388918919949499,0.5432132133277221,0.5475345346604943,0.5518558559932665,0.5561771773260387,0.5604984986588109,0.564819819991583,0.5691411413243553,0.5734624626571275,0.5777837839898997,0.582105105322672,0.5864264266554442,0.5907477479882164,0.5950690693209886,0.5993903906537608,0.603711711986533,0.6080330333193051,0.6123543546520773,0.6166756759848495,0.6209969973176218,0.625318318650394,0.6296396399831663,0.6339609613159385,0.6382822826487107,0.6426036039814829,0.646924925314255,0.6512462466470272,0.6555675679797994,0.6598888893125716,0.6642102106453438,0.6685315319781161,0.6728528533108883,0.6771741746436605,0.6814954959764328,0.685816817309205,0.6901381386419772,0.6944594599747493,0.6987807813075215,0.7031021026402937,0.7074234239730659,0.7117447453058381,0.7160660666386104,0.023141070126309865,0.0,0.0,0.09256428050523946,0.023141070126309567,0.0,0.11570535063154933,0.0694232103789287,0.04628214025261973,0.0694232103789296,0.09256428050523827,0.16198749088416906,0.11570535063154783,0.20826963113678876,0.16198749088416906,0.3008339116420282,0.18512856101047653,0.23141070126309865,0.37025712202095307,0.5785267531577466,0.509103542778817,0.5553856830314368,0.8793606647997634,1.2264767166944228,1.0876302959365496,1.2264767166944228,1.5735927685890707,1.9669909607363385,1.7818623997258365,2.267824872378337,2.2678248723783665,2.7537873450308736,2.9389159060413528,3.031480186546592,3.563724799451673,4.188533692862031,3.980264061725297,3.887699781220057,4.119110482483156,5.276163988798581,5.322446129051269,5.970396092587868,5.947255022461635,6.062960373093184,6.201806793851044,6.109242513345725,6.68776926650355,6.734051406756084,7.613412071555945,7.127449598903437,7.127449598903437,7.613412071555945,6.73405140675617,6.687769266503379,6.109242513345804,6.201806793851044,6.062960373093184,5.947255022461483,5.970396092587945,5.322446129051269,5.276163988798649,4.119110482483156,3.887699781220057,3.980264061725297,4.1885336928620855,3.5637247994516277,3.031480186546592,2.9389159060413528,2.753787345030803,2.2678248723783665,2.2678248723783665,1.7818623997258594,1.9669909607363385,1.5735927685890707,1.2264767166944228,1.0876302959365636,1.2264767166944228,0.8793606647997522,0.5553856830314368,0.509103542778804,0.5785267531577466,0.37025712202095784,0.23141070126309865,0.18512856101047892,0.3008339116420282,0.16198749088416906,0.20826963113678876,0.11570535063154933,0.1619874908841649,0.09256428050523946,0.0694232103789296,0.046282140252618544,0.0694232103789296,0.11570535063154933,0.0,0.023141070126309865,0.09256428050523946,0.0,0.0,0.023141070126309272,0.5,0.0578914039694162
1,expected,0.25,False,False,100,100,normal,0.4,2.0,1.2,1.5,0.4,0.27734126438465484,0.2817944390969617,0.28624761380926866,0.29070078852157555,0.29515396323388243,0.2996071379461894,0.30406031265849626,0.30851348737080314,0.3129666620831101,0.31741983679541697,0.32187301150772385,0.3263261862200308,0.3307793609323377,0.3352325356446446,0.3396857103569515,0.3441388850692584,0.34859205978156527,0.3530452344938722,0.3574984092061791,0.36195158391848603,0.3664047586307929,0.3708579333430998,0.3753111080554067,0.3797642827677136,0.3842174574800205,0.38867063219232745,0.39312380690463433,0.3975769816169412,0.4020301563292481,0.40648333104155504,0.410936505753862,0.41538968046616886,0.41984285517847575,0.42429602989078263,0.4287492046030895,0.43320237931539646,0.4376555540277034,0.4421087287400103,0.44656190345231717,0.45101507816462405,0.455468252876931,0.4599214275892379,0.4643746023015448,0.4688277770138517,0.4732809517261586,0.47773412643846547,0.4821873011507724,0.4866404758630793,0.49109365057538623,0.4955468252876931,0.5,0.5044531747123069,0.5089063494246138,0.5133595241369207,0.5178126988492276,0.5222658735615345,0.5267190482738414,0.5311722229861484,0.5356253976984553,0.5400785724107622,0.5445317471230691,0.548984921835376,0.5534380965476828,0.5578912712599897,0.5623444459722966,0.5667976206846035,0.5712507953969105,0.5757039701092174,0.5801571448215243,0.5846103195338312,0.5890634942461381,0.593516668958445,0.5979698436707519,0.6024230183830588,0.6068761930953657,0.6113293678076726,0.6157825425199794,0.6202357172322863,0.6246888919445933,0.6291420666569002,0.6335952413692072,0.6380484160815141,0.642501590793821,0.6469547655061278,0.6514079402184347,0.6558611149307416,0.6603142896430485,0.6647674643553554,0.6692206390676623,0.6736738137799693,0.6781269884922762,0.682580163204583,0.68703333791689,0.6914865126291969,0.6959396873415038,0.7003928620538107,0.7048460367661176,0.7092992114784245,0.7137523861907313,0.7182055609030382,0.7226587356153452,0.02245588966532976,0.0,0.0,0.02245588966532976,0.022455889665329482,0.02245588966532976,0.0,0.08982355866131793,0.06736766899598928,0.08982355866131904,0.0,0.11227944832664882,0.11227944832664741,0.15719122765730834,0.11227944832664882,0.17964711732263808,0.29192656564928327,0.20210300698796788,0.3592942346452717,0.5613972416332441,0.7635002486212119,0.5613972416332441,0.741044358955873,0.6736766899598929,0.9656032556091677,1.3024416005891262,1.324897490254456,1.684191724899732,1.8413829525570173,1.9312065112183354,2.4926037528516036,2.357868414859625,3.0764568841501774,3.233648111807486,3.48066289812607,3.817501243106012,3.2561040014728153,3.705221794779411,5.007663395368537,5.389413519679075,5.277134071352495,5.905898981981654,5.905898981981728,5.793619533655079,6.759222789264258,6.197825547630937,6.512208002945631,6.9388699065868105,6.0855460993043655,6.871502237590907,6.871502237590907,6.0855460993043655,6.938869906586896,6.512208002945469,6.197825547631014,6.759222789264258,5.793619533654934,5.905898981981728,5.905898981981728,5.277134071352495,5.3894135196791435,5.007663395368537,3.705221794779411,3.2561040014728153,3.8175012431060598,3.480662898126026,3.233648111807486,3.0764568841501774,2.357868414859566,2.4926037528516036,1.9312065112183594,1.8413829525570404,1.684191724899732,1.324897490254456,1.3024416005891262,0.9656032556091797,0.6736766899598929,0.7410443589558636,0.5613972416332441,0.7635002486211929,0.5613972416332441,0.35929423464527616,0.20210300698796788,0.2919265656492869,0.17964711732263808,0.11227944832664882,0.15719122765730834,0.11227944832664882,0.112279448326646,0.0,0.08982355866131904,0.0673676689959876,0.08982355866131904,0.0,0.02245588966532976,0.02245588966532976,0.02245588966532976,0.0,0.0,0.0224558896653292,0.5,0.05842108938772563
1,expected,0.25,False,False,100,100,normal,0.4,2.0,1.6,0.5,0.1,0.23134280355511938,0.236715947484017,0.2420890914129146,0.24746223534181222,0.2528353792707098,0.2582085231996074,0.26358166712850506,0.26895481105740265,0.27432795498630025,0.2797010989151979,0.2850742428440955,0.2904473867729931,0.29582053070189074,0.30119367463078833,0.3065668185596859,0.3119399624885836,0.31731310641748117,0.32268625034637877,0.32805939427527636,0.333432538204174,0.3388056821330716,0.3441788260619692,0.3495519699908668,0.35492511391976445,0.36029825784866204,0.36567140177755963,0.3710445457064573,0.3764176896353549,0.3817908335642525,0.3871639774931501,0.3925371214220477,0.3979102653509453,0.40328340927984296,0.40865655320874056,0.41402969713763815,0.4194028410665358,0.42477598499543334,0.430149128924331,0.43552227285322864,0.4408954167821262,0.44626856071102383,0.4516417046399214,0.457014848568819,0.46238799249771667,0.46776113642661427,0.47313428035551186,0.4785074242844095,0.4838805682133071,0.4892537121422047,0.49462685607110235,0.49999999999999994,0.5053731439288975,0.5107462878577951,0.5161194317866928,0.5214925757155904,0.5268657196444879,0.5322388635733857,0.5376120075022832,0.5429851514311808,0.5483582953600785,0.5537314392889761,0.5591045832178736,0.5644777271467712,0.5698508710756689,0.5752240150045664,0.5805971589334641,0.5859703028623617,0.5913434467912593,0.5967165907201569,0.6020897346490546,0.6074628785779521,0.6128360225068498,0.6182091664357474,0.623582310364645,0.6289554542935426,0.6343285982224403,0.6397017421513378,0.6450748860802354,0.6504480300091331,0.6558211739380306,0.6611943178669283,0.6665674617958259,0.6719406057247235,0.6773137496536211,0.6826868935825188,0.6880600375114163,0.693433181440314,0.6988063253692116,0.7041794692981092,0.7095526132270067,0.7149257571559045,0.720298901084802,0.7256720450136995,0.7310451889425973,0.7364183328714948,0.7417914768003925,0.74716462072929,0.7525377646581877,0.7579109085870853,0.7632840525159829,0.7686571964448805,0.03722215571490058,0.03722215571490078,0.0,0.0,0.05583323357235116,0.03722215571490039,0.03722215571490078,0.05583323357235116,0.13027754500215138,0.11166646714470232,0.09305538928725193,0.3349994014341035,0.1488886228596031,0.2977772457192062,0.3163883235766533,0.2977772457192062,0.4466658685788093,0.5955544914384124,0.3722215571490039,0.576943413580962,0.8747206593001682,0.8747206593001682,1.0049982043023105,1.153886827161924,1.0980535935895728,1.246942216449163,1.246942216449176,1.3772197614513286,1.6005526957407168,2.1774961093216954,2.065829642176993,2.3636068878961747,2.214718265036596,2.493884432898352,2.8288838343324296,3.6291601822028627,3.3686050921984854,3.5547158707729873,3.498882637200709,3.6663823379176885,4.019992817209284,4.503880841502994,4.094437128639043,4.8016580872222,4.578325152932795,4.913324554366851,4.708602697934948,4.783047009364749,5.043602099369003,5.28554611151591,5.28554611151591,5.043602099369107,4.783047009364601,4.708602697934997,4.9133245543669535,4.578325152932653,4.80165808722225,4.094437128639127,4.503880841502855,4.019992817209324,3.6663823379177645,3.4988826372006367,3.5547158707729873,3.368605092198555,3.6291601822027877,2.8288838343324296,2.4938844328983776,2.214718265036573,2.3636068878961747,2.0658296421770146,2.1774961093216727,1.6005526957407168,1.3772197614513428,1.246942216449163,1.246942216449163,1.098053593589584,1.153886827161912,1.0049982043023105,0.8747206593001773,0.8747206593001592,0.576943413580956,0.3722215571490116,0.5955544914384062,0.44666586857880464,0.29777724571920927,0.3163883235766533,0.2977772457192031,0.14888862285960464,0.3349994014341104,0.09305538928724906,0.11166646714470348,0.13027754500215405,0.055833233572349435,0.03722215571490116,0.03722215571490039,0.05583323357235174,0.0,0.0,0.03722215571490116,0.03722215571490039,0.5,0.079565318940015
1,expected,0.25,False,False,100,100,normal,0.4,2.0,1.6,0.5,0.2,0.2060899485758628,0.21196814960434554,0.21784635063282828,0.22372455166131103,0.22960275268979377,0.23548095371827651,0.24135915474675926,0.247237355775242,0.2531155568037248,0.2589937578322075,0.26487195886069026,0.270750159889173,0.27662836091765575,0.2825065619461385,0.28838476297462123,0.294262964003104,0.3001411650315867,0.30601936606006946,0.3118975670885522,0.31777576811703495,0.3236539691455177,0.32953217017400044,0.3354103712024832,0.3412885722309659,0.34716677325944867,0.3530449742879314,0.35892317531641416,0.3648013763448969,0.37067957737337964,0.3765577784018624,0.38243597943034513,0.3883141804588279,0.3941923814873106,0.40007058251579336,0.4059487835442761,0.41182698457275885,0.4177051856012416,0.42358338662972433,0.4294615876582071,0.4353397886866898,0.44121798971517256,0.4470961907436553,0.45297439177213805,0.45885259280062085,0.46473079382910354,0.47060899485758634,0.476487195886069,0.4823653969145518,0.4882435979430345,0.4941217989715173,0.5,0.5058782010284828,0.5117564020569655,0.5176346030854483,0.523512804113931,0.5293910051424138,0.5352692061708965,0.5411474071993793,0.547025608227862,0.5529038092563447,0.5587820102848274,0.5646602113133102,0.5705384123417929,0.5764166133702757,0.5822948143987584,0.5881730154272412,0.5940512164557239,0.5999294174842067,0.6058076185126894,0.6116858195411722,0.6175640205696549,0.6234422215981377,0.6293204226266204,0.6351986236551032,0.6410768246835858,0.6469550257120686,0.6528332267405513,0.6587114277690341,0.6645896287975168,0.6704678298259996,0.6763460308544823,0.6822242318829651,0.6881024329114478,0.6939806339399306,0.6998588349684133,0.7057370359968961,0.7116152370253789,0.7174934380538616,0.7233716390823444,0.729249840110827,0.7351280411393099,0.7410062421677925,0.7468844431962753,0.752762644224758,0.7586408452532408,0.7645190462817235,0.7703972473102063,0.776275448338689,0.7821536493671718,0.7880318503956545,0.7939100514241373,0.034024015005764977,0.017012007502882488,0.0,0.034024015005764977,0.0,0.034024015005764977,0.017012007502882488,0.05103602250864723,0.11908405252017742,0.034024015005764977,0.05103602250864747,0.034024015005764977,0.034024015005764977,0.1531080675259424,0.1531080675259424,0.2041440900345899,0.1360960600230599,0.3402401500576498,0.3742641650634148,0.4423121950749447,0.4763362100807097,0.7655403376297121,0.6634682926124171,0.9186484051556545,0.8676123826470069,0.8506003751441246,1.6161407127738365,1.3439485927277166,1.7182127577911313,1.6841887427853663,2.0244288928430163,1.9053448403228388,2.075464915351664,2.432717072912196,2.6538731704496685,3.2152694180447905,2.8580172604842584,3.3853894930736153,3.776665665639913,3.878737710657208,3.9637977481716202,3.6916056281255005,3.9637977481715825,4.338061913235076,4.5932420257782285,4.372085928240841,4.440133958252288,4.321049905732194,4.899458160830111,5.103602250864795,5.103602250864698,4.8994581608302035,4.321049905732112,4.440133958252372,4.372085928240758,4.5932420257783155,4.338061913234994,3.9637977481716575,3.6916056281254654,3.9637977481716575,3.878737710657171,3.7766656656399484,3.3853894930735833,2.8580172604842855,3.2152694180447603,2.6538731704496934,2.432717072912173,2.0754649153516835,1.9053448403228208,2.0244288928430354,1.6841887427853504,1.7182127577911477,1.343948592727704,1.6161407127738516,0.8506003751441165,0.8676123826470151,0.9186484051556457,0.6634682926124233,0.7655403376297049,0.47633621008071425,0.4423121950749405,0.3742641650634183,0.3402401500576466,0.1360960600230612,0.20414409003458794,0.15310806752594097,0.15310806752594386,0.03402401500576466,0.0340240150057653,0.051036022508646986,0.0340240150057653,0.1190840525201763,0.05103602250864795,0.01701200750288233,0.0340240150057653,0.0,0.0340240150057653,0.0,0.01701200750288265,0.03402401500576466,0.5,0.08172080373565087
1,expected,0.25,False,False,100,100,normal,0.4,2.0,1.6,0.5,0.3,0.1993720156206418,0.20538457530822896,0.21139713499581614,0.2174096946834033,0.22342225437099045,0.22943481405857763,0.23544737374616478,0.24145993343375194,0.24747249312133912,0.2534850528089263,0.25949761249651343,0.2655101721841006,0.2715227318716878,0.2775352915592749,0.2835478512468621,0.2895604109344493,0.29557297062203647,0.3015855303096236,0.3075980899972108,0.3136106496847979,0.3196232093723851,0.32563576905997227,0.33164832874755945,0.33766088843514663,0.34367344812273376,0.3496860078103209,0.35569856749790807,0.36171112718549525,0.36772368687308243,0.3737362465606696,0.37974880624825674,0.3857613659358439,0.39177392562343105,0.39778648531101823,0.4037990449986054,0.4098116046861926,0.4158241643737798,0.4218367240613669,0.42784928374895403,0.4338618434365412,0.4398744031241284,0.4458869628117156,0.45189952249930276,0.45791208218688995,0.463924641874477,0.4699372015620642,0.4759497612496514,0.48196232093723856,0.48797488062482575,0.49398744031241293,0.5,0.5060125596875872,0.5120251193751744,0.5180376790627615,0.5240502387503487,0.5300627984379359,0.536075358125523,0.5420879178131102,0.5481004775006973,0.5541130371882845,0.5601255968758717,0.5661381565634589,0.5721507162510461,0.5781632759386331,0.5841758356262203,0.5901883953138075,0.5962009550013947,0.6022135146889819,0.6082260743765691,0.6142386340641561,0.6202511937517433,0.6262637534393305,0.6322763131269177,0.6382888728145049,0.644301432502092,0.6503139921896792,0.6563265518772663,0.6623391115648535,0.6683516712524407,0.6743642309400278,0.680376790627615,0.6863893503152022,0.6924019100027893,0.6984144696903765,0.7044270293779636,0.7104395890655508,0.716452148753138,0.7224647084407251,0.7284772681283123,0.7344898278158994,0.7405023875034866,0.7465149471910738,0.752527506878661,0.7585400665662481,0.7645526262538352,0.7705651859414224,0.7765777456290096,0.7825903053165968,0.788602865004184,0.7946154246917712,0.8006279843793582,0.016631851523478194,0.04989555457043436,0.016631851523478194,0.016631851523478194,0.016631851523478118,0.03326370304695639,0.06652740609391278,0.0831592576173906,0.016631851523478118,0.06652740609391308,0.13305481218782494,0.0831592576173906,0.06652740609391308,0.2494777728521718,0.14968666371130307,0.2494777728521718,0.44905999113391337,0.19958221828173744,0.38253258504000026,0.3991644365634749,0.48232369418086546,0.48232369418086546,0.46569184265738733,0.7318014670330439,0.7983288731269571,0.9313836853147747,1.0977022005495558,1.3970755279721618,1.7629762614886808,1.5966577462539142,1.8461355191060713,1.7463444099652183,2.095613291958243,2.661096243756499,2.943837719655627,2.7608873528973676,2.9771014227026105,3.0768925318434803,3.259842898601711,3.609111780594752,3.6922710382121426,4.324281396104311,3.8752214049704015,4.257753990010477,4.141331029346052,4.257753990010398,4.740077684191264,4.673550278097351,4.77334138723822,4.956291753996571,4.95629175399648,4.77334138723822,4.673550278097351,4.740077684191264,4.257753990010398,4.141331029346128,4.257753990010398,3.8752214049704015,4.324281396104311,3.6922710382121426,3.609111780594752,3.259842898601711,3.0768925318435087,2.9771014227025834,2.7608873528973676,2.943837719655627,2.661096243756499,2.095613291958243,1.7463444099652348,1.8461355191060713,1.5966577462538996,1.7629762614886808,1.3970755279721618,1.0977022005495558,0.9313836853147747,0.7983288731269644,0.7318014670330373,0.46569184265738733,0.48232369418086546,0.48232369418086546,0.3991644365634749,0.38253258504000376,0.19958221828173744,0.44905999113390915,0.2494777728521718,0.14968666371130307,0.2494777728521764,0.06652740609391247,0.0831592576173906,0.13305481218782494,0.06652740609391247,0.016631851523478118,0.08315925761739214,0.06652740609391247,0.033263703046956236,0.016631851523478118,0.016631851523478118,0.016631851523478118,0.04989555457043436,0.016631851523478427,0.5,0.0838206284355237
1,expected,0.25,False,False,100,100,normal,0.4,2.0,1.6,0.5,0.4,0.1777292881145945,0.18417470235230263,0.19062011659001074,0.19706553082771885,0.20351094506542694,0.20995635930313505,0.21640177354084317,0.22284718777855128,0.2292926020162594,0.2357380162539675,0.24218343049167562,0.24862884472938374,0.25507425896709185,0.26151967320479996,0.267965087442508,0.2744105016802162,0.28085591591792425,0.2873013301556324,0.2937467443933405,0.3001921586310486,0.3066375728687567,0.3130829871064648,0.31952840134417293,0.32597381558188104,0.33241922981958916,0.33886464405729727,0.3453100582950054,0.3517554725327135,0.3582008867704216,0.36464630100812967,0.37109171524583784,0.3775371294835459,0.38398254372125407,0.3904279579589621,0.3968733721966703,0.40331878643437835,0.4097642006720865,0.4162096149097946,0.4226550291475027,0.4291004433852108,0.435545857622919,0.44199127186062703,0.4484366860983351,0.45488210033604326,0.4613275145737513,0.4677729288114595,0.47421834304916755,0.4806637572868757,0.4871091715245838,0.49355458576229194,0.5,0.5064454142377082,0.5128908284754162,0.5193362427131244,0.5257816569508325,0.5322270711885406,0.5386724854262487,0.5451178996639567,0.5515633139016649,0.558008728139373,0.5644541423770811,0.5708995566147892,0.5773449708524974,0.5837903850902054,0.5902357993279136,0.5966812135656216,0.6031266278033298,0.6095720420410379,0.616017456278746,0.6224628705164541,0.6289082847541623,0.6353536989918703,0.6417991132295785,0.6482445274672866,0.6546899417049946,0.6611353559427028,0.6675807701804108,0.674026184418119,0.6804715986558272,0.6869170128935352,0.6933624271312434,0.6998078413689515,0.7062532556066595,0.7126986698443677,0.7191440840820758,0.7255894983197839,0.732034912557492,0.7384803267952001,0.7449257410329082,0.7513711552706164,0.7578165695083244,0.7642619837460326,0.7707073979837407,0.7771528122214488,0.7835982264591569,0.7900436406968651,0.7964890549345731,0.8029344691722812,0.8093798834099893,0.8158252976476974,0.8222707118854056,0.015514906616080956,0.0,0.0,0.0,0.0,0.04654471984824287,0.015514906616080956,0.03102981323216191,0.03102981323216191,0.015514906616080956,0.06205962646432382,0.09308943969648574,0.06205962646432382,0.07757453308040545,0.09308943969648494,0.1551490661608109,0.26375341247337397,0.21720869262513526,0.35684285216986195,0.35684285216986195,0.5585366381789144,0.3878726654020239,0.4964770117145906,0.6671409844914811,0.698170797723643,0.7912602374201287,0.8378049572683716,1.039498743277424,1.5359757549920277,1.3653117822151124,1.8152440740814872,1.815244074081456,2.2341465527156767,2.1565720196352345,2.125542206403109,2.684078844581982,2.699593751198109,2.9633471636714623,3.4132794555378103,3.3512198290734574,3.459824175386083,3.878726654020272,4.452778198815196,4.235569506190138,4.095935346645337,3.9873310003328397,4.623442171592085,4.328658945886624,4.080420440029256,4.902710490681624,4.90271049068154,4.080420440029327,4.328658945886549,4.623442171592164,3.9873310003327713,4.095935346645408,4.235569506190138,4.452778198815196,3.878726654020272,3.4598241753860233,3.3512198290735156,3.4132794555377806,2.963347163671488,2.699593751198063,2.6840788445820283,2.1255422064030727,2.1565720196352713,2.234146552715638,1.8152440740814872,1.815244074081456,1.3653117822151357,1.5359757549920015,1.039498743277433,0.8378049572683789,0.791260237420122,0.6981707977236491,0.6671409844914753,0.4964770117145863,0.38787266540202725,0.5585366381789095,0.35684285216986505,0.35684285216986505,0.2172086926251315,0.2637534124733785,0.15514906616080823,0.09308943969648653,0.07757453308040411,0.062059626464324356,0.09308943969648494,0.062059626464324356,0.015514906616080822,0.031029813232162178,0.031029813232161644,0.015514906616081089,0.04654471984824247,0.0,0.0,0.0,0.0,0.015514906616080822,0.5,0.08608518277396913
1,expected,0.25,False,False,100,100,normal,0.4,2.0,1.6,0.75,0.1,0.20848592672675292,0.21431620819221786,0.2201464896576828,0.22597677112314773,0.2318070525886127,0.23763733405407764,0.24346761551954257,0.2492978969850075,0.2551281784504725,0.2609584599159374,0.26678874138140235,0.2726190228468673,0.2784493043123322,0.28427958577779716,0.2901098672432621,0.29594014870872704,0.301770430174192,0.3076007116396569,0.3134309931051219,0.31926127457058684,0.3250915560360518,0.3309218375015167,0.33675211896698165,0.3425824004324466,0.3484126818979115,0.35424296336337646,0.3600732448288414,0.36590352629430634,0.3717338077597713,0.3775640892252362,0.38339437069070115,0.3892246521561661,0.395054933621631,0.40088521508709596,0.4067154965525609,0.41254577801802583,0.4183760594834908,0.42420634094895576,0.4300366224144207,0.43586690387988564,0.4416971853453506,0.4475274668108155,0.4533577482762805,0.4591880297417454,0.4650183112072103,0.4708485926726753,0.47667887413814025,0.4825091556036052,0.4883394370690701,0.49416971853453506,0.5,0.5058302814654649,0.5116605629309299,0.5174908443963948,0.5233211258618597,0.5291514073273247,0.5349816887927896,0.5408119702582546,0.5466422517237195,0.5524725331891844,0.5583028146546494,0.5641330961201143,0.5699633775855792,0.5757936590510442,0.5816239405165091,0.5874542219819741,0.593284503447439,0.5991147849129039,0.6049450663783689,0.6107753478438338,0.6166056293092987,0.6224359107747638,0.6282661922402287,0.6340964737056937,0.6399267551711586,0.6457570366366235,0.6515873181020885,0.6574175995675534,0.6632478810330183,0.6690781624984833,0.6749084439639482,0.6807387254294132,0.6865690068948781,0.692399288360343,0.6982295698258081,0.704059851291273,0.7098901327567378,0.7157204142222028,0.7215506956876677,0.7273809771531327,0.7332112586185977,0.7390415400840626,0.7448718215495276,0.7507021030149925,0.7565323844804575,0.7623626659459224,0.7681929474113873,0.7740232288768523,0.7798535103423172,0.7856837918077821,0.7915140732732471,0.01715183059211456,0.0,0.0,0.0,0.0,0.0,0.0,0.017151830592114475,0.01715183059211456,0.0,0.0,0.01715183059211456,0.03430366118422912,0.03430366118422912,0.03430366118422912,0.08575915296057278,0.10291098355268734,0.22297379769748712,0.13721464473691647,0.308732950658062,0.22297379769748923,0.308732950658062,0.463099425987093,0.44594759539497847,0.617465901316124,0.6003140707240096,0.926198851974186,0.926198851974186,1.0977171578953318,1.5436647532903103,1.5779684144745394,1.6465757368429974,1.8695495345404867,2.401256282896038,2.401256282896038,2.8472038782909896,3.258847812501766,3.155936828949079,3.670491746712515,4.339413139804983,4.236502156252295,3.979224697370539,4.236502156252336,4.596690598686702,5.23130833059489,5.145549177634368,5.4714339588845435,5.883077893095293,6.106051690792782,5.522889450660887,5.522889450660887,6.106051690792782,5.883077893095293,5.4714339588845435,5.145549177634368,5.231308330594939,4.596690598686702,4.236502156252295,3.9792246973705767,4.236502156252295,4.339413139804983,3.670491746712515,3.155936828949079,3.258847812501766,2.8472038782910163,2.401256282896038,2.401256282896038,1.8695495345404867,1.6465757368429974,1.5779684144745394,1.5436647532902807,1.0977171578953318,0.926198851974186,0.926198851974186,0.6003140707240096,0.617465901316124,0.44594759539497847,0.463099425987093,0.308732950658062,0.22297379769748923,0.308732950658062,0.13721464473691647,0.22297379769748923,0.1029109835526854,0.08575915296057278,0.03430366118422977,0.03430366118422912,0.03430366118422912,0.01715183059211456,0.0,0.0,0.01715183059211456,0.01715183059211456,0.0,0.0,0.0,0.0,0.0,0.0,0.01715183059211456,0.5,0.06964887366193816
1,expected,0.25,False,False,100,100,normal,0.4,2.0,1.6,0.75,0.2,0.22711621037699126,0.23257388616945143,0.2380315619619116,0.24348923775437178,0.24894691354683196,0.2544045893392921,0.2598622651317523,0.26531994092421246,0.27077761671667266,0.2762352925091328,0.281692968301593,0.28715064409405316,0.29260831988651337,0.2980659956789735,0.3035236714714337,0.30898134726389387,0.31443902305635407,0.3198966988488142,0.3253543746412744,0.3308120504337346,0.3362697262261948,0.3417274020186549,0.34718507781111513,0.3526427536035753,0.3581004293960355,0.36355810518849563,0.3690157809809558,0.374473456773416,0.3799311325658762,0.38538880835833633,0.3908464841507965,0.3963041599432567,0.4017618357357169,0.40721951152817704,0.4126771873206372,0.4181348631130974,0.4235925389055576,0.42905021469801774,0.4345078904904779,0.4399655662829381,0.4454232420753983,0.45088091786785844,0.4563385936603186,0.4617962694527788,0.467253945245239,0.47271162103769915,0.4781692968301593,0.4836269726226195,0.48908464841507965,0.49454232420753985,0.5,0.5054576757924603,0.5109153515849203,0.5163730273773806,0.5218307031698407,0.5272883789623009,0.5327460547547611,0.5382037305472213,0.5436614063396814,0.5491190821321417,0.5545767579246017,0.560034433717062,0.5654921095095221,0.5709497853019823,0.5764074610944425,0.5818651368869026,0.5873228126793628,0.592780488471823,0.5982381642642831,0.6036958400567434,0.6091535158492035,0.6146111916416637,0.6200688674341239,0.625526543226584,0.6309842190190442,0.6364418948115044,0.6418995706039645,0.6473572463964248,0.6528149221888849,0.6582725979813451,0.6637302737738053,0.6691879495662654,0.6746456253587256,0.6801033011511858,0.6855609769436459,0.6910186527361062,0.6964763285285663,0.7019340043210265,0.7073916801134867,0.7128493559059468,0.718307031698407,0.7237647074908672,0.7292223832833273,0.7346800590757876,0.7401377348682477,0.7455954106607079,0.751053086453168,0.7565107622456282,0.7619684380380884,0.7674261138305486,0.7728837896230087,0.01832281795451295,0.01832281795451295,0.0,0.0,0.0,0.018322817954512856,0.018322817954513043,0.018322817954512856,0.018322817954513043,0.0,0.018322817954513043,0.03664563590902571,0.036645635909026086,0.07329127181805142,0.10993690772707826,0.20155099749964142,0.18322817954513043,0.2931650872722057,0.18322817954513043,0.23819663340866715,0.3114879052267217,0.4947160847718471,0.6046529924989305,0.7512355361350271,0.9344637156801651,0.8062039899985739,1.0993690772707714,1.15433753113431,1.4108569824975041,1.4841482543155564,1.777313341587747,1.9422187031783626,2.2903522443141306,2.8217139649950083,2.931650872722057,3.2064931420397498,3.096556234312704,3.4080441395394256,3.6095951370390327,4.067665585901854,5.020452119536573,4.379153491128617,4.672318578400778,4.965483665672983,5.24032593499073,5.423554114535861,5.991561471125704,5.460199750444887,5.515168204308369,5.258648752945243,5.2586487529451365,5.515168204308537,5.460199750444775,5.991561471125765,5.423554114535861,5.240325934990624,4.965483665673035,4.672318578400826,4.379153491128528,5.020452119536676,4.067665585901812,3.609595137039069,3.4080441395394256,3.096556234312641,3.2064931420398475,2.9316508727220274,2.8217139649950083,2.2903522443141306,1.9422187031783429,1.777313341587765,1.4841482543155564,1.4108569824974755,1.1543375311343451,1.09936907727076,0.8062039899985739,0.9344637156801651,0.7512355361350195,0.6046529924989305,0.4947160847718522,0.3114879052267154,0.23819663340867442,0.1832281795451267,0.2931650872722087,0.18322817954513043,0.20155099749963937,0.10993690772707826,0.07329127181805217,0.03664563590902534,0.03664563590902683,0.01832281795451267,0.0,0.018322817954513043,0.01832281795451267,0.018322817954513043,0.018322817954513043,0.0,0.0,0.0,0.018322817954513043,0.018322817954513043,0.5,0.06939168883319141
1,expected,0.25,False,False,100,100,normal,0.4,2.0,1.6,0.75,0.3,0.23818623585470494,0.24342251113761085,0.24865878642051675,0.25389506170342263,0.25913133698632856,0.26436761226923444,0.2696038875521404,0.27484016283504625,0.28007643811795213,0.28531271340085806,0.29054898868376394,0.2957852639666699,0.30102153924957575,0.3062578145324817,0.31149408981538756,0.31673036509829344,0.3219666403811994,0.3272029156641053,0.3324391909470112,0.33767546622991707,0.342911741512823,0.3481480167957289,0.35338429207863475,0.3586205673615407,0.3638568426444466,0.3690931179273525,0.3743293932102584,0.3795656684931643,0.3848019437760702,0.39003821905897607,0.395274494341882,0.40051076962478793,0.4057470449076938,0.4109833201905997,0.4162195954735056,0.42145587075641155,0.42669214603931743,0.4319284213222233,0.43716469660512924,0.4424009718880351,0.447637247170941,0.45287352245384693,0.45810979773675287,0.46334607301965874,0.4685823483025646,0.47381862358547056,0.47905489886837643,0.4842911741512823,0.48952744943418824,0.4947637247170941,0.5,0.5052362752829059,0.5104725505658119,0.5157088258487177,0.5209451011316237,0.5261813764145296,0.5314176516974354,0.5366539269803414,0.5418902022632472,0.5471264775461532,0.5523627528290591,0.5575990281119649,0.5628353033948709,0.5680715786777768,0.5733078539606826,0.5785441292435886,0.5837804045264945,0.5890166798094003,0.5942529550923064,0.5994892303752122,0.6047255056581181,0.609961780941024,0.6151980562239299,0.6204343315068358,0.6256706067897417,0.6309068820726476,0.6361431573555535,0.6413794326384594,0.6466157079213652,0.6518519832042713,0.6570882584871771,0.6623245337700829,0.667560809052989,0.6727970843358948,0.6780333596188007,0.6832696349017067,0.6885059101846125,0.6937421854675184,0.6989784607504244,0.7042147360333302,0.7094510113162361,0.714687286599142,0.7199235618820479,0.7251598371649539,0.7303961124478597,0.7356323877307657,0.7408686630136716,0.7461049382965774,0.7513412135794832,0.7565774888623893,0.7618137641452951,0.07639017782464969,0.0,0.0,0.01909754445616232,0.019097544456162525,0.03819508891232464,0.057292633368487576,0.057292633368487576,0.07639017782464928,0.057292633368487576,0.07639017782464928,0.09548772228081262,0.09548772228081161,0.21007298901778776,0.2482680779301128,0.22917053347394786,0.24826807793011016,0.28646316684243783,0.28646316684243783,0.4774386114040581,0.4965361558602256,0.840291956071151,0.8784870449834669,0.897584589439629,1.0503649450889387,1.0312674006327762,1.5087060120368234,1.3941207452998643,1.2413403896505641,1.7378765455107714,2.2726077902833164,2.4444856903888033,2.5781685015819407,2.7691439461435365,2.673656223862725,2.9028267573367037,3.5139481799339047,4.277849958180361,3.9913867913379675,4.430630313829706,4.277849958180361,4.831678747409068,4.793483658496793,4.755288569584469,5.079946825339177,4.831678747409119,4.927166469689931,5.328214903269288,5.328214903269345,5.74836088130492,5.748360881304858,5.328214903269288,5.328214903269401,4.927166469689775,4.831678747409169,5.0799468253392845,4.755288569584317,4.793483658496844,4.831678747409068,4.277849958180361,4.430630313829752,3.9913867913379253,4.277849958180361,3.5139481799339416,2.9028267573366726,2.673656223862725,2.7691439461435956,2.578168501581859,2.444485690388829,2.2726077902833164,1.7378765455107714,1.2413403896505772,1.3941207452998494,1.5087060120368234,1.031267400632787,1.0503649450889276,0.897584589439629,0.8784870449834854,0.8402919560711243,0.49653615586023087,0.4774386114040682,0.28646316684242873,0.2864631668424409,0.24826807793011016,0.22917053347394786,0.24826807793011543,0.21007298901778554,0.09548772228081161,0.09548772228081363,0.07639017782464928,0.057292633368486966,0.0763901778246509,0.057292633368485744,0.05729263336848818,0.03819508891232464,0.01909754445616232,0.019097544456162727,0.0,0.0,0.0763901778246509,0.5,0.07242253897235877
1,expected,0.25,False,False,100,100,normal,0.4,2.0,1.6,0.75,0.4,0.23842734367992954,0.24365879680633096,0.24889024993273237,0.2541217030591338,0.25935315618553517,0.2645846093119366,0.269816062438338,0.2750475155647394,0.28027896869114083,0.2855104218175422,0.29074187494394366,0.29597332807034504,0.30120478119674643,0.30643623432314787,0.3116676874495493,0.3168991405759507,0.3221305937023521,0.32736204682875353,0.3325934999551549,0.33782495308155636,0.34305640620795774,0.34828785933435913,0.35351931246076057,0.35875076558716196,0.3639822187135634,0.3692136718399648,0.37444512496636617,0.3796765780927676,0.38490803121916906,0.39013948434557044,0.39537093747197183,0.4006023905983732,0.40583384372477466,0.4110652968511761,0.4162967499775775,0.42152820310397887,0.42675965623038026,0.4319911093567817,0.43722256248318314,0.44245401560958453,0.4476854687359859,0.45291692186238736,0.45814837498878874,0.4633798281151902,0.46861128124159157,0.47384273436799296,0.4790741874943944,0.48430564062079584,0.4895370937471972,0.4947685468735986,0.5,0.5052314531264015,0.5104629062528029,0.5156943593792043,0.5209258125056057,0.526157265632007,0.5313887187584085,0.5366201718848099,0.5418516250112113,0.5470830781376127,0.5523145312640141,0.5575459843904156,0.562777437516817,0.5680088906432184,0.5732403437696197,0.5784717968960211,0.5837032500224226,0.588934703148824,0.5941661562752254,0.5993976094016268,0.6046290625280283,0.6098605156544297,0.615091968780831,0.6203234219072324,0.6255548750336338,0.6307863281600353,0.6360177812864367,0.6412492344128381,0.6464806875392395,0.6517121406656409,0.6569435937920424,0.6621750469184438,0.6674065000448451,0.6726379531712465,0.6778694062976479,0.6831008594240494,0.6883323125504508,0.6935637656768522,0.6987952188032536,0.7040266719296551,0.7092581250560565,0.7144895781824578,0.7197210313088592,0.7249524844352606,0.7301839375616621,0.7354153906880635,0.7406468438144649,0.7458782969408663,0.7511097500672678,0.7563412031936692,0.7615726563200705,0.019115147853534815,0.03823029570706963,0.0,0.0,0.019115147853534718,0.01911514785353492,0.03823029570706984,0.038230295707069435,0.05734544356060476,0.05734544356060414,0.11469088712120952,0.09557573926767458,0.133806034974743,0.19115147853534717,0.2867272178030238,0.24849692209595395,0.4969938441919026,0.38230295707069833,0.5925695834595762,0.4587635484848381,0.7837210619949316,0.7263756184343192,0.9748725405302808,1.3189452018938954,1.1851391669191649,1.2998300540403744,1.414520941161569,1.815939046085798,1.4909815325757236,2.064435968181771,2.1600117074494456,2.160011707449423,2.484969220959513,2.6570055516413538,2.7525812909090286,2.867272178030238,3.1348842479796937,3.478956909343318,3.803914422853449,3.7083386835857746,4.167102232070568,4.453829449873636,4.625865780555401,4.950823294065544,4.7214415198231245,5.199320216161443,5.409586842550325,5.90658068674229,5.447817138257451,5.122859624747358,5.1228596247472495,5.447817138257451,5.90658068674229,5.4095868425503815,5.199320216161498,4.721441519823025,4.950823294065544,4.625865780555451,4.453829449873636,4.167102232070612,3.708338683585695,3.803914422853449,3.478956909343355,3.1348842479797265,2.867272178030238,2.75258129090897,2.6570055516413538,2.4849692209595395,2.1600117074494456,2.1600117074494,2.064435968181771,1.4909815325757236,1.8159390460858174,1.414520941161584,1.299830054040347,1.1851391669191649,1.3189452018939094,0.9748725405302808,0.7263756184343269,0.783721061994915,0.4587635484848381,0.5925695834595824,0.38230295707069833,0.4969938441919079,0.24849692209594867,0.2867272178030238,0.19115147853534917,0.13380603497474441,0.09557573926767257,0.11469088712120952,0.05734544356060476,0.05734544356060476,0.03823029570706984,0.038230295707069026,0.01911514785353492,0.01911514785353492,0.0,0.0,0.03823029570706984,0.01911514785353492,0.5,0.07480616934377865
1,expected,0.25,False,False,100,100,normal,0.4,2.0,1.6,1.0,0.1,0.27664347818930246,0.2811106086255164,0.28557773906173034,0.29004486949794434,0.2945119999341583,0.2989791303703722,0.30344626080658615,0.3079133912428001,0.3123805216790141,0.31684765211522803,0.32131478255144197,0.3257819129876559,0.33024904342386985,0.33471617386008384,0.3391833042962978,0.3436504347325117,0.34811756516872566,0.35258469560493966,0.3570518260411536,0.36151895647736754,0.3659860869135815,0.3704532173497954,0.37492034778600936,0.37938747822222335,0.3838546086584373,0.38832173909465123,0.39278886953086517,0.39725599996707917,0.4017231304032931,0.40619026083950704,0.410657391275721,0.4151245217119349,0.41959165214814886,0.4240587825843628,0.4285259130205768,0.43299304345679074,0.43746017389300473,0.4419273043292187,0.4463944347654326,0.45086156520164655,0.4553286956378605,0.45979582607407443,0.46426295651028837,0.4687300869465023,0.4731972173827163,0.47766434781893025,0.48213147825514424,0.4865986086913582,0.4910657391275721,0.49553286956378606,0.5,0.5044671304362139,0.5089342608724279,0.5134013913086419,0.5178685217448558,0.5223356521810698,0.5268027826172836,0.5312699130534977,0.5357370434897116,0.5402041739259256,0.5446713043621395,0.5491384347983534,0.5536055652345675,0.5580726956707813,0.5625398261069954,0.5670069565432092,0.5714740869794233,0.5759412174156372,0.5804083478518511,0.5848754782880651,0.589342608724279,0.593809739160493,0.5982768695967069,0.602744000032921,0.6072111304691348,0.6116782609053488,0.6161453913415627,0.6206125217777767,0.6250796522139906,0.6295467826502046,0.6340139130864185,0.6384810435226325,0.6429481739588465,0.6474153043950603,0.6518824348312744,0.6563495652674882,0.6608166957037023,0.6652838261399162,0.6697509565761302,0.6742180870123441,0.678685217448558,0.683152347884772,0.6876194783209859,0.6920866087572,0.6965537391934138,0.7010208696296278,0.7054880000658418,0.7099551305020557,0.7144222609382697,0.7188893913744836,0.7233565218106975,0.044771470825800984,0.0,0.0,0.022385735412900492,0.044771470825800984,0.0,0.022385735412900492,0.02238573541290021,0.13431441247740292,0.044771470825800984,0.11192867706450245,0.15670014789030343,0.1790858833032017,0.26862882495480583,0.31340029578060685,0.31340029578060685,0.49248617908380465,0.2910145603677064,0.4253289728451093,0.5148719144967113,0.6939577977999152,0.91781515192892,0.7835007394515074,1.0297438289934226,1.3207583893611288,1.141672506057925,1.164058241470811,2.2161878058771483,2.2161878058771483,2.462430895419054,2.3505022183545514,2.9101456036770634,3.2907031056963723,2.9996885453286284,3.2907031056963723,3.313088841109231,3.8951179618446856,4.701004436709103,4.275675463863993,5.46211944074772,4.745775907534903,5.618819588638023,5.663591059463824,5.081561938728348,5.842676942767027,6.088920032308858,6.357548857263739,6.379934592676639,5.8874484135928284,6.42470606350244,6.42470606350244,5.8874484135928284,6.379934592676481,6.357548857263897,6.088920032308782,5.842676942767173,5.081561938728284,5.663591059463824,5.618819588638023,4.745775907534903,5.46211944074772,4.275675463863887,4.701004436709219,3.895117961844588,3.3130888411093546,3.29070310569629,2.9996885453286657,3.2907031056963723,2.9101456036770634,2.3505022183545514,2.462430895419054,2.2161878058771483,2.216187805877093,1.1640582414708545,1.1416725060578965,1.3207583893611616,1.029743828993397,0.7835007394515172,0.91781515192892,0.6939577977999152,0.5148719144967113,0.42532897284509874,0.2910145603677136,0.49248617908379855,0.3134002957806146,0.3134002957805991,0.26862882495480583,0.17908588330320394,0.15670014789030343,0.11192867706450245,0.044771470825800984,0.13431441247740292,0.022385735412899933,0.022385735412901044,0.0,0.044771470825800984,0.022385735412900492,0.0,0.0,0.044771470825800984,0.5,0.06236680173690603
1,expected,0.25,False,False,100,100,normal,0.4,2.0,1.6,1.0,0.2,0.22028788825429388,0.225882130489208,0.23147637272412214,0.23707061495903625,0.24266485719395037,0.24825909942886448,0.2538533416637786,0.2594475838986927,0.26504182613360683,0.270636068368521,0.2762303106034351,0.28182455283834923,0.28741879507326334,0.29301303730817746,0.2986072795430916,0.30420152177800575,0.30979576401291986,0.315390006247834,0.3209842484827481,0.3265784907176622,0.3321727329525763,0.33776697518749044,0.34336121742240455,0.34895545965731867,0.3545497018922328,0.3601439441271469,0.365738186362061,0.3713324285969752,0.3769266708318893,0.3825209130668034,0.3881151553017176,0.3937093975366317,0.3993036397715458,0.40489788200645993,0.41049212424137405,0.41608636647628816,0.4216806087112023,0.4272748509461164,0.4328690931810305,0.4384633354159446,0.44405757765085874,0.44965181988577285,0.45524606212068697,0.46084030435560114,0.46643454659051525,0.4720287888254294,0.47762303106034354,0.48321727329525765,0.48881151553017177,0.4944057577650859,0.5,0.5055942422349141,0.5111884844698282,0.5167827267047423,0.5223769689396565,0.5279712111745706,0.5335654534094847,0.5391596956443988,0.5447539378793129,0.550348180114227,0.5559424223491413,0.5615366645840554,0.5671309068189695,0.5727251490538836,0.5783193912887977,0.5839136335237118,0.589507875758626,0.5951021179935401,0.6006963602284542,0.6062906024633683,0.6118848446982824,0.6174790869331965,0.6230733291681106,0.6286675714030248,0.6342618136379389,0.639856055872853,0.6454502981077672,0.6510445403426813,0.6566387825775954,0.6622330248125096,0.6678272670474237,0.6734215092823378,0.6790157515172519,0.684609993752166,0.6902042359870801,0.6957984782219943,0.7013927204569084,0.7069869626918225,0.7125812049267366,0.7181754471616507,0.7237696893965649,0.7293639316314791,0.7349581738663932,0.7405524161013073,0.7461466583362214,0.7517409005711355,0.7573351428060496,0.7629293850409637,0.7685236272758779,0.774117869510792,0.7797121117457061,0.017875521974342112,0.0,0.0,0.0,0.0,0.017875521974342112,0.017875521974342112,0.0,0.03575104394868387,0.0,0.017875521974342112,0.035751043948684225,0.07150208789736845,0.08937760987171058,0.0536265659230258,0.017875521974342112,0.05362656592302634,0.19663074171776324,0.19663074171776324,0.2681328296151317,0.21450626369210535,0.23238178566644746,0.39326148343552647,0.4290125273842107,0.6613943130506582,0.5898922251532898,0.7150208789736775,1.0546557964861847,1.108282362409211,1.6445480216394583,1.6445480216394743,1.912680851254606,1.8411787633572378,2.502573076407896,2.824332471946054,2.7170793401000015,2.806456949971712,3.0745897795868435,3.485726784996712,4.290125273842107,4.218623185944739,4.540382581482897,4.8263909330723225,5.845295685609871,5.523536290071658,5.255403460456582,5.452034202174345,6.524565520634871,5.988299861404609,5.970424339430266,5.970424339430266,5.988299861404609,6.524565520634871,5.452034202174345,5.255403460456582,5.523536290071713,5.845295685609871,4.82639093307237,4.540382581482897,4.218623185944654,4.290125273842107,3.485726784996712,3.0745897795868435,2.806456949971712,2.7170793401000015,2.824332471946054,2.502573076407896,1.8411787633572378,1.912680851254606,1.6445480216394743,1.6445480216394743,1.108282362409211,1.0546557964861847,0.7150208789736846,0.5898922251532898,0.6613943130506451,0.4290125273842107,0.39326148343552647,0.23238178566644746,0.21450626369210535,0.2681328296151317,0.19663074171776324,0.19663074171776324,0.05362656592302634,0.017875521974342112,0.05362656592302634,0.08937760987171058,0.07150208789736845,0.035751043948684225,0.01787552197434176,0.0,0.035751043948684225,0.0,0.017875521974342112,0.017875521974342112,0.0,0.0,0.0,0.0,0.017875521974342112,0.5,0.06610489957949532
1,expected,0.25,False,False,100,100,normal,0.4,2.0,1.6,1.0,0.3,0.2209389461513338,0.22652016722830712,0.23210138830528046,0.23768260938225377,0.24326383045922712,0.24884505153620043,0.25442627261317374,0.2600074936901471,0.2655887147671204,0.2711699358440937,0.27675115692106705,0.28233237799804034,0.2879135990750137,0.293494820151987,0.29907604122896037,0.30465726230593365,0.310238483382907,0.31581970445988033,0.3214009255368536,0.32698214661382696,0.3325633676908003,0.33814458876777365,0.34372580984474693,0.3493070309217203,0.35488825199869356,0.3604694730756669,0.36605069415264024,0.3716319152296136,0.37721313630658687,0.3827943573835602,0.3883755784605335,0.39395679953750684,0.3995380206144802,0.4051192416914535,0.41070046276842687,0.41628168384540015,0.4218629049223735,0.4274441259993468,0.4330253470763201,0.43860656815329346,0.4441877892302668,0.4497690103072401,0.45535023138421343,0.4609314524611867,0.46651267353816006,0.4720938946151334,0.47767511569210674,0.48325633676908003,0.48883755784605337,0.4944187789230267,0.5,0.5055812210769733,0.5111624421539467,0.5167436632309199,0.5223248843078934,0.5279061053848666,0.5334873264618399,0.5390685475388133,0.5446497686157866,0.55023098969276,0.5558122107697332,0.5613934318467066,0.5669746529236799,0.5725558740006532,0.5781370950776266,0.5837183161545999,0.5892995372315732,0.5948807583085465,0.6004619793855199,0.6060432004624932,0.6116244215394665,0.6172056426164398,0.6227868636934132,0.6283680847703865,0.6339493058473598,0.6395305269243332,0.6451117480013064,0.6506929690782798,0.6562741901552531,0.6618554112322264,0.6674366323091998,0.673017853386173,0.6785990744631464,0.6841802955401197,0.6897615166170931,0.6953427376940664,0.7009239587710396,0.7065051798480131,0.7120864009249863,0.7176676220019597,0.723248843078933,0.7288300641559063,0.7344112852328797,0.7399925063098529,0.7455737273868263,0.7511549484637996,0.7567361695407729,0.7623173906177463,0.7678986116947196,0.773479832771693,0.7790610538486662,0.017917226108919847,0.0,0.0,0.0,0.017917226108919847,0.0,0.0,0.0,0.017917226108919933,0.017917226108919757,0.053751678326759804,0.0,0.05375167832675927,0.07166890443567903,0.03583445221783987,0.08958613054459878,0.10750335665351854,0.12542058276243953,0.12542058276243828,0.17917226108919757,0.23292393941595682,0.28667561774271894,0.37626174828731485,0.6091856877032777,0.5554340093765125,0.7525234965746297,0.8062751749013891,0.8958613054459967,0.8958613054459879,1.2183713754065555,1.7738053847830562,1.8096398370008955,2.4546599769220063,1.7021364803473766,2.6517494641201504,3.135514569060957,3.2788523779323477,3.458024639021513,3.5655279956750316,3.69094857843747,4.1926309094872645,4.497223753338859,4.9809888582797415,5.034740536606452,5.411002284893767,5.178078345477809,5.751429580963299,6.450201399211113,6.235194685904076,6.790628695280655,6.790628695280588,6.235194685904076,6.450201399211241,5.751429580963127,5.178078345477913,5.411002284893767,5.034740536606452,4.980988858279692,4.497223753338859,4.192630909487307,3.6909485784373968,3.5655279956751023,3.458024639021513,3.2788523779323158,3.135514569060957,2.651749464120124,1.7021364803474108,2.454659976921958,1.8096398370009317,1.7738053847830562,1.2183713754065435,0.8958613054459879,0.8958613054459879,0.8062751749014051,0.7525234965746148,0.5554340093765235,0.6091856877032717,0.37626174828731485,0.2866756177427218,0.23292393941595219,0.17917226108920112,0.12542058276243828,0.12542058276243828,0.10750335665351854,0.08958613054459878,0.03583445221784023,0.0716689044356776,0.05375167832676034,0.0,0.05375167832675927,0.017917226108919757,0.017917226108919757,0.0,0.0,0.0,0.017917226108919757,0.0,0.0,0.0,0.017917226108920114,0.5,0.06536084717620166
1,expected,0.25,False,False,100,100,normal,0.4,2.0,1.6,1.0,0.4,0.2136352932991796,0.219362587433196,0.2250898815672124,0.23081717570122884,0.23654446983524524,0.24227176396926164,0.24799905810327805,0.25372635223729445,0.25945364637131085,0.26518094050532726,0.27090823463934366,0.27663552877336006,0.28236282290737647,0.2880901170413929,0.2938174111754093,0.29954470530942573,0.30527199944344213,0.31099929357745854,0.31672658771147494,0.32245388184549134,0.3281811759795078,0.3339084701135242,0.3396357642475406,0.345363058381557,0.3510903525155734,0.3568176466495898,0.3625449407836062,0.3682722349176226,0.373999529051639,0.3797268231856554,0.38545411731967183,0.39118141145368823,0.39690870558770464,0.40263599972172104,0.40836329385573744,0.4140905879897539,0.4198178821237703,0.4255451762577867,0.4312724703918031,0.4369997645258195,0.44272705865983597,0.4484543527938524,0.4541816469278688,0.4599089410618852,0.4656362351959016,0.471363529329918,0.4770908234639344,0.4828181175979508,0.4885454117319672,0.4942727058659836,0.5,0.5057272941340164,0.5114545882680328,0.5171818824020492,0.5229091765360656,0.528636470670082,0.5343637648040984,0.5400910589381148,0.5458183530721312,0.5515456472061477,0.5572729413401641,0.5630002354741805,0.568727529608197,0.5744548237422133,0.5801821178762298,0.5859094120102462,0.5916367061442626,0.597364000278279,0.6030912944122954,0.6088185885463118,0.6145458826803282,0.6202731768143446,0.626000470948361,0.6317277650823774,0.6374550592163938,0.6431823533504102,0.6489096474844266,0.654636941618443,0.6603642357524594,0.6660915298864758,0.6718188240204923,0.6775461181545087,0.6832734122885251,0.6890007064225415,0.6947280005565579,0.7004552946905743,0.7061825888245907,0.7119098829586071,0.7176371770926235,0.7233644712266399,0.7290917653606563,0.7348190594946727,0.7405463536286891,0.7462736477627055,0.752000941896722,0.7577282360307384,0.7634555301647548,0.7691828242987713,0.7749101184327877,0.7806374125668041,0.7863647067008205,0.017460252199387672,0.0,0.0,0.017460252199387672,0.017460252199387672,0.0,0.017460252199387672,0.0,0.0,0.017460252199387672,0.052380756598163006,0.0,0.034920504398775,0.034920504398775344,0.08730126099693834,0.034920504398775344,0.13968201759510138,0.052380756598163006,0.19206277419326437,0.08730126099693751,0.2444435307914274,0.2968242873895904,0.4888870615828548,0.6460293313773438,0.4888870615828548,0.7507908445736698,1.0126946275644848,0.9952343753650972,1.2047574017577491,1.1349163929601986,1.6238034545430533,1.8333264809357053,1.9380879941320313,2.4618955601136614,3.038083882693425,2.584117325509375,2.863481360699578,4.050778510257939,3.5618914486750843,4.103159266856062,4.155540023454265,4.225381032251816,4.469824563043244,4.679347589435896,5.342837173012628,5.16823465101875,5.499979442807116,5.814263982396094,5.91902549559242,5.901565243393033,5.901565243393033,5.91902549559242,5.814263982396094,5.499979442807116,5.16823465101875,5.342837173012628,4.679347589435896,4.469824563043244,4.225381032251734,4.155540023454265,4.103159266856102,3.5618914486750843,4.050778510257939,2.863481360699578,2.584117325509375,3.0380838826934546,2.4618955601136614,1.9380879941320313,1.8333264809357053,1.6238034545430533,1.1349163929601986,1.2047574017577491,0.9952343753650972,1.0126946275644848,0.7507908445736698,0.4888870615828548,0.6460293313773438,0.4888870615828548,0.2968242873895904,0.24444353079142264,0.08730126099693834,0.19206277419326437,0.052380756598163006,0.13968201759510138,0.034920504398775344,0.08730126099693834,0.034920504398775344,0.034920504398775344,0.0,0.052380756598163006,0.017460252199387672,0.0,0.0,0.017460252199387672,0.0,0.017460252199387672,0.017460252199387332,0.0,0.0,0.017460252199387672,0.5,0.06851139699009923
1,expected,0.25,False,False,100,100,normal,0.4,2.0,1.6,1.25,0.1,0.27633599335139164,0.2808092734843638,0.28528255361733595,0.28975583375030817,0.2942291138832803,0.2987023940162525,0.30317567414922464,0.3076489542821968,0.31212223441516895,0.31659551454814117,0.3210687946811133,0.3255420748140855,0.33001535494705764,0.3344886350800298,0.338961915213002,0.34343519534597416,0.3479084754789463,0.3523817556119185,0.35685503574489064,0.36132831587786285,0.365801596010835,0.37027487614380716,0.3747481562767793,0.3792214364097515,0.3836947165427237,0.38816799667569585,0.392641276808668,0.39711455694164016,0.4015878370746123,0.40606111720758453,0.41053439734055663,0.41500767747352885,0.419480957606501,0.42395423773947316,0.4284275178724454,0.4329007980054175,0.4373740781383897,0.44184735827136185,0.446320638404334,0.4507939185373062,0.4552671986702783,0.45974047880325053,0.4642137589362227,0.46868703906919484,0.473160319202167,0.47763359933513916,0.48210687946811137,0.48658015960108353,0.4910534397340557,0.49552671986702784,0.5,0.5044732801329722,0.5089465602659444,0.5134198403989165,0.5178931205318886,0.5223664006648608,0.526839680797833,0.5313129609308052,0.5357862410637774,0.5402595211967496,0.5447328013297217,0.5492060814626938,0.5536793615956661,0.5581526417286382,0.5626259218616103,0.5670992019945825,0.5715724821275547,0.5760457622605268,0.580519042393499,0.5849923225264713,0.5894656026594434,0.5939388827924155,0.5984121629253878,0.6028854430583599,0.607358723191332,0.6118320033243042,0.6163052834572764,0.6207785635902485,0.6252518437232207,0.629725123856193,0.634198403989165,0.6386716841221372,0.6431449642551094,0.6476182443880816,0.6520915245210537,0.6565648046540259,0.6610380847869981,0.6655113649199702,0.6699846450529423,0.6744579251859146,0.6789312053188867,0.6834044854518588,0.687877765584831,0.6923510457178033,0.6968243258507754,0.7012976059837476,0.7057708861167198,0.7102441662496919,0.714717446382664,0.7191907265156363,0.7236640066486084,0.02235496034842726,0.0,0.0,0.0,0.02235496034842726,0.0,0.02235496034842726,0.02235496034842726,0.022354960348426982,0.02235496034842726,0.13412976209056357,0.08941984139370904,0.06706488104528179,0.17883968278741585,0.26825952418112714,0.3353244052264089,0.2235496034842726,0.17883968278741808,0.6482938501043826,0.49180912766539975,0.5141640880138271,0.6706488104528178,0.8494884932402359,0.9165533742855063,1.1401029777697902,1.4083625019509174,1.0283281760276541,1.7660418675257537,1.7883968278741589,2.235496034842754,2.5708204400691033,2.4366906779785715,2.794370043553408,3.2191142901734855,3.1744043694767106,4.00153790236843,4.00153790236848,4.068602783413762,4.67218671282124,4.694541673169783,5.40990040431933,4.962801197350852,5.611095047455242,5.946419452681652,5.946419452681652,6.550003382089106,6.281743857908061,6.862972826967169,6.482938501043906,7.019457549406161,7.019457549406073,6.482938501043825,6.862972826967255,6.281743857908138,6.550003382089106,5.946419452681578,5.946419452681725,5.611095047455173,4.962801197350791,5.409900404319464,4.694541673169783,4.672186712821123,4.068602783413812,4.001537902368529,4.00153790236843,3.174404369476632,3.219114290173566,2.794370043553373,2.4366906779785413,2.5708204400691668,2.235496034842754,1.7883968278741145,1.7660418675257756,1.0283281760276668,1.4083625019509,1.1401029777697762,0.9165533742855291,0.8494884932402254,0.6706488104528096,0.5141640880138334,0.49180912766540585,0.6482938501043826,0.17883968278741585,0.22354960348427538,0.3353244052264048,0.2682595241811238,0.17883968278742032,0.06706488104528262,0.0894198413937057,0.13412976209056524,0.02235496034842754,0.022354960348426982,0.022354960348426982,0.02235496034842754,0.0,0.022354960348426982,0.0,0.0,0.0,0.02235496034842754,0.5,0.05956493014722646
1,expected,0.25,False,False,100,100,normal,0.4,2.0,1.6,1.25,0.2,0.2938755565000596,0.2979980453700584,0.3021205342400572,0.306243023110056,0.3103655119800548,0.31448800085005363,0.31861048972005246,0.32273297859005123,0.32685546746005006,0.33097795633004884,0.33510044520004767,0.33922293407004644,0.3433454229400453,0.3474679118100441,0.3515904006800429,0.3557128895500417,0.35983537842004054,0.3639578672900393,0.36808035616003815,0.3722028450300369,0.37632533390003575,0.3804478227700345,0.38457031164003336,0.3886928005100322,0.39281528938003096,0.3969377782500298,0.4010602671200286,0.4051827559900274,0.4093052448600262,0.413427733730025,0.41755022260002383,0.4216727114700226,0.42579520034002144,0.42991768921002027,0.43404017808001905,0.4381626669500179,0.4422851558200167,0.4464076446900155,0.45053013356001426,0.4546526224300131,0.4587751113000119,0.4628976001700107,0.4670200890400095,0.47114257791000835,0.47526506678000713,0.4793875556500059,0.4835100445200048,0.48763253339000356,0.49175502226000234,0.49587751113000117,0.5,0.5041224888699988,0.5082449777399975,0.5123674666099964,0.5164899554799952,0.520612444349994,0.5247349332199929,0.5288574220899916,0.5329799109599904,0.5371023998299893,0.5412248886999881,0.5453473775699869,0.5494698664399857,0.5535923553099844,0.5577148441799833,0.5618373330499822,0.5659598219199808,0.5700823107899797,0.5742047996599785,0.5783272885299773,0.5824497773999762,0.5865722662699749,0.5906947551399737,0.5948172440099726,0.5989397328799714,0.6030622217499702,0.607184710619969,0.6113071994899678,0.6154296883599666,0.6195521772299655,0.6236746660999642,0.627797154969963,0.6319196438399619,0.6360421327099606,0.6401646215799595,0.6442871104499582,0.648409599319957,0.6525320881899559,0.6566545770599547,0.6607770659299534,0.6648995547999523,0.6690220436699511,0.6731445325399499,0.6772670214099488,0.6813895102799475,0.6855119991499463,0.6896344880199452,0.693756976889944,0.6978794657599428,0.7020019546299416,0.7061244434999404,0.024257191020634183,0.0,0.0,0.048514382041269025,0.12128595510317093,0.024257191020634183,0.024257191020634512,0.1698003371444393,0.09702876408253805,0.14554314612380512,0.12128595510317257,0.2183147191857077,0.24257191020634186,0.33960067428888313,0.4851438204126837,0.3881150563301469,0.6549441575571318,0.5579153934745863,0.8004873036809389,0.8490016857221965,0.8004873036809389,0.9702876408253674,1.0915735959285382,1.3584026971555325,1.843546517568198,1.9890896636920032,1.6252317983825124,2.1588900008364713,2.741062585331663,2.1831471918570764,2.547005057166624,2.862348540434834,3.5900642710538597,3.4930355069713697,3.4687783159506886,4.511837529837958,4.269265619631674,4.172236855549136,5.288067642498252,5.166781687395082,5.191038878415785,4.996981350250642,5.554896743725228,6.816270676798298,5.870240226993552,6.28261247434417,6.0400405641379935,6.476670002509415,6.306869665364888,6.306869665364888,6.306869665364974,6.306869665364974,6.47667000250924,6.0400405641379935,6.282612474344338,5.870240226993394,6.816270676798298,5.554896743725304,4.996981350250575,5.191038878415785,5.166781687395151,5.288067642498182,4.172236855549248,4.269265619631559,4.511837529837898,3.468778315950829,3.493035506971276,3.5900642710539077,2.8623485404348723,2.5470050571665555,2.183147191857106,2.7410625853317,2.158890000836413,1.6252317983825124,1.98908966369203,1.8435465175681733,1.3584026971555325,1.091573595928553,0.9702876408253543,0.8004873036809389,0.8490016857222079,0.8004873036809174,0.5579153934746088,0.6549441575571141,0.3881150563301522,0.4851438204126903,0.339600674288874,0.24257191020634514,0.2183147191857106,0.1212859551031693,0.1455431461238071,0.09702876408253805,0.169800337144437,0.024257191020634512,0.024257191020634512,0.1212859551031693,0.048514382041269025,0.0,0.0,0.024257191020634512,0.5,0.0611176584495935
1,expected,0.25,False,False,100,100,normal,0.4,2.0,1.6,1.25,0.3,0.27728926811541577,0.28174348275310745,0.28619769739079914,0.29065191202849083,0.2951061266661825,0.2995603413038742,0.3040145559415659,0.30846877057925753,0.3129229852169492,0.3173771998546409,0.3218314144923326,0.3262856291300243,0.330739843767716,0.33519405840540767,0.33964827304309936,0.34410248768079105,0.34855670231848274,0.3530109169561744,0.35746513159386606,0.36191934623155775,0.36637356086924944,0.3708277755069411,0.3752819901446328,0.3797362047823245,0.3841904194200162,0.3886446340577079,0.39309884869539957,0.39755306333309126,0.40200727797078295,0.40646149260847464,0.41091570724616633,0.415369921883858,0.4198241365215497,0.4242783511592414,0.4287325657969331,0.4331867804346248,0.4376409950723164,0.4420952097100081,0.4465494243476998,0.4510036389853915,0.45545785362308316,0.45991206826077485,0.4643662828984665,0.4688204975361582,0.47327471217384987,0.47772892681154155,0.48218314144923324,0.48663735608692493,0.4910915707246166,0.4955457853623083,0.5,0.5044542146376917,0.5089084292753834,0.5133626439130751,0.5178168585507668,0.5222710731884584,0.5267252878261501,0.5311795024638418,0.5356337171015335,0.5400879317392251,0.5445421463769169,0.5489963610146085,0.5534505756523003,0.5579047902899918,0.5623590049276836,0.5668132195653752,0.571267434203067,0.5757216488407586,0.5801758634784504,0.584630078116142,0.5890842927538338,0.5935385073915254,0.597992722029217,0.6024469366669087,0.6069011513046004,0.6113553659422921,0.6158095805799838,0.6202637952176755,0.6247180098553672,0.6291722244930589,0.6336264391307506,0.6380806537684423,0.6425348684061339,0.6469890830438256,0.6514432976815172,0.655897512319209,0.6603517269569006,0.6648059415945924,0.669260156232284,0.6737143708699758,0.6781685855076673,0.6826228001453591,0.6870770147830507,0.6915312294207425,0.6959854440584341,0.7004396586961259,0.7048938733338175,0.7093480879715092,0.7138023026092009,0.7182565172468925,0.7227107318845842,0.022450646889307306,0.0,0.022450646889307306,0.022450646889307306,0.04490129377861461,0.0,0.04490129377861518,0.06735194066792193,0.022450646889307306,0.06735194066792193,0.20205582200376576,0.08980258755722922,0.08980258755722922,0.08980258755722922,0.33675970333960964,0.15715452822515114,0.31430905645030227,0.2918584095609986,0.4939142315647608,0.651068759789912,0.6959700535685266,0.9653778162402142,0.808223288015063,1.0551804037974435,1.16743363824398,1.5715452822515115,1.4817426946942824,1.3694894602477459,1.9981075731483502,2.33486727648796,2.67162697982757,2.626725686048955,3.345146386506789,3.322695739617482,3.5247515616212475,4.041116440075366,4.445228084082847,4.108468380743237,4.490129377861462,4.9166916687583,5.1187474907620665,5.163648784540745,5.3208033127658325,5.455507194101676,6.17392789455951,5.92697077877713,6.465786304120504,6.039224013223666,6.443335657231198,6.17392789455951,6.17392789455951,6.443335657231198,6.039224013223666,6.465786304120504,5.92697077877713,6.17392789455951,5.455507194101676,5.3208033127658325,5.1636487845408094,5.118747490761939,4.916691668758423,4.49012937786135,4.10846838074334,4.4452280840827365,4.041116440075416,3.5247515616211595,3.3226957396175645,3.3451463865067055,2.6267256860490202,2.6716269798275034,2.3348672764880183,1.9981075731483502,1.3694894602477459,1.4817426946942824,1.5715452822515115,1.16743363824398,1.0551804037974435,0.808223288015063,0.9653778162402142,0.6959700535685266,0.651068759789912,0.4939142315647608,0.291858409560995,0.31430905645031015,0.15715452822514725,0.336759703339618,0.08980258755722699,0.08980258755723147,0.08980258755722699,0.2020558220037708,0.06735194066792025,0.022450646889307868,0.06735194066792025,0.044901293778615736,0.0,0.044901293778615736,0.022450646889307306,0.022450646889307306,0.0,0.022450646889307306,0.5,0.06159445219914067
1,expected,0.25,False,False,100,100,normal,0.4,2.0,1.6,1.25,0.4,0.23884157863457237,0.24406474706188092,0.24928791548918947,0.254511083916498,0.2597342523438066,0.2649574207711151,0.2701805891984237,0.2754037576257322,0.2806269260530408,0.28585009448034937,0.2910732629076579,0.29629643133496647,0.301519599762275,0.30674276818958357,0.3119659366168921,0.31718910504420067,0.32241227347150925,0.32763544189881777,0.3328586103261263,0.33808177875343487,0.34330494718074345,0.34852811560805197,0.35375128403536055,0.3589744524626691,0.36419762088997765,0.36942078931728617,0.37464395774459475,0.3798671261719033,0.38509029459921185,0.3903134630265204,0.395536631453829,0.4007597998811375,0.40598296830844605,0.4112061367357546,0.4164293051630632,0.4216524735903717,0.42687564201768025,0.4320988104449889,0.4373219788722974,0.4425451472996059,0.4477683157269145,0.4529914841542231,0.4582146525815316,0.4634378210088401,0.46866098943614876,0.4738841578634573,0.4791073262907658,0.4843304947180744,0.48955366314538296,0.4947768315726915,0.5,0.5052231684273086,0.5104463368546172,0.5156695052819257,0.5208926737092342,0.5261158421365428,0.5313390105638514,0.5365621789911599,0.5417853474184685,0.547008515845777,0.5522316842730856,0.5574548527003941,0.5626780211277027,0.5679011895550112,0.5731243579823198,0.5783475264096284,0.5835706948369369,0.5887938632642454,0.594017031691554,0.5992402001188626,0.6044633685461711,0.6096865369734796,0.6149097054007882,0.6201328738280968,0.6253560422554053,0.6305792106827138,0.6358023791100225,0.641025547537331,0.6462487159646395,0.651471884391948,0.6566950528192567,0.6619182212465652,0.6671413896738737,0.6723645581011823,0.6775877265284909,0.6828108949557994,0.6880340633831079,0.6932572318104165,0.6984804002377251,0.7037035686650336,0.7089267370923422,0.7141499055196507,0.7193730739469593,0.7245962423742678,0.7298194108015764,0.7350425792288849,0.7402657476561935,0.745488916083502,0.7507120845108106,0.7559352529381191,0.7611584213654277,0.01914546723731233,0.0,0.0,0.0,0.01914546723731243,0.019145467237312225,0.0,0.03829093447462445,0.03829093447462445,0.0,0.03829093447462445,0.01914546723731243,0.03829093447462445,0.01914546723731243,0.0765818689492489,0.0765818689492489,0.057436401711937285,0.17230920513581185,0.2297456068477467,0.2106001396104345,0.24889107408506156,0.40205481198355675,0.5552185498820545,0.4212002792208735,0.5935094843566854,0.670091353305928,0.9189824273909868,1.3401827066118701,1.359328173849168,1.6273647151715394,1.9528376582058677,2.1634377978163046,2.297456068477467,2.2017287322909063,2.584638077037178,2.8335291511222396,3.2355839631057317,3.4078931682416123,3.9056753164117355,4.03969358707288,4.767221342090744,5.130985219599731,5.3607308264474804,5.49474909710855,5.628767367769854,6.4137315244996635,5.609621900532482,6.586040729635405,6.643477131347414,6.260567786601165,6.260567786601031,6.643477131347414,6.586040729635475,5.609621900532542,6.413731524499528,5.628767367769854,5.494749097108667,5.360730826447367,5.130985219599731,4.767221342090795,4.0396935870729225,3.9056753164116524,3.4078931682416123,3.2355839631058005,2.833529151122179,2.584638077037178,2.2017287322909294,2.2974560684774916,2.1634377978162584,1.9528376582058677,1.6273647151715567,1.3593281738491825,1.3401827066118417,0.9189824273909966,0.6700913533059351,0.5935094843566727,0.4212002792208735,0.5552185498820605,0.402054811983561,0.24889107408505629,0.21060013961043675,0.22974560684774914,0.1723092051358082,0.057436401711937285,0.07658186894924972,0.07658186894924972,0.01914546723731202,0.03829093447462486,0.01914546723731243,0.03829093447462404,0.0,0.03829093447462486,0.03829093447462486,0.0,0.01914546723731243,0.01914546723731243,0.0,0.0,0.0,0.01914546723731243,0.5,0.06238566255142525
1,expected,0.25,False,False,100,100,normal,0.4,2.0,1.6,1.5,0.1,0.2831910688593557,0.28752724748216857,0.29186342610498145,0.29619960472779433,0.3005357833506072,0.30487196197342015,0.309208140596233,0.3135443192190459,0.3178804978418588,0.32221667646467167,0.32655285508748455,0.33088903371029743,0.3352252123331103,0.3395613909559232,0.3438975695787361,0.348233748201549,0.3525699268243619,0.35690610544717477,0.36124228406998765,0.36557846269280053,0.3699146413156134,0.3742508199384263,0.37858699856123923,0.3829231771840521,0.387259355806865,0.39159553442967787,0.39593171305249075,0.40026789167530363,0.4046040702981165,0.4089402489209294,0.4132764275437423,0.41761260616655516,0.42194878478936804,0.4262849634121809,0.4306211420349938,0.43495732065780673,0.4392934992806196,0.4436296779034325,0.4479658565262454,0.4523020351490583,0.4566382137718712,0.4609743923946841,0.46531057101749695,0.46964674964030984,0.4739829282631227,0.4783191068859356,0.4826552855087485,0.48699146413156136,0.49132764275437424,0.4956638213771871,0.5,0.5043361786228129,0.5086723572456258,0.5130085358684386,0.5173447144912515,0.5216808931140644,0.5260170717368773,0.5303532503596902,0.534689428982503,0.5390256076053159,0.5433617862281289,0.5476979648509418,0.5520341434737547,0.5563703220965676,0.5607065007193804,0.5650426793421933,0.5693788579650062,0.5737150365878191,0.578051215210632,0.582387393833445,0.5867235724562578,0.5910597510790707,0.5953959297018836,0.5997321083246965,0.6040682869475094,0.6084044655703222,0.6127406441931351,0.617076822815948,0.6214130014387609,0.6257491800615738,0.6300853586843866,0.6344215373071995,0.6387577159300124,0.6430938945528253,0.6474300731756382,0.651766251798451,0.6561024304212639,0.6604386090440768,0.6647747876668897,0.6691109662897026,0.6734471449125154,0.6777833235353283,0.6821195021581412,0.6864556807809541,0.690791859403767,0.6951280380265799,0.6994642166493927,0.7038003952722057,0.7081365738950186,0.7124727525178315,0.7168089311406444,0.023061780590378438,0.0,0.023061780590378438,0.0,0.023061780590378143,0.0,0.023061780590378438,0.046123561180756875,0.09224712236151375,0.023061780590378438,0.09224712236151375,0.13837068354227064,0.06918534177113532,0.16143246413264908,0.13837068354226886,0.2306178059037844,0.2767413670845413,0.368988489446055,0.5304209535787041,0.576544514759461,0.5534827341690826,0.7149151983017225,0.6918534177113532,0.8763476624343807,1.0839036877477866,1.360645054832328,1.7296335442783828,1.6835099830976261,1.7757571054591397,2.167807375495573,2.6751665484838987,2.6751665484838987,2.8135372320261696,2.5829194261223853,3.182525721472184,4.174182286858498,4.243367628629633,4.381738312171903,4.335614750991091,5.604012683461961,5.327271316377419,5.5809509028715825,5.557889122281204,6.434236784715584,5.90381583113688,6.8724106159327745,6.457298565305963,7.702634717186398,6.2266807594021785,7.103028421836559,7.103028421836559,6.2266807594021785,7.702634717186398,6.457298565305963,6.8724106159327745,5.90381583113688,6.434236784715584,5.557889122281204,5.5809509028715825,5.327271316377283,5.604012683461961,4.335614750991146,4.381738312171903,4.243367628629633,4.174182286858498,3.1825257214722247,2.5829194261223853,2.8135372320261696,2.6751665484838303,2.6751665484838987,2.167807375495573,1.7757571054591397,1.6835099830976261,1.7296335442783828,1.360645054832328,1.0839036877477866,0.8763476624343807,0.6918534177113532,0.7149151983017316,0.5534827341690826,0.576544514759461,0.5304209535787041,0.368988489446055,0.2767413670845413,0.2306178059037844,0.13837068354227064,0.16143246413264908,0.06918534177113532,0.13837068354227064,0.09224712236151375,0.023061780590378438,0.09224712236151375,0.046123561180756875,0.023061780590378438,0.0,0.023061780590378438,0.0,0.023061780590378438,0.0,0.023061780590378438,0.5,0.057556141162358715
1,expected,0.25,False,False,100,100,normal,0.4,2.0,1.6,1.5,0.2,0.2948791071145211,0.2989815249722307,0.3030839428299402,0.3071863606876498,0.3112887785453594,0.31539119640306895,0.31949361426077855,0.32359603211848814,0.3276984499761977,0.3318008678339073,0.33590328569161687,0.34000570354932647,0.344108121407036,0.3482105392647456,0.3523129571224552,0.35641537498016473,0.36051779283787433,0.3646202106955839,0.3687226285532935,0.37282504641100306,0.37692746426871265,0.3810298821264222,0.3851322999841318,0.3892347178418414,0.393337135699551,0.3974395535572605,0.4015419714149701,0.40564438927267965,0.40974680713038925,0.41384922498809884,0.41795164284580844,0.42205406070351803,0.42615647856122757,0.4302588964189371,0.4343613142766467,0.4384637321343563,0.4425661499920659,0.4466685678497755,0.45077098570748503,0.4548734035651946,0.45897582142290416,0.46307823928061376,0.46718065713832335,0.47128307499603295,0.4753854928537425,0.4794879107114521,0.4835903285691616,0.4876927464268712,0.4917951642845808,0.4958975821422904,0.5,0.5041024178577096,0.5082048357154192,0.5123072535731287,0.5164096714308383,0.5205120892885479,0.5246145071462575,0.5287169250039669,0.5328193428616765,0.5369217607193861,0.5410241785770957,0.5451265964348053,0.5492290142925149,0.5533314321502245,0.5574338500079341,0.5615362678656437,0.5656386857233532,0.5697411035810628,0.5738435214387724,0.5779459392964819,0.5820483571541915,0.586150775011901,0.5902531928696106,0.5943556107273202,0.5984580285850298,0.6025604464427394,0.606662864300449,0.6107652821581586,0.6148677000158682,0.6189701178735777,0.6230725357312873,0.6271749535889969,0.6312773714467064,0.635379789304416,0.6394822071621256,0.6435846250198352,0.6476870428775447,0.6517894607352543,0.6558918785929639,0.6599942964506735,0.6640967143083831,0.6681991321660927,0.6723015500238022,0.6764039678815118,0.6805063857392214,0.6846088035969309,0.6887112214546405,0.6928136393123501,0.6969160571700597,0.7010184750277693,0.7051208928854789,0.024375868931067548,0.048751737862135755,0.0,0.048751737862135096,0.048751737862135755,0.024375868931067548,0.024375868931067548,0.09750347572427151,0.12187934465533774,0.07312760679320264,0.17063108251747283,0.17063108251747514,0.34126216503494566,0.17063108251747283,0.3168862961038824,0.21938282037960793,0.34126216503494566,0.39001390289708077,0.5606449854145611,0.6581484611388237,0.7069001990009685,0.755651936863094,1.4625521358640527,0.9994106261737694,1.6575590873126156,1.3894245290708502,1.6819349562436836,1.9744453834164712,2.096324728071809,2.876352533865971,2.949480140659173,2.6569697134863985,2.998231878521349,3.1688629610387813,3.7538838153844023,3.827011422177605,4.265777062936821,4.631415096902897,5.36269116483486,5.362691164834933,5.7039533298698055,5.825832674525144,6.288974184215427,5.947712019180562,6.922746776423183,6.386477659939784,5.9964637570426165,6.532732873526103,6.654612218181441,7.190881334664926,7.190881334664926,6.654612218181441,6.53273287352628,5.9964637570426165,6.386477659939698,6.922746776423183,5.947712019180643,6.288974184215427,5.825832674525144,5.7039533298698055,5.36269116483486,5.36269116483486,4.631415096902834,4.265777062936821,3.827011422177605,3.753883815384504,3.1688629610387813,2.9982318785213082,2.6569697134864345,2.949480140659173,2.876352533865971,2.096324728071809,1.9744453834164712,1.6819349562436607,1.3894245290708502,1.6575590873125934,0.9994106261737694,1.4625521358640527,0.7556519368631144,0.7069001990009589,0.6581484611388237,0.5606449854145688,0.39001390289708077,0.34126216503494566,0.21938282037960793,0.3168862961038781,0.17063108251747283,0.34126216503494566,0.17063108251747283,0.17063108251747283,0.07312760679320264,0.12187934465534103,0.09750347572427019,0.024375868931067548,0.024375868931068207,0.048751737862135096,0.048751737862135096,0.0,0.048751737862135096,0.024375868931067548,0.5,0.0577987617793774
1,expected,0.25,False,False,100,100,normal,0.4,2.0,1.6,1.5,0.3,0.2355282134538109,0.24081764918473467,0.24610708491565847,0.25139652064658224,0.256685956377506,0.2619753921084298,0.26726482783935357,0.27255426357027734,0.2778436993012012,0.28313313503212495,0.2884225707630487,0.2937120064939725,0.2990014422248963,0.30429087795582005,0.3095803136867439,0.31486974941766765,0.32015918514859143,0.3254486208795152,0.330738056610439,0.33602749234136275,0.34131692807228653,0.3466063638032103,0.3518957995341341,0.3571852352650579,0.3624746709959817,0.36776410672690546,0.37305354245782923,0.37834297818875307,0.38363241391967684,0.3889218496506006,0.3942112853815244,0.39950072111244816,0.40479015684337194,0.4100795925742957,0.4153690283052195,0.42065846403614326,0.42594789976706704,0.4312373354979908,0.43652677122891465,0.4418162069598384,0.4471056426907622,0.452395078421686,0.4576845141526098,0.4629739498835336,0.46826338561445735,0.4735528213453811,0.4788422570763049,0.4841316928072287,0.48942112853815245,0.4947105642690762,0.5,0.5052894357309238,0.5105788714618475,0.5158683071927713,0.5211577429236952,0.526447178654619,0.5317366143855428,0.5370260501164665,0.5423154858473903,0.5476049215783141,0.5528943573092379,0.5581837930401616,0.5634732287710854,0.5687626645020092,0.574052100232933,0.5793415359638567,0.5846309716947805,0.5899204074257043,0.5952098431566282,0.600499278887552,0.6057887146184757,0.6110781503493995,0.6163675860803233,0.621657021811247,0.6269464575421708,0.6322358932730946,0.6375253290040184,0.6428147647349421,0.6481042004658659,0.6533936361967897,0.6586830719277135,0.6639725076586372,0.6692619433895611,0.6745513791204849,0.6798408148514087,0.6851302505823325,0.6904196863132562,0.69570912204418,0.7009985577751038,0.7062879935060276,0.7115774292369513,0.7168668649678751,0.7221563006987989,0.7274457364297227,0.7327351721606464,0.7380246078915703,0.7433140436224941,0.7486034793534179,0.7538929150843416,0.7591823508152654,0.7644717865461892,0.018905608289248553,0.0,0.018905608289248553,0.0,0.018905608289248553,0.0,0.0,0.0,0.0,0.018905608289248553,0.0,0.018905608289248553,0.0,0.03781121657849671,0.037811216578497106,0.056716824867745666,0.037811216578497106,0.11343364973549133,0.2457729077602312,0.20796169118173408,0.15124486631398842,0.18905608289248552,0.41592338236346377,0.2457729077602312,0.41592338236346815,0.5293570320989595,0.8318467647269275,0.6616962901236993,1.1154308890656646,1.1154308890656646,1.1910533222226587,1.682599137743121,2.003994478660347,2.6089739439163004,2.798030026808786,2.4388234693130633,3.4030094920647396,4.25376186508088,3.8000272661389594,4.3104786899486704,4.556251597708854,5.028891804940115,4.97217498007237,6.427906818344508,6.0497946525595365,6.087605869138034,6.976169458732716,6.9005470255757215,6.503529251501503,6.030889044270288,6.030889044270288,6.503529251501503,6.9005470255757215,6.976169458732569,6.087605869138034,6.0497946525595365,6.427906818344508,4.97217498007237,5.028891804940115,4.5562515977089015,4.3104786899486704,3.8000272661389594,4.253761865080924,3.4030094920647396,2.4388234693130633,2.798030026808786,2.6089739439163004,2.003994478660305,1.682599137743121,1.1910533222226587,1.1154308890656646,1.1154308890656646,0.6616962901236993,0.8318467647269363,0.5293570320989595,0.41592338236346815,0.2457729077602312,0.41592338236346815,0.18905608289248552,0.15124486631398842,0.20796169118173408,0.24577290776022606,0.11343364973549133,0.037811216578497106,0.056716824867745666,0.037811216578497106,0.037811216578497106,0.0,0.018905608289248553,0.0,0.018905608289248553,0.0,0.0,0.0,0.0,0.018905608289248553,0.0,0.018905608289248553,0.0,0.018905608289248553,0.5,0.05873235524912179
1,expected,0.25,False,False,100,100,normal,0.4,2.0,1.6,1.5,0.4,0.2667690991736898,0.271433717190216,0.2760983352067422,0.2807629532232684,0.2854275712397946,0.2900921892563208,0.29475680727284703,0.2994214252893732,0.30408604330589944,0.3087506613224256,0.31341527933895186,0.31807989735547804,0.32274451537200427,0.32740913338853045,0.3320737514050567,0.33673836942158286,0.34140298743810904,0.3460676054546353,0.3507322234711615,0.3553968414876877,0.36006145950421387,0.3647260775207401,0.3693906955372663,0.3740553135537925,0.3787199315703187,0.3833845495868449,0.3880491676033711,0.39271378561989734,0.3973784036364235,0.4020430216529497,0.40670763966947593,0.41137225768600216,0.41603687570252834,0.4207014937190545,0.42536611173558075,0.430030729752107,0.43469534776863317,0.43935996578515935,0.4440245838016856,0.4486892018182118,0.453353819834738,0.45801843785126417,0.46268305586779035,0.4673476738843166,0.4720122919008428,0.476676909917369,0.4813415279338952,0.4860061459504214,0.49067076396694764,0.4953353819834738,0.5,0.5046646180165262,0.5093292360330525,0.5139938540495786,0.5186584720661048,0.5233230900826311,0.5279877080991573,0.5326523261156835,0.5373169441322097,0.5419815621487358,0.546646180165262,0.5513107981817883,0.5559754161983145,0.5606400342148408,0.5653046522313669,0.5699692702478931,0.5746338882644193,0.5792985062809455,0.5839631242974717,0.5886277423139978,0.5932923603305241,0.5979569783470503,0.6026215963635766,0.6072862143801028,0.611950832396629,0.6166154504131551,0.6212800684296813,0.6259446864462075,0.6306093044627338,0.63527392247926,0.6399385404957862,0.6446031585123124,0.6492677765288386,0.6539323945453648,0.658597012561891,0.6632616305784171,0.6679262485949433,0.6725908666114696,0.6772554846279958,0.6819201026445221,0.6865847206610483,0.6912493386775744,0.6959139566941006,0.7005785747106268,0.705243192727153,0.7099078107436793,0.7145724287602054,0.7192370467767316,0.7239016647932579,0.7285662828097841,0.7332309008263103,0.021437982627025853,0.0,0.021437982627025853,0.0,0.0,0.0,0.0,0.04287596525405119,0.021437982627025853,0.0,0.042875965254051705,0.06431394788107679,0.08575193050810341,0.08575193050810238,0.10718991313512924,0.19294184364323266,0.23581780889728157,0.19294184364323036,0.34300772203241364,0.3858836872864653,0.4501976351675376,0.6217014961837497,0.6431394788107678,0.7074534266918531,0.793205357199947,0.9861472008431891,1.1576510618593823,1.4149068533837061,1.6721626449080162,1.9294184364323035,2.0794843148214825,2.465368002107973,2.63687186312418,2.7226237936322506,3.4086392376970696,3.6658950292214207,3.580143098713317,4.544852316929426,4.201844594897017,4.995049952097023,5.016487934724049,5.509561535145644,5.852569257177987,5.74537934404286,5.831131274551032,5.595313465653747,6.752964527513062,7.2674761105616765,6.388518822853704,6.710088562259092,6.710088562259092,6.388518822853552,7.267476110561764,6.752964527513144,5.595313465653613,5.831131274551032,5.745379344042928,5.852569257178057,5.509561535145644,5.016487934724049,4.995049952096904,4.201844594897067,4.544852316929372,3.580143098713317,3.6658950292214207,3.4086392376971104,2.722623793632283,2.63687186312418,2.465368002107973,2.0794843148214577,1.9294184364323264,1.6721626449079765,1.4149068533837061,1.157651061859396,0.9861472008431891,0.7932053571999566,0.7074534266918531,0.6431394788107602,0.6217014961837497,0.4501976351675322,0.3858836872864653,0.34300772203241364,0.19294184364323266,0.23581780889728435,0.19294184364323266,0.10718991313512924,0.08575193050810136,0.08575193050810341,0.06431394788107603,0.042875965254051705,0.0,0.021437982627025853,0.042875965254051705,0.0,0.0,0.0,0.0,0.02143798262702534,0.0,0.021437982627025853,0.5,0.05902074929083197
1,expected,0.25,False,False,100,100,normal,0.4,2.0,2.0,0.5,0.1,0.19782085732436053,0.2038644401778733,0.20990802303138612,0.2159516058848989,0.22199518873841168,0.22803877159192448,0.23408235444543726,0.24012593729895004,0.24616952015246285,0.25221310300597566,0.2582566858594884,0.2643002687130012,0.270343851566514,0.2763874344200268,0.2824310172735396,0.2884746001270524,0.2945181829805652,0.30056176583407795,0.30660534868759076,0.3126489315411035,0.3186925143946163,0.32473609724812913,0.33077968010164194,0.33682326295515475,0.3428668458086675,0.34891042866218025,0.35495401151569306,0.36099759436920587,0.3670411772227187,0.3730847600762315,0.37912834292974423,0.38517192578325704,0.3912155086367698,0.3972590914902826,0.4033026743437954,0.4093462571973082,0.415389840050821,0.4214334229043338,0.42747700575784653,0.43352058861135934,0.43956417146487214,0.44560775431838495,0.45165133717189776,0.45769492002541057,0.46373850287892326,0.46978208573243607,0.4758256685859489,0.4818692514394617,0.4879128342929745,0.4939564171464873,0.5,0.5060435828535128,0.5120871657070256,0.5181307485605384,0.5241743314140512,0.530217914267564,0.5362614971210767,0.5423050799745895,0.5483486628281024,0.5543922456816152,0.560435828535128,0.5664794113886408,0.5725229942421536,0.5785665770956663,0.5846101599491791,0.5906537428026919,0.5966973256562047,0.6027409085097175,0.6087844913632303,0.614828074216743,0.6208716570702558,0.6269152399237686,0.6329588227772814,0.6390024056307942,0.645045988484307,0.6510895713378199,0.6571331541913326,0.6631767370448454,0.6692203198983582,0.675263902751871,0.6813074856053838,0.6873510684588966,0.6933946513124093,0.6994382341659221,0.7054818170194349,0.7115253998729477,0.7175689827264605,0.7236125655799732,0.729656148433486,0.7356997312869988,0.7417433141405116,0.7477868969940245,0.7538304798475373,0.75987406270105,0.7659176455545628,0.7719612284080756,0.7780048112615884,0.7840483941151012,0.790091976968614,0.7961355598221268,0.8021791426756395,0.033092952450176426,0.0,0.033092952450176426,0.0,0.01654647622508814,0.0,0.04963942867526464,0.04963942867526441,0.06618590490035256,0.03309295245017658,0.06618590490035256,0.01654647622508814,0.09927885735052973,0.09927885735052883,0.23165066715123395,0.23165066715123395,0.38056895317703066,0.2481971433763221,0.3971154294021189,0.3474760007268509,0.4467548580773797,0.5625801916529967,0.5791266678780849,0.7942308588042378,0.8273238112544145,1.0093350497303764,1.075520954630729,1.1582533357561697,1.323718098007051,1.489182860257946,1.654647622508814,1.93593771833533,2.0683095281360173,2.283413719062163,2.614343243563926,2.9452727680656885,3.028005149191157,3.243109340117305,3.491306483493597,3.8553289604455365,3.8718754366706243,3.8553289604455365,4.0869796275967705,4.25244438984773,4.963942867526441,4.434455628323621,4.401362675873445,4.699199247925031,4.583373914349414,4.798478105275648,4.79847810527556,4.583373914349414,4.699199247925031,4.401362675873445,4.434455628323621,4.963942867526533,4.252444389847652,4.0869796275967705,3.8553289604455365,3.8718754366706243,3.8553289604455365,3.491306483493597,3.2431093401173343,3.0280051491911295,2.9452727680656885,2.614343243563926,2.283413719062163,2.0683095281360173,1.9359377183353477,1.654647622508814,1.4891828602579325,1.323718098007051,1.1582533357561697,1.075520954630729,1.0093350497303764,0.8273238112544221,0.7942308588042306,0.5791266678780849,0.5625801916529967,0.4467548580773797,0.3474760007268509,0.39711542940212263,0.2481971433763221,0.38056895317702716,0.23165066715123395,0.23165066715123395,0.09927885735053066,0.09927885735052883,0.01654647622508814,0.06618590490035256,0.03309295245017628,0.06618590490035256,0.04963942867526533,0.04963942867526441,0.0,0.01654647622508814,0.0,0.03309295245017628,0.0,0.033092952450176884,0.5,0.08254320371664715
1,expected,0.25,False,False,100,100,normal,0.4,2.0,2.0,0.5,0.2,0.19346867723106098,0.19959930368643977,0.20572993014181853,0.21186055659719732,0.2179911830525761,0.22412180950795488,0.23025243596333367,0.23638306241871243,0.24251368887409122,0.24864431532946998,0.2547749417848488,0.26090556824022754,0.26703619469560635,0.2731668211509851,0.2792974476063639,0.28542807406174264,0.29155870051712146,0.2976893269725002,0.303819953427879,0.3099505798832578,0.31608120633863657,0.32221183279401533,0.3283424592493941,0.3344730857047729,0.3406037121601517,0.3467343386155305,0.35286496507090925,0.358995591526288,0.3651262179816668,0.37125684443704554,0.37738747089242436,0.3835180973478031,0.38964872380318194,0.3957793502585607,0.40190997671393947,0.40804060316931823,0.414171229624697,0.4203018560800758,0.4264324825354546,0.4325631089908334,0.43869373544621215,0.4448243619015909,0.4509549883569697,0.4570856148123485,0.46321624126772726,0.469346867723106,0.47547749417848484,0.4816081206338636,0.48773874708924236,0.4938693735446212,0.49999999999999994,0.5061306264553787,0.5122612529107575,0.5183918793661363,0.524522505821515,0.5306531322768938,0.5367837587322726,0.5429143851876514,0.5490450116430301,0.555175638098409,0.5613062645537877,0.5674368910091665,0.5735675174645453,0.579698143919924,0.5858287703753029,0.5919593968306816,0.5980900232860604,0.6042206497414392,0.610351276196818,0.6164819026521967,0.6226125291075755,0.6287431555629543,0.634873782018333,0.6410044084737119,0.6471350349290906,0.6532656613844694,0.6593962878398483,0.6655269142952269,0.6716575407506058,0.6777881672059844,0.6839187936613633,0.6900494201167421,0.6961800465721208,0.7023106730274996,0.7084412994828784,0.7145719259382572,0.720702552393636,0.7268331788490148,0.7329638053043935,0.7390944317597723,0.7452250582151511,0.7513556846705299,0.7574863111259087,0.7636169375812875,0.7697475640366662,0.775878190492045,0.7820088169474237,0.7881394434028025,0.7942700698581814,0.8004006963135601,0.8065313227689389,0.016311546744503348,0.0,0.016311546744503348,0.0,0.0,0.04893464023351004,0.0,0.06524618697801339,0.04893464023351026,0.09786928046702008,0.06524618697801368,0.06524618697801308,0.06524618697801368,0.21205010767854446,0.21205010767854446,0.09786928046701963,0.13049237395602736,0.2609847479120547,0.29360784140105894,0.4241002153570889,0.3751655751235787,0.5219694958241095,0.5872156828021179,0.8482004307141778,0.8808235242031768,0.962381257925702,1.1907429123487496,1.1744313656042462,1.4517276602608045,1.7453355016618501,1.8758278756178934,1.9736971560848962,1.9900087028294173,2.7566513998210778,2.4793551051645197,3.0502592412221397,2.6098474791205235,3.4906710033237003,3.67009801751327,3.458047909834725,3.327555535878698,4.126821326359365,3.8984596719362825,4.1920675133373795,3.604851830535256,4.6324792754389295,4.322559887293407,4.5672330884609575,4.877152476606478,4.795594742884006,4.795594742884049,4.877152476606434,4.5672330884609575,4.322559887293407,4.632479275438972,3.604851830535256,4.192067513337303,3.8984596719363878,4.126821326359291,3.327555535878698,3.458047909834725,3.67009801751327,3.4906710033237323,2.6098474791205,3.0502592412221947,2.479355105164475,2.7566513998210778,1.9900087028294173,1.973697156084914,1.8758278756178934,1.7453355016618346,1.4517276602608307,1.174431365604225,1.1907429123487496,0.962381257925702,0.8808235242031688,0.8482004307141933,0.5872156828021124,0.5219694958241189,0.3751655751235719,0.4241002153570889,0.29360784140106155,0.2609847479120547,0.13049237395602736,0.09786928046701875,0.21205010767854446,0.21205010767854446,0.06524618697801368,0.06524618697801368,0.06524618697801368,0.09786928046701875,0.04893464023351026,0.06524618697801368,0.0,0.04893464023351026,0.0,0.0,0.016311546744503126,0.0,0.01631154674450342,0.5,0.08416928706817774
1,expected,0.25,False,False,100,100,normal,0.4,2.0,2.0,0.5,0.3,0.14092182372955867,0.1481033872549675,0.15528495078037632,0.16246651430578515,0.16964807783119396,0.17682964135660278,0.18401120488201161,0.19119276840742044,0.19837433193282927,0.2055558954582381,0.21273745898364693,0.21991902250905576,0.2271005860344646,0.23428214955987342,0.24146371308528222,0.24864527661069105,0.2558268401360999,0.2630084036615087,0.27018996718691757,0.27737153071232634,0.2845530942377352,0.291734657763144,0.29891622128855283,0.30609778481396166,0.3132793483393705,0.3204609118647793,0.32764247539018815,0.334824038915597,0.34200560244100575,0.34918716596641464,0.3563687294918234,0.3635502930172323,0.37073185654264107,0.37791342006804995,0.38509498359345873,0.3922765471188676,0.3994581106442764,0.4066396741696853,0.41382123769509405,0.42100280122050293,0.4281843647459117,0.4353659282713205,0.44254749179672936,0.44972905532213814,0.456910618847547,0.4640921823729558,0.4712737458983647,0.47845530942377346,0.48563687294918234,0.4928184364745911,0.5,0.5071815635254088,0.5143631270508177,0.5215446905762264,0.5287262541016353,0.5359078176270441,0.5430893811524529,0.5502709446778618,0.5574525082032705,0.5646340717286794,0.5718156352540882,0.5789971987794971,0.5861787623049058,0.5933603258303147,0.6005418893557235,0.6077234528811324,0.6149050164065412,0.62208657993195,0.6292681434573588,0.6364497069827677,0.6436312705081765,0.6508128340335853,0.6579943975589941,0.6651759610844029,0.6723575246098118,0.6795390881352206,0.6867206516606295,0.6939022151860382,0.7010837787114471,0.7082653422368559,0.7154469057622648,0.7226284692876735,0.7298100328130823,0.7369915963384912,0.7441731598639,0.7513547233893089,0.7585362869147176,0.7657178504401265,0.7728994139655353,0.7800809774909442,0.787262541016353,0.7944441045417618,0.8016256680671706,0.8088072315925795,0.8159887951179883,0.8231703586433972,0.8303519221688059,0.8375334856942147,0.8447150492196236,0.8518966127450324,0.8590781762704413,0.013924544376192404,0.0,0.0,0.0,0.013924544376192404,0.0,0.013924544376192404,0.013924544376192404,0.027849088752384808,0.027849088752384808,0.027849088752384808,0.06962272188096201,0.027849088752384808,0.06962272188096229,0.013924544376192404,0.0835472662571541,0.05569817750477003,0.08354726625715378,0.09747181063334757,0.20886816564288443,0.19494362126669515,0.29241543190004043,0.3759626981571949,0.3202645206524252,0.6683781300572352,0.6962272188096201,0.8215481181953517,0.8493972069477431,0.9607935619572683,1.1975108163525559,1.2671335382334987,1.4899262482525986,1.7544925914002292,1.6570207807669088,2.0329834789240753,2.4228707214574965,2.5342670764669974,2.7988334196146947,3.0773243071384973,3.035550674009967,3.230494295276662,3.2444188396528046,3.801400614700555,4.079891502224343,3.9684951472148655,4.692571454776803,4.219136945986331,3.9267215140862275,4.581175099767336,4.581175099767265,4.581175099767336,4.581175099767265,3.926721514086288,4.219136945986265,4.692571454776876,3.9684951472148655,4.079891502224343,3.801400614700555,3.2444188396528046,3.230494295276662,3.03555067400992,3.0773243071385448,2.798833419614651,2.534267076467037,2.422870721457459,2.0329834789241064,1.657020780766883,1.7544925914002565,1.4899262482525755,1.2671335382335185,1.1975108163525559,0.9607935619572683,0.8493972069477431,0.8215481181953453,0.6962272188096256,0.6683781300572302,0.3202645206524277,0.37596269815719197,0.2924154319000427,0.19494362126669212,0.20886816564288765,0.09747181063334757,0.08354726625715378,0.05569817750477003,0.08354726625715378,0.013924544376192508,0.06962272188096148,0.027849088752385016,0.06962272188096148,0.027849088752385016,0.02784908875238459,0.027849088752385016,0.013924544376192295,0.013924544376192508,0.0,0.013924544376192508,0.0,0.0,0.0,0.013924544376192295,0.5,0.08808469084083323
1,expected,0.25,False,False,100,100,normal,0.4,2.0,2.0,0.5,0.4,0.17397023599013176,0.1804908312703291,0.1870114265505265,0.19353202183072385,0.2000526171109212,0.2065732123911186,0.21309380767131594,0.2196144029515133,0.22613499823171068,0.23265559351190807,0.23917618879210542,0.24569678407230278,0.25221737935250016,0.25873797463269754,0.26525856991289487,0.27177916519309225,0.27829976047328964,0.28482035575348696,0.29134095103368435,0.29786154631388173,0.30438214159407906,0.31090273687427644,0.3174233321544738,0.32394392743467115,0.33046452271486854,0.3369851179950659,0.34350571327526325,0.35002630855546063,0.356546903835658,0.36306749911585534,0.3695880943960527,0.3761086896762501,0.38262928495644744,0.3891498802366448,0.3956704755168422,0.40219107079703953,0.40871166607723697,0.4152322613574343,0.4217528566376316,0.42827345191782906,0.4347940471980264,0.4413146424782237,0.44783523775842116,0.4543558330386185,0.4608764283188158,0.46739702359901325,0.4739176188792106,0.4804382141594079,0.48695880943960534,0.4934794047198027,0.5,0.5065205952801974,0.5130411905603948,0.5195617858405921,0.5260823811207895,0.5326029764009869,0.5391235716811842,0.5456441669613816,0.552164762241579,0.5586853575217764,0.5652059528019737,0.571726548082171,0.5782471433623685,0.5847677386425658,0.5912883339227631,0.5978089292029606,0.6043295244831579,0.6108501197633552,0.6173707150435527,0.62389131032375,0.6304119056039473,0.6369325008841448,0.6434530961643421,0.6499736914445394,0.6564942867247369,0.6630148820049342,0.6695354772851315,0.6760560725653288,0.6825766678455263,0.6890972631257236,0.695617858405921,0.7021384536861184,0.7086590489663157,0.7151796442465131,0.7217002395267105,0.7282208348069078,0.7347414300871052,0.7412620253673026,0.7477826206474999,0.7543032159276973,0.7608238112078947,0.767344406488092,0.7738650017682894,0.7803855970484868,0.7869061923286841,0.7934267876088815,0.7999473828890789,0.8064679781692762,0.8129885734494736,0.819509168729671,0.8260297640098683,0.015336023124099393,0.0,0.0,0.0,0.015336023124099327,0.0,0.015336023124099393,0.030672046248198654,0.046008069372297976,0.04600806937229818,0.06134409249639757,0.1073521618686953,0.13802420811689395,0.18403227748919349,0.16869625436509258,0.12268818499279462,0.2913844393578897,0.2913844393578872,0.3987366012265825,0.33739250873018806,0.5060887630952777,0.4294086474747812,0.5827688787157794,0.7668011562049664,1.0428495724387543,0.9508334336941664,1.1808737805556482,1.2728899193002443,1.4569221967894483,1.548938335534032,1.8556587980160184,2.177715283622123,2.1317072142498064,2.3464115379871973,2.315739491739018,2.5151077923522682,2.6071239310969077,3.11321269419219,3.0825406479439383,3.4045971335500798,3.465941226046477,3.7573256654043035,3.8800138503971624,3.987366012265859,3.864677827272998,3.9566939660176597,4.294086474747848,4.064046127886288,3.8800138503971624,3.97202998914176,3.972029989141692,3.8800138503971624,4.064046127886356,4.294086474747775,3.9566939660176597,3.8646778272730633,3.987366012265791,3.8800138503971624,3.7573256654043035,3.465941226046477,3.4045971335500798,3.0825406479439383,3.11321269419219,2.6071239310969077,2.5151077923522682,2.315739491739018,2.3464115379872172,2.1317072142497886,2.177715283622123,1.8556587980160344,1.548938335534019,1.4569221967894483,1.272889919300255,1.1808737805556382,0.9508334336941664,1.042849572438763,0.7668011562049729,0.5827688787157694,0.4294086474747848,0.5060887630952735,0.33739250873018806,0.3987366012265859,0.2913844393578847,0.2913844393578897,0.12268818499279566,0.16869625436509117,0.18403227748919349,0.13802420811689511,0.10735216186869438,0.06134409249639783,0.04600806937229837,0.046008069372297594,0.030672046248198914,0.015336023124099457,0.0,0.015336023124099457,0.0,0.0,0.0,0.015336023124099457,0.5,0.09167776999311902
1,expected,0.25,False,False,100,100,normal,0.4,2.0,2.0,0.75,0.1,0.22273514374467956,0.22828044086978597,0.23382573799489237,0.2393710351199988,0.2449163322451052,0.2504616293702116,0.256006926495318,0.2615522236204244,0.26709752074553084,0.2726428178706372,0.27818811499574364,0.28373341212085,0.28927870924595644,0.2948240063710629,0.30036930349616925,0.3059146006212757,0.31145989774638205,0.3170051948714885,0.3225504919965949,0.3280957891217013,0.3336410862468077,0.3391863833719141,0.3447316804970205,0.35027697762212695,0.3558222747472333,0.36136757187233975,0.36691286899744613,0.37245816612255256,0.378003463247659,0.38354876037276536,0.3890940574978718,0.39463935462297817,0.4001846517480846,0.405729948873191,0.4112752459982974,0.41682054312340383,0.4223658402485102,0.42791113737361663,0.43345643449872306,0.43900173162382944,0.44454702874893587,0.45009232587404224,0.4556376229991487,0.4611829201242551,0.4667282172493615,0.47227351437446785,0.4778188114995743,0.4833641086246807,0.4889094057497871,0.4944547028748935,0.49999999999999994,0.5055452971251063,0.5110905942502127,0.5166358913753191,0.5221811885004255,0.5277264856255319,0.5332717827506384,0.5388170798757448,0.5443623770008512,0.5499076741259576,0.5554529712510641,0.5609982683761704,0.5665435655012768,0.5720888626263831,0.5776341597514896,0.583179456876596,0.5887247540017024,0.5942700511268089,0.5998153482519153,0.6053606453770217,0.6109059425021282,0.6164512396272345,0.6219965367523409,0.6275418338774472,0.6330871310025536,0.6386324281276601,0.6441777252527665,0.6497230223778729,0.6552683195029794,0.6608136166280858,0.6663589137531922,0.6719042108782985,0.677449508003405,0.6829948051285113,0.6885401022536177,0.6940853993787242,0.6996306965038306,0.705175993628937,0.7107212907540434,0.7162665878791499,0.7218118850042562,0.7273571821293627,0.7329024792544689,0.7384477763795754,0.7439930735046818,0.7495383706297882,0.7550836677548947,0.7606289648800011,0.7661742620051075,0.771719559130214,0.7772648562553204,0.018033298801474272,0.0,0.0,0.0,0.018033298801474272,0.0,0.03606659760294836,0.0,0.018033298801474362,0.03606659760294836,0.018033298801474362,0.01803329880147418,0.01803329880147418,0.09016649400737181,0.10819979280884509,0.10819979280884617,0.21639958561769018,0.23443288441916435,0.2344328844191667,0.1803329880147418,0.5049323664412821,0.4147658724339061,0.45083247003685456,0.6131321592501283,0.793465147264864,0.8655983424707694,1.20823101969877,1.3344641113090894,1.2623309161032052,1.496763800522357,1.803329880147436,1.9115296729562634,2.4705619358019626,2.6148283262137824,2.831227911831446,3.264027083066859,3.209927186662404,3.2279604854638784,3.4984599674860264,4.346025011155278,4.255858517147949,4.760790883589184,5.121456859618668,5.2116233536260905,5.031290365611347,5.067356963214245,4.670624389581813,5.373923042839359,5.680489122464366,5.5181894332510995,5.5181894332511545,5.680489122464366,5.373923042839413,4.670624389581813,5.067356963214245,5.031290365611296,5.211623353626038,5.121456859618668,4.760790883589184,4.255858517147907,4.346025011155365,3.4984599674859913,3.227960485463943,3.209927186662404,3.2640270830668263,2.831227911831446,2.614828326213756,2.4705619358019626,1.9115296729562634,1.8033298801474182,1.496763800522387,1.2623309161031926,1.334464111309116,1.20823101969877,0.8655983424707607,0.793465147264864,0.6131321592501222,0.45083247003685456,0.4147658724339061,0.5049323664412771,0.1803329880147454,0.23443288441916435,0.234432884419169,0.21639958561769018,0.10819979280884509,0.10819979280884509,0.0901664940073709,0.01803329880147418,0.01803329880147418,0.018033298801474543,0.036066597602947635,0.018033298801474903,0.0,0.03606659760294836,0.0,0.01803329880147418,0.0,0.0,0.0,0.01803329880147418,0.5,0.07038790128467798
1,expected,0.25,False,False,100,100,normal,0.4,2.0,2.0,0.75,0.2,0.22202570465900032,0.2275851905658203,0.2331446764726403,0.2387041623794603,0.2442636482862803,0.2498231341931003,0.2553826200999203,0.2609421060067403,0.26650159191356027,0.27206107782038025,0.27762056372720023,0.28318004963402027,0.28873953554084025,0.29429902144766024,0.2998585073544802,0.30541799326130026,0.31097747916812024,0.3165369650749402,0.3220964509817602,0.3276559368885802,0.3332154227954002,0.3387749087022202,0.3443343946090402,0.3498938805158602,0.3554533664226802,0.3610128523295002,0.3665723382363202,0.37213182414314017,0.37769131004996015,0.38325079595678013,0.3888102818636001,0.39436976777042015,0.39992925367724014,0.4054887395840601,0.41104822549088016,0.41660771139770014,0.4221671973045201,0.4277266832113401,0.4332861691181601,0.4388456550249801,0.44440514093180006,0.4499646268386201,0.4555241127454401,0.46108359865226006,0.4666430845590801,0.4722025704659001,0.47776205637272007,0.48332154227954005,0.48888102818636003,0.49444051409318,0.5,0.50555948590682,0.5111189718136401,0.5166784577204601,0.52223794362728,0.5277974295341,0.53335691544092,0.53891640134774,0.54447588725456,0.55003537316138,0.5555948590681999,0.5611543449750199,0.56671383088184,0.57227331678866,0.57783280269548,0.5833922886023,0.58895177450912,0.5945112604159399,0.6000707463227599,0.6056302322295799,0.6111897181363999,0.6167492040432199,0.62230868995004,0.62786817585686,0.6334276617636799,0.6389871476704999,0.6445466335773199,0.6501061194841399,0.6556656053909599,0.6612250912977798,0.6667845772045998,0.6723440631114198,0.6779035490182399,0.6834630349250599,0.6890225208318799,0.6945820067386999,0.7001414926455198,0.7057009785523398,0.7112604644591598,0.7168199503659798,0.7223794362727998,0.7279389221796198,0.7334984080864397,0.7390578939932597,0.7446173799000798,0.7501768658068998,0.7557363517137198,0.7612958376205398,0.7668553235273597,0.7724148094341797,0.7779742953409997,0.0179872746646101,0.0,0.0,0.017987274664610014,0.0,0.0,0.0,0.05396182399383031,0.05396182399383031,0.1438981973168808,0.07194909865843968,0.0719490986584404,0.0899363733230505,0.19786002131071112,0.12591092265226947,0.19786002131071112,0.23383457063993132,0.21584729597532124,0.32377094396298184,0.2877963946337616,0.5576055146029076,0.539618239938303,0.5935800639321334,0.5036436906090779,1.0072873812181657,1.061249205211996,1.1152110292058264,1.0252746558827757,1.8347020157902305,1.600867445150299,1.9246383891132617,2.0685365864301617,2.3743202557285334,2.985887594325247,2.4282820797223637,3.093811242312938,3.201734890300598,3.2556967142944284,3.777327679568122,3.687391306245071,4.1730477221895015,4.766627786121677,4.496818666152526,4.7126659621278,5.5041060473706915,4.604742314140186,4.8026023354508975,5.30624602605998,5.216309652736929,5.612029695358351,5.612029695358351,5.216309652736825,5.30624602605998,4.8026023354508975,4.604742314140186,5.5041060473706915,4.712665962127846,4.496818666152526,4.766627786121677,4.173047722189544,3.687391306245071,3.777327679568046,3.2556967142944284,3.201734890300598,3.093811242312938,2.4282820797223637,2.985887594325277,2.3743202557285334,2.0685365864301617,1.924638389113281,1.600867445150299,1.8347020157901939,1.0252746558827757,1.1152110292058264,1.061249205211996,1.0072873812181657,0.5036436906090829,0.5935800639321334,0.539618239938303,0.5576055146029132,0.2877963946337616,0.3237709439629754,0.21584729597532124,0.23383457063993132,0.19786002131071112,0.12591092265227072,0.19786002131071112,0.0899363733230505,0.0719490986584404,0.0719490986584404,0.1438981973168808,0.05396182399383031,0.05396182399383031,0.0,0.0,0.0,0.0179872746646101,0.0,0.0,0.0179872746646101,0.5,0.07416780211766964
1,expected,0.25,False,False,100,100,normal,0.4,2.0,2.0,0.75,0.3,0.21497782041199492,0.22067826400375504,0.22637870759551512,0.23207915118727523,0.23777959477903532,0.24348003837079543,0.24918048196255554,0.25488092555431563,0.2605813691460757,0.2662818127378358,0.27198225632959594,0.277682699921356,0.2833831435131161,0.28908358710487625,0.29478403069663633,0.3004844742883964,0.30618491788015656,0.31188536147191664,0.31758580506367673,0.3232862486554368,0.3289866922471969,0.33468713583895704,0.3403875794307171,0.3460880230224772,0.35178846661423735,0.35748891020599743,0.3631893537977575,0.36888979738951766,0.37459024098127774,0.38029068457303783,0.38599112816479797,0.391691571756558,0.39739201534831814,0.4030924589400783,0.4087929025318383,0.41449334612359845,0.42019378971535853,0.4258942333071186,0.43159467689887876,0.43729512049063884,0.44299556408239893,0.44869600767415907,0.45439645126591915,0.46009689485767924,0.4657973384494393,0.47149778204119946,0.47719822563295955,0.48289866922471963,0.4885991128164798,0.49429955640823986,0.49999999999999994,0.50570044359176,0.5114008871835202,0.5171013307752803,0.5228017743670403,0.5285022179588004,0.5342026615505606,0.5399031051423206,0.5456035487340807,0.5513039923258409,0.557004435917601,0.562704879509361,0.5684053231011211,0.5741057666928813,0.5798062102846413,0.5855066538764014,0.5912070974681616,0.5969075410599216,0.6026079846516817,0.6083084282434419,0.6140088718352019,0.6197093154269621,0.6254097590187222,0.6311102026104822,0.6368106462022424,0.6425110897940025,0.6482115333857625,0.6539119769775227,0.6596124205692828,0.6653128641610428,0.6710133077528029,0.6767137513445631,0.6824141949363232,0.6881146385280832,0.6938150821198434,0.6995155257116035,0.7052159693033635,0.7109164128951236,0.7166168564868838,0.7223173000786438,0.7280177436704041,0.7337181872621641,0.7394186308539241,0.7451190744456844,0.7508195180374444,0.7565199616292044,0.7622204052209647,0.7679208488127247,0.7736212924044847,0.7793217359962448,0.785022179588005,0.035084988875093225,0.0,0.035084988875093225,0.017542494437546696,0.017542494437546612,0.0,0.017542494437546696,0.0,0.017542494437546696,0.03508498887509305,0.07016997775018678,0.07016997775018678,0.0701699777501861,0.17542494437546696,0.2105099332505604,0.22805242768810485,0.17542494437546696,0.28067991100074713,0.31576489987584055,0.3859348776260273,0.4561048553762097,0.3508498887509339,0.6841572830643212,0.6841572830643144,0.8946672163148814,0.9648371940650683,1.1227196440029776,1.491112027191469,1.5261970160665626,1.5086545216290013,1.9296743881301555,1.9472168825676643,1.8770469048174783,2.3506942546312803,2.5085767045691534,2.876969087757658,2.876969087757658,3.561126370821945,3.754093809634993,3.789178798510086,4.596133542637189,4.2452836538863,4.613676037074781,4.2452836538863,4.9820684202632135,4.999610914700809,5.210120847951369,5.2276633423888645,5.0697808924509955,5.210120847951369,5.210120847951369,5.069780892450946,5.2276633423888645,5.210120847951419,4.999610914700858,4.982068420263117,4.245283653886342,4.613676037074827,4.245283653886177,4.596133542637279,3.7891787985101235,3.7540938096349565,3.561126370821945,2.876969087757686,2.87696908775763,2.5085767045691534,2.3506942546312803,1.8770469048174783,1.9472168825676643,1.9296743881301555,1.5086545216290013,1.526197016066548,1.4911120271914837,1.1227196440029776,0.964837194065059,0.8946672163148902,0.6841572830643144,0.6841572830643144,0.35084988875093737,0.45610485537621853,0.385934877626016,0.3157648998758436,0.28067991100074985,0.17542494437546183,0.22805242768810927,0.21050993325056241,0.17542494437546524,0.0701699777501861,0.07016997775018746,0.07016997775018474,0.03508498887509373,0.017542494437546866,0.0,0.017542494437546866,0.0,0.017542494437546186,0.017542494437546866,0.03508498887509373,0.0,0.03508498887509237,0.5,0.07575874706270051
1,expected,0.25,False,False,100,100,normal,0.4,2.0,2.0,0.75,0.4,0.14609623894378565,0.15317431416490992,0.16025238938603423,0.1673304646071585,0.1744085398282828,0.18148661504940708,0.18856469027053135,0.19564276549165566,0.20272084071277996,0.20979891593390423,0.2168769911550285,0.2239550663761528,0.2310331415972771,0.23811121681840136,0.24518929203952566,0.25226736726064997,0.25934544248177427,0.2664235177028985,0.2735015929240228,0.2805796681451471,0.28765774336627137,0.29473581858739567,0.30181389380852,0.3088919690296442,0.3159700442507685,0.3230481194718928,0.33012619469301707,0.33720426991414143,0.3442823451352657,0.35136042035639,0.3584384955775143,0.36551657079863853,0.37259464601976283,0.37967272124088713,0.3867507964620114,0.3938288716831357,0.40090694690426,0.4079850221253843,0.41506309734650854,0.42214117256763284,0.42921924778875714,0.4362973230098814,0.4433753982310057,0.45045347345213,0.4575315486732543,0.46460962389437854,0.47168769911550285,0.47876577433662715,0.4858438495577514,0.4929219247788757,0.5,0.5070780752211244,0.5141561504422485,0.5212342256633729,0.5283123008844972,0.5353903761056215,0.5424684513267457,0.5495465265478701,0.5566246017689943,0.5637026769901186,0.5707807522112429,0.5778588274323672,0.5849369026534914,0.5920149778746158,0.59909305309574,0.6061711283168643,0.6132492035379886,0.6203272787591129,0.6274053539802371,0.6344834292013615,0.6415615044224857,0.6486395796436101,0.6557176548647343,0.6627957300858586,0.6698738053069829,0.6769518805281072,0.6840299557492314,0.6911080309703558,0.69818610619148,0.7052641814126043,0.7123422566337286,0.7194203318548529,0.7264984070759771,0.7335764822971015,0.7406545575182257,0.7477326327393501,0.7548107079604743,0.7618887831815986,0.7689668584027229,0.7760449336238472,0.7831230088449714,0.7902010840660958,0.79727915928722,0.8043572345083443,0.8114353097294686,0.8185133849505929,0.8255914601717171,0.8326695353928415,0.8397476106139657,0.8468256858350901,0.8539037610562143,0.014128134680110972,0.0,0.0,0.0,0.0,0.0,0.0,0.0,0.0,0.0,0.0,0.028256269360221943,0.014128134680110972,0.0,0.04238440404033275,0.02825626936022183,0.08476880808066616,0.09889694276077642,0.169537616161331,0.12715321212099925,0.15540948148122008,0.2543064242419965,0.24017828956188747,0.2684345589221074,0.42384404040332746,0.4521003097635528,0.2966908282823269,0.579253521884552,1.0454819663282078,1.017225696967986,1.045481966328216,1.313916525250315,1.356300929290648,1.7660168350138785,2.1333483366967485,2.232245279457525,2.514807973059743,2.9103957441028716,2.8821394747426266,3.3059835151459542,3.4613929966272017,3.6591868821487274,3.8428526329901693,4.125415326592387,4.210184134673086,4.506874962955382,5.298050505041593,4.591643771036083,5.185025427600706,4.958975272718932,4.9589752727188925,5.185025427600828,4.591643771036011,5.2980505050415525,4.5068749629554175,4.210184134673086,4.125415326592355,3.8428526329901995,3.659186882148756,3.4613929966271475,3.3059835151459804,2.882139474742649,2.910395744102826,2.514807973059763,2.2322452794575423,2.1333483366967316,1.7660168350138785,1.3563009292906585,1.313916525250305,1.045481966328216,1.017225696967978,1.045481966328216,0.579253521884552,0.2966908282823269,0.4521003097635528,0.42384404040333085,0.2684345589221053,0.24017828956188747,0.2543064242419985,0.15540948148121886,0.12715321212099925,0.1695376161613323,0.09889694276077564,0.08476880808066616,0.02825626936022161,0.04238440404033308,0.0,0.014128134680110805,0.02825626936022205,0.0,0.0,0.0,0.0,0.0,0.0,0.0,0.0,0.0,0.0,0.014128134680111025,0.5,0.07977721753123239
1,expected,0.25,False,False,100,100,normal,0.4,2.0,2.0,1.0,0.1,0.26223275451361255,0.2669880994233403,0.2717434443330681,0.2764987892427958,0.28125413415252354,0.2860094790622513,0.29076482397197906,0.2955201688817068,0.3002755137914346,0.3050308587011623,0.30978620361089004,0.3145415485206178,0.31929689343034556,0.3240522383400733,0.3288075832498011,0.3335629281595288,0.33831827306925655,0.3430736179789843,0.347828962888712,0.3525843077984398,0.35733965270816753,0.3620949976178953,0.36685034252762305,0.3716056874373508,0.3763610323470785,0.3811163772568063,0.38587172216653404,0.3906270670762618,0.39538241198598956,0.4001377568957173,0.404893101805445,0.40964844671517275,0.41440379162490054,0.41915913653462833,0.42391448144435606,0.4286698263540838,0.4334251712638115,0.43818051617353926,0.44293586108326705,0.4476912059929948,0.45244655090272257,0.4572018958124503,0.46195724072217803,0.46671258563190576,0.47146793054163355,0.4762232754513613,0.48097862036108907,0.4857339652708168,0.49048931018054454,0.49524465509027227,0.5,0.5047553449097277,0.5095106898194555,0.5142660347291833,0.519021379638911,0.5237767245486388,0.5285320694583666,0.5332874143680943,0.5380427592778221,0.5427981041875498,0.5475534490972775,0.5523087940070053,0.557064138916733,0.5618194838264607,0.5665748287361885,0.5713301736459162,0.576085518555644,0.5808408634653718,0.5855962083750995,0.5903515532848274,0.5951068981945551,0.5998622431042828,0.6046175880140106,0.6093729329237383,0.614128277833466,0.6188836227431938,0.6236389676529215,0.6283943125626492,0.633149657472377,0.6379050023821048,0.6426603472918325,0.6474156922015603,0.6521710371112881,0.6569263820210158,0.6616817269307436,0.6664370718404713,0.671192416750199,0.6759477616599268,0.6807031065696545,0.6854584514793822,0.69021379638911,0.6949691412988377,0.6997244862085655,0.7044798311182933,0.709235176028021,0.7139905209377488,0.7187458658474766,0.7235012107572043,0.728256555666932,0.7330119005766598,0.7377672454863875,0.06308690656408696,0.0,0.0,0.021028968854695653,0.0,0.021028968854695653,0.021028968854695653,0.06308690656408622,0.06308690656408696,0.10514484427347827,0.10514484427347827,0.06308690656408622,0.21028968854695654,0.14720278198286788,0.23131865740165222,0.14720278198286957,0.35749247052982613,0.4836662836580001,0.5257242213673853,0.39955040823921745,0.4836662836579944,0.8201297853331305,0.7991008164784349,0.7360139099143479,1.2617381312817246,1.2407091624270434,1.2196801935723336,1.6192306018115654,1.8295202903585221,1.7874623526491304,2.355244511725913,2.2921576051617993,2.923026670802662,2.7547949199651307,3.175374297059044,3.9744751135374785,3.5328667675888696,4.205793770939082,4.2268227397938265,4.752546961161163,4.689460054597132,5.0679814939816525,5.089010462836349,5.67782159076776,5.320329120238001,5.782966435041237,6.0773719990070445,6.455893438391565,5.95119818587887,6.014285092442957,6.014285092442957,5.95119818587887,6.455893438391415,6.0773719990070445,5.782966435041304,5.320329120237877,5.677821590767827,5.089010462836349,5.0679814939816525,4.689460054597132,4.752546961161218,4.2268227397938265,4.20579377093913,3.5328667675888696,3.9744751135374785,3.1753742970589696,2.7547949199651307,2.923026670802696,2.2921576051617727,2.355244511725913,1.7874623526491304,1.8295202903585221,1.6192306018115654,1.2196801935723478,1.2407091624270434,1.2617381312817393,0.7360139099143479,0.7991008164784349,0.8201297853331114,0.4836662836580001,0.39955040823921745,0.5257242213673791,0.4836662836580001,0.35749247052982613,0.14720278198286957,0.23131865740165222,0.14720278198286957,0.21028968854695654,0.06308690656408696,0.10514484427347827,0.10514484427347827,0.0630869065640855,0.06308690656408696,0.021028968854695653,0.021028968854695164,0.0,0.021028968854695653,0.0,0.0,0.06308690656408696,0.5,0.064873733762379
1,expected,0.25,False,False,100,100,normal,0.4,2.0,2.0,1.0,0.2,0.2488016541488402,0.25382562106586337,0.2588495879828866,0.26387355489990977,0.268897521816933,0.27392148873395616,0.2789454556509794,0.28396942256800256,0.2889933894850258,0.29401735640204896,0.2990413233190722,0.30406529023609535,0.3090892571531186,0.31411322407014175,0.319137190987165,0.32416115790418815,0.3291851248212114,0.33420909173823454,0.33923305865525777,0.34425702557228094,0.34928099248930417,0.35430495940632734,0.35932892632335056,0.36435289324037373,0.3693768601573969,0.37440082707442013,0.37942479399144335,0.3844487609084665,0.3894727278254897,0.3944966947425129,0.39952066165953615,0.4045446285765593,0.4095685954935825,0.4145925624106057,0.41961652932762894,0.4246404962446521,0.4296644631616753,0.4346884300786985,0.43971239699572173,0.4447363639127449,0.4497603308297681,0.4547842977467913,0.4598082646638145,0.4648322315808377,0.46985619849786087,0.4748801654148841,0.4799041323319073,0.4849280992489305,0.48995206616595366,0.4949760330829769,0.5,0.5050239669170233,0.5100479338340465,0.5150719007510697,0.5200958676680929,0.525119834585116,0.5301438015021392,0.5351677684191625,0.5401917353361856,0.5452157022532089,0.550239669170232,0.5552636360872553,0.5602876030042785,0.5653115699213016,0.5703355368383248,0.5753595037553481,0.5803834706723712,0.5854074375893944,0.5904314045064176,0.5954553714234407,0.6004793383404641,0.6055033052574872,0.6105272721745104,0.6155512390915336,0.6205752060085568,0.62559917292558,0.6306231398426032,0.6356471067596263,0.6406710736766497,0.6456950405936728,0.650719007510696,0.6557429744277192,0.6607669413447423,0.6657909082617656,0.6708148751787888,0.6758388420958119,0.6808628090128352,0.6858867759298584,0.6909107428468816,0.6959347097639048,0.7009586766809279,0.7059826435979512,0.7110066105149744,0.7160305774319975,0.7210545443490208,0.726078511266044,0.7311024781830671,0.7361264451000904,0.7411504120171135,0.7461743789341367,0.7511983458511599,0.019904589670198817,0.0,0.0,0.0199045896701986,0.019904589670198817,0.0398091793403972,0.059713769010596454,0.0398091793403972,0.019904589670198817,0.0199045896701986,0.039809179340397634,0.059713769010595795,0.17914130703178938,0.11942753802119159,0.218950486372187,0.19904589670198597,0.13933212769139172,0.11942753802119159,0.35828261406357875,0.41799638307417053,0.7364698177973562,0.6767560487867523,0.47771015208477163,0.7563744074675551,0.9554203041695327,0.9952294835099299,1.3734166872437186,1.313702918233122,1.6122717632860863,2.109886505041051,2.1297910947112735,2.070077325700677,2.687119605476811,3.0852113988807823,3.0254976298702205,3.264352705912606,3.602730730305946,3.6425399096463438,4.140154651401354,4.956242827879506,4.000822523709918,4.777101520847664,4.777101520847716,5.812140183698055,5.792235594027792,5.593189697325806,5.772331004357658,5.6927126456768615,5.732521825017196,5.871853952708716,5.871853952708457,5.732521825017323,5.692712645676799,5.772331004357594,5.593189697325929,5.792235594027792,5.8121401836979905,4.777101520847769,4.777101520847558,4.000822523710006,4.956242827879451,4.140154651401309,3.6425399096464237,3.602730730305946,3.26435270591257,3.025497629870254,3.0852113988807823,2.687119605476811,2.0700773257007,2.129791094711203,2.1098865050410978,1.6122717632860863,1.3137029182331075,1.3734166872437337,0.9952294835099299,0.9554203041695327,0.7563744074675635,0.4777101520847558,0.6767560487867673,0.7364698177973481,0.41799638307417053,0.3582826140635827,0.11942753802119159,0.13933212769139017,0.19904589670199038,0.21895048637217973,0.11942753802119423,0.17914130703178738,0.059713769010595795,0.03980917934039808,0.0199045896701986,0.0199045896701986,0.03980917934039808,0.05971376901059448,0.03980917934039808,0.01990458967019904,0.019904589670198158,0.0,0.0,0.01990458967019904,0.5,0.06652287452365478
1,expected,0.25,False,False,100,100,normal,0.4,2.0,2.0,1.0,0.3,0.2347195631078097,0.2400251718456535,0.2453307805834973,0.25063638932134114,0.25594199805918494,0.26124760679702874,0.26655321553487255,0.27185882427271635,0.27716443301056015,0.28247004174840395,0.28777565048624776,0.29308125922409156,0.29838686796193536,0.30369247669977917,0.30899808543762297,0.3143036941754668,0.3196093029133106,0.3249149116511544,0.3302205203889982,0.335526129126842,0.3408317378646858,0.3461373466025296,0.3514429553403734,0.3567485640782172,0.362054172816061,0.3673597815539048,0.3726653902917486,0.37797099902959247,0.3832766077674363,0.3885822165052801,0.3938878252431239,0.3991934339809677,0.4044990427188115,0.4098046514566553,0.4151102601944991,0.4204158689323429,0.4257214776701867,0.4310270864080305,0.43633269514587436,0.44163830388371816,0.44694391262156197,0.45224952135940577,0.4575551300972496,0.4628607388350934,0.4681663475729372,0.473471956310781,0.4787775650486248,0.4840831737864686,0.4893887825243124,0.4946943912621562,0.5,0.5053056087378438,0.5106112174756876,0.5159168262135314,0.5212224349513752,0.526528043689219,0.5318336524270628,0.5371392611649066,0.5424448699027504,0.5477504786405942,0.553056087378438,0.5583616961162818,0.5636673048541256,0.5689729135919694,0.5742785223298132,0.579584131067657,0.5848897398055009,0.5901953485433447,0.5955009572811885,0.6008065660190323,0.6061121747568761,0.6114177834947199,0.6167233922325637,0.6220290009704075,0.6273346097082513,0.6326402184460952,0.637945827183939,0.6432514359217828,0.6485570446596266,0.6538626533974704,0.6591682621353142,0.664473870873158,0.6697794796110018,0.6750850883488456,0.6803906970866894,0.6856963058245332,0.691001914562377,0.6963075233002208,0.7016131320380646,0.7069187407759084,0.7122243495137522,0.717529958251596,0.7228355669894398,0.7281411757272837,0.7334467844651275,0.7387523932029713,0.7440580019408151,0.7493636106786589,0.7546692194165027,0.7599748281543465,0.7652804368921903,0.018847978609263214,0.0,0.0,0.0,0.0,0.018847978609263214,0.0,0.018847978609263214,0.05654393582778964,0.05654393582778964,0.07539191443705286,0.05654393582778964,0.09423989304631607,0.07539191443705286,0.1319358502648425,0.18847978609263213,0.22617574331115856,0.22617574331115856,0.20732776470189532,0.3204156363574746,0.39580755079452745,0.4523514866223171,0.6031353154964229,0.5088954224501068,0.5842873368871596,0.9235509518538975,1.2816625454298851,1.2062706309928457,1.5455342459595836,1.847101903707795,1.7340140320522157,1.7340140320522157,2.280605411720849,2.7518048769524293,2.657564983906113,3.3737881710581155,3.2418523207932726,3.9580755079452334,3.976923486554538,4.10885933681938,4.466970930395382,4.335035080130539,4.523514866223171,5.22089007476591,5.239738053375174,6.182136983838334,6.182136983838334,5.7297854972160165,5.315129967812226,6.106745069401281,6.106745069401281,5.315129967812226,5.7297854972160165,6.182136983838334,6.182136983838334,5.239738053375174,5.22089007476591,4.523514866223171,4.335035080130539,4.466970930395382,4.10885933681938,3.976923486554538,3.9580755079452747,3.2418523207932726,3.3737881710581155,2.657564983906113,2.7518048769524293,2.280605411720849,1.7340140320522157,1.7340140320522157,1.847101903707795,1.5455342459595836,1.2062706309928457,1.2816625454298984,0.9235509518538781,0.5842873368871596,0.5088954224501068,0.6031353154964229,0.4523514866223171,0.39580755079452745,0.3204156363574746,0.20732776470189532,0.22617574331115856,0.22617574331115856,0.18847978609263213,0.1319358502648425,0.07539191443705286,0.09423989304631607,0.05654393582778964,0.07539191443705286,0.05654393582778964,0.05654393582778964,0.018847978609263214,0.0,0.018847978609263214,0.0,0.0,0.0,0.0,0.018847978609263214,0.5,0.06746133203239507
1,expected,0.25,False,False,100,100,normal,0.4,2.0,2.0,1.0,0.4,0.24882396876592755,0.25384748939060897,0.25887101001529045,0.26389453063997187,0.26891805126465335,0.27394157188933477,0.27896509251401624,0.28398861313869767,0.28901213376337914,0.29403565438806056,0.29905917501274204,0.30408269563742346,0.30910621626210494,0.31412973688678636,0.31915325751146784,0.32417677813614926,0.32920029876083073,0.33422381938551216,0.33924734001019363,0.34427086063487505,0.34929438125955653,0.35431790188423795,0.35934142250891943,0.36436494313360085,0.36938846375828227,0.37441198438296375,0.3794355050076452,0.38445902563232665,0.38948254625700807,0.39450606688168954,0.399529587506371,0.40455310813105244,0.40957662875573386,0.41460014938041534,0.4196236700050968,0.42464719062977824,0.42967071125445966,0.43469423187914114,0.4397177525038226,0.44474127312850403,0.44976479375318545,0.45478831437786693,0.4598118350025484,0.46483535562722983,0.46985887625191125,0.4748823968765927,0.4799059175012742,0.4849294381259556,0.48995295875063705,0.4949764793753185,0.49999999999999994,0.5050235206246814,0.5100470412493628,0.5150705618740443,0.5200940824987257,0.5251176031234073,0.5301411237480886,0.5351646443727701,0.5401881649974516,0.545211685622133,0.5502352062468144,0.5552587268714959,0.5602822474961773,0.5653057681208589,0.5703292887455402,0.5753528093702216,0.5803763299949032,0.5853998506195845,0.590423371244266,0.5954468918689475,0.6004704124936289,0.6054939331183103,0.6105174537429918,0.6155409743676732,0.6205644949923548,0.6255880156170361,0.6306115362417176,0.6356350568663991,0.6406585774910805,0.6456820981157619,0.6507056187404434,0.6557291393651248,0.6607526599898064,0.6657761806144877,0.6707997012391692,0.6758232218638507,0.680846742488532,0.6858702631132135,0.690893783737895,0.6959173043625764,0.700940824987258,0.7059643456119393,0.7109878662366208,0.7160113868613023,0.7210349074859836,0.7260584281106651,0.7310819487353466,0.736105469360028,0.7411289899847094,0.7461525106093909,0.7511760312340724,0.019906358004918464,0.0,0.0,0.0,0.0,0.05971907401475472,0.03981271600983693,0.039812716009836484,0.03981271600983693,0.11943814802950944,0.1592508640393477,0.15925086403934594,0.13934450603442924,0.1990635800491824,0.1592508640393477,0.1990635800491824,0.3185017280786954,0.3981271600983648,0.3185017280786954,0.3981271600983648,0.7166288881770646,0.7962543201967296,0.7365352461819831,1.0550369742606784,1.1147560482754215,1.393445060344277,1.1744751222901892,1.5327895663787217,1.6920404304180505,2.070261232511497,2.1697930225361124,2.488294750614808,2.6873583306639626,3.105391848767246,3.1651109227820355,3.8817398109591,3.62295715689512,3.6627698729049567,4.1405224650230394,4.558555983126328,4.578462341131195,4.837244995195133,4.538649625121409,4.956683143224697,5.09602764925907,5.6135929573869445,5.314997587313229,5.115934007264045,5.514061167362352,5.434435735342739,5.434435735342739,5.514061167362352,5.115934007263989,5.314997587313288,5.61359295738682,5.096027649259183,4.956683143224642,4.538649625121359,4.837244995195239,4.578462341131195,4.558555983126277,4.140522465023086,3.6627698729048754,3.6229571568952,3.881739810959143,3.1651109227819303,3.1053918487673142,2.6873583306639626,2.48829475061478,2.1697930225361364,2.070261232511497,1.6920404304180505,1.5327895663787385,1.1744751222901504,1.3934450603443078,1.1147560482754215,1.055036974260667,0.7365352461819912,0.7962543201967296,0.7166288881770567,0.3981271600983736,0.3185017280786848,0.3981271600983736,0.31850172807869187,0.1990635800491824,0.15925086403934946,0.1990635800491824,0.1393445060344277,0.15925086403934946,0.1592508640393424,0.11943814802951208,0.039812716009836484,0.039812716009836484,0.039812716009837365,0.05971907401475472,0.0,0.0,0.0,0.0,0.019906358004918242,0.5,0.07021761880427294
1,expected,0.25,False,False,100,100,normal,0.4,2.0,2.0,1.25,0.1,0.27955964008875256,0.2839684472869775,0.28837725448520246,0.2927860616834274,0.29719486888165236,0.3016036760798773,0.30601248327810227,0.3104212904763272,0.31483009767455217,0.3192389048727771,0.32364771207100207,0.32805651926922696,0.33246532646745197,0.33687413366567687,0.3412829408639018,0.34569174806212677,0.3501005552603517,0.35450936245857667,0.3589181696568016,0.3633269768550266,0.3677357840532515,0.3721445912514765,0.3765533984497014,0.3809622056479264,0.38537101284615133,0.3897798200443763,0.39418862724260123,0.3985974344408262,0.40300624163905113,0.4074150488372761,0.411823856035501,0.416232663233726,0.4206414704319509,0.4250502776301759,0.4294590848284008,0.4338678920266258,0.4382766992248507,0.4426855064230757,0.4470943136213006,0.45150312081952554,0.4559119280177505,0.46032073521597544,0.4647295424142004,0.46913834961242534,0.4735471568106503,0.47795596400887524,0.4823647712071002,0.48677357840532515,0.4911823856035501,0.495591192801775,0.5,0.5044088071982249,0.5088176143964499,0.5132264215946748,0.5176352287928998,0.5220440359911247,0.5264528431893497,0.5308616503875746,0.5352704575857996,0.5396792647840245,0.5440880719822494,0.5484968791804744,0.5529056863786994,0.5573144935769243,0.5617233007751492,0.5661321079733742,0.5705409151715992,0.5749497223698241,0.579358529568049,0.583767336766274,0.588176143964499,0.5925849511627239,0.5969937583609488,0.6014025655591738,0.6058113727573988,0.6102201799556237,0.6146289871538486,0.6190377943520735,0.6234466015502985,0.6278554087485235,0.6322642159467484,0.6366730231449733,0.6410818303431983,0.6454906375414233,0.6498994447396482,0.6543082519378731,0.6587170591360981,0.6631258663343231,0.667534673532548,0.6719434807307729,0.6763522879289979,0.6807610951272229,0.6851699023254478,0.6895787095236727,0.6939875167218977,0.6983963239201227,0.7028051311183476,0.7072139383165725,0.7116227455147974,0.7160315527130224,0.7204403599112474,0.0453637437537579,0.0,0.0,0.02268187187687895,0.02268187187687895,0.0453637437537579,0.0453637437537579,0.02268187187687895,0.0453637437537579,0.0907274875075158,0.04536374375375847,0.13609123126127198,0.09072748750751694,0.15877310313815265,0.24950059064566846,0.2268187187687895,0.1360912312612737,0.5670467969219738,0.3855918219069422,0.453637437537579,0.907274875075158,0.7485017719370054,0.7485017719370054,1.0206842344595528,1.1567754657208265,1.383594184489616,1.4289579282433738,1.9960047251653477,1.7011403907659213,1.927959109534735,2.2228234439341095,2.563051522087354,3.0166889596248625,2.835233984609905,3.5610538846699504,4.037373194084505,3.878600090946252,3.9693275784538664,4.513692503498912,4.717829350390821,5.534376737958464,5.239512403559038,6.1467872786341955,6.237514766141712,6.577742844294896,6.464333484910501,6.101423534880438,6.033377919249801,6.781879691186893,7.167471513093659,7.167471513093839,6.78187969118672,6.033377919249877,6.101423534880361,6.464333484910583,6.577742844294813,6.23751476614179,6.146787278634118,5.239512403559103,5.534376737958534,4.717829350390763,4.513692503498855,3.9693275784538664,3.8786000909463496,4.037373194084402,3.5610538846699504,2.835233984609905,3.0166889596249384,2.563051522087289,2.2228234439341095,1.927959109534735,1.7011403907659428,1.9960047251653223,1.4289579282433558,1.3835941844896336,1.1567754657208411,1.0206842344595657,0.748501771936996,0.748501771936996,0.9072748750751695,0.45363743753758473,0.3855918219069373,0.5670467969219666,0.13609123126127542,0.22681871876879237,0.2495005906456653,0.15877310313815066,0.09072748750751694,0.13609123126127542,0.04536374375375733,0.09072748750751466,0.04536374375375847,0.022681871876879235,0.04536374375375733,0.04536374375375733,0.022681871876879235,0.022681871876879235,0.0,0.0,0.04536374375375733,0.5,0.05939159183354447
1,expected,0.25,False,False,100,100,normal,0.4,2.0,2.0,1.25,0.2,0.26623525945883497,0.27091055426965827,0.27558584908048156,0.28026114389130485,0.28493643870212815,0.2896117335129515,0.2942870283237748,0.2989623231345981,0.3036376179454214,0.3083129127562447,0.31298820756706797,0.31766350237789126,0.3223387971887146,0.3270140919995379,0.3316893868103612,0.3363646816211845,0.3410399764320078,0.3457152712428311,0.3503905660536544,0.35506586086447767,0.35974115567530096,0.36441645048612425,0.3690917452969476,0.3737670401077709,0.3784423349185942,0.3831176297294175,0.3877929245402408,0.39246821935106413,0.3971435141618874,0.4018188089727107,0.406494103783534,0.4111693985943573,0.4158446934051806,0.4205199882160039,0.4251952830268272,0.4298705778376505,0.4345458726484738,0.43922116745929707,0.4438964622701204,0.4485717570809437,0.453247051891767,0.4579223467025903,0.4625976415134136,0.46727293632423694,0.47194823113506024,0.47662352594588353,0.4812988207567068,0.4859741155675301,0.4906494103783534,0.4953247051891767,0.5,0.5046752948108233,0.5093505896216466,0.5140258844324699,0.5187011792432932,0.5233764740541165,0.5280517688649398,0.5327270636757631,0.5374023584865864,0.5420776532974096,0.546752948108233,0.5514282429190563,0.5561035377298796,0.5607788325407029,0.5654541273515262,0.5701294221623495,0.5748047169731728,0.5794800117839961,0.5841553065948194,0.5888306014056428,0.5935058962164661,0.5981811910272894,0.6028564858381127,0.607531780648936,0.6122070754597593,0.6168823702705826,0.6215576650814059,0.6262329598922292,0.6309082547030525,0.6355835495138757,0.640258844324699,0.6449341391355223,0.6496094339463456,0.6542847287571689,0.6589600235679922,0.6636353183788155,0.6683106131896388,0.6729859080004621,0.6776612028112854,0.6823364976221087,0.687011792432932,0.6916870872437553,0.6963623820545787,0.701037676865402,0.7057129716762253,0.7103882664870486,0.7150635612978719,0.7197388561086951,0.7244141509195184,0.7290894457303417,0.733764740541165,0.021389025515246716,0.0,0.0,0.021389025515246716,0.0,0.0,0.021389025515246716,0.06416707654574015,0.0,0.04277805103049343,0.08555610206098686,0.10694512757623231,0.17111220412197373,0.06416707654574015,0.08555610206098686,0.2566683061829606,0.2566683061829606,0.21389025515246718,0.2566683061829606,0.5988927144269081,0.5988927144269081,0.6202817399421474,0.7058378420031416,0.7272268675183884,1.1336183523080758,1.2833415309148029,1.155007377823309,1.6469549646739972,1.6897330157044903,1.6255659391587505,1.9250122963722045,2.1175135260094247,2.780573316982073,3.0372416231650337,3.4864111589852147,3.422244082439475,4.128081924442616,4.192249000988306,4.55586243474755,5.026420996082978,5.176144174689705,5.005031970567732,5.4542015063878475,5.625313710509886,5.967538118753834,6.673375960756975,5.881982016692847,6.545041807665495,6.545041807665495,5.946149093238587,5.946149093238587,6.545041807665495,6.545041807665495,5.881982016692847,6.673375960756975,5.967538118753834,5.625313710509886,5.454201506387912,5.005031970567732,5.176144174689582,5.026420996082978,4.55586243474755,4.192249000988356,4.128081924442616,3.422244082439475,3.4864111589852147,3.0372416231650337,2.780573316982073,2.1175135260093745,1.9250122963722045,1.6255659391587505,1.6897330157044903,1.6469549646739972,1.1550073778233227,1.2833415309148029,1.1336183523080758,0.7272268675183884,0.7058378420031416,0.6202817399421547,0.5988927144269081,0.5988927144269081,0.2566683061829606,0.21389025515246718,0.2566683061829606,0.2566683061829606,0.08555610206098686,0.06416707654574015,0.17111220412197373,0.10694512757623359,0.08555610206098686,0.04277805103049343,0.0,0.06416707654574015,0.021389025515246716,0.0,0.0,0.021389025515246716,0.0,0.0,0.021389025515246716,0.5,0.061114897876815025
1,expected,0.25,False,False,100,100,normal,0.4,2.0,2.0,1.25,0.3,0.247722800634371,0.25276834462168357,0.2578138886089962,0.26285943259630873,0.26790497658362133,0.2729505205709339,0.2779960645582465,0.28304160854555904,0.28808715253287165,0.2931326965201842,0.2981782405074968,0.30322378449480936,0.30826932848212196,0.31331487246943457,0.3183604164567471,0.3234059604440597,0.3284515044313723,0.3334970484186849,0.33854259240599743,0.34358813639331004,0.3486336803806226,0.3536792243679352,0.3587247683552478,0.36377031234256035,0.3688158563298729,0.3738614003171855,0.3789069443044981,0.3839524882918107,0.3889980322791233,0.3940435762664358,0.39908912025374843,0.40413466424106104,0.4091802082283736,0.41422575221568614,0.41927129620299874,0.42431684019031135,0.4293623841776239,0.43440792816493645,0.43945347215224906,0.44449901613956166,0.44954456012687427,0.4545901041141868,0.45963564810149937,0.464681192088812,0.4697267360761246,0.47477228006343714,0.4798178240507497,0.4848633680380623,0.4899089120253749,0.4949544560126875,0.5,0.5050455439873126,0.5100910879746252,0.5151366319619378,0.5201821759492504,0.5252277199365629,0.5302732639238755,0.5353188079111881,0.5403643518985007,0.5454098958858132,0.5504554398731258,0.5555009838604384,0.560546527847751,0.5655920718350635,0.5706376158223762,0.5756831598096888,0.5807287037970014,0.585774247784314,0.5908197917716265,0.5958653357589391,0.6009108797462517,0.6059564237335643,0.6110019677208768,0.6160475117081894,0.621093055695502,0.6261385996828146,0.6311841436701272,0.6362296876574397,0.6412752316447523,0.6463207756320649,0.6513663196193775,0.65641186360669,0.6614574075940026,0.6665029515813152,0.6715484955686278,0.6765940395559403,0.6816395835432529,0.6866851275305655,0.6917306715178781,0.6967762155051908,0.7018217594925032,0.7068673034798159,0.7119128474671285,0.7169583914544411,0.7220039354417536,0.7270494794290662,0.7320950234163788,0.7371405674036914,0.742186111391004,0.7472316553783165,0.7522771993656291,0.039638936951677736,0.0,0.0,0.03963893695167752,0.019819468475838976,0.01981946847583876,0.019819468475838976,0.0,0.03963893695167795,0.05945840542751628,0.019819468475838976,0.07927787390335504,0.11891681085503256,0.03963893695167795,0.05945840542751628,0.2576530901859067,0.05945840542751628,0.1585557478067118,0.33693096408925893,0.41620883799261854,0.2576530901859039,0.4756672434201302,0.6144035227510083,0.6738619281785253,0.5351256488476465,0.990973423791938,1.1297097031228094,1.2684459824536944,1.4270017302604066,1.486460135687907,1.7639326943496496,1.843210568253025,2.477433559479872,2.6756282442382324,2.7747255866174263,3.3693096408926264,3.1512954876583974,3.7855184788852037,4.221546785353656,5.014325524387206,5.153061803718135,5.351256488476524,5.9260210742757895,5.74764585799324,5.767465326469143,6.0052989481792105,6.3025909753167255,6.084576822082499,5.509812236283175,5.529631704759136,5.529631704759014,5.509812236283175,6.084576822082499,6.3025909753167255,6.005298948179276,5.76746532646908,5.74764585799324,5.9260210742757895,5.351256488476583,5.153061803718078,5.014325524387206,4.221546785353656,3.7855184788852863,3.1512954876583628,3.369309640892589,2.7747255866174263,2.6756282442382324,2.4774335594798993,1.8432105682530047,1.7639326943496496,1.486460135687907,1.427001730260422,1.2684459824536807,1.1297097031228094,0.990973423791938,0.5351256488476465,0.6738619281785327,0.6144035227510016,0.4756672434201302,0.2576530901859039,0.4162088379926231,0.33693096408925893,0.15855574780671008,0.05945840542751628,0.25765309018590954,0.05945840542751628,0.03963893695167752,0.11891681085503256,0.07927787390335504,0.019819468475839194,0.05945840542751628,0.03963893695167752,0.0,0.019819468475839194,0.01981946847583876,0.01981946847583876,0.03963893695167752,0.0,0.0,0.03963893695167752,0.5,0.06308444416986676
1,expected,0.25,False,False,100,100,normal,0.4,2.0,2.0,1.25,0.4,0.2691801193436282,0.2737965169567556,0.27841291456988304,0.2830293121830105,0.2876457097961379,0.29226210740926534,0.29687850502239277,0.30149490263552026,0.3061113002486477,0.3107276978617751,0.31534409547490255,0.31996049308803,0.3245768907011574,0.32919328831428485,0.3338096859274123,0.3384260835405397,0.34304248115366714,0.3476588787667946,0.35227527637992206,0.35689167399304944,0.36150807160617693,0.36612446921930436,0.3707408668324318,0.3753572644455592,0.37997366205868666,0.3845900596718141,0.3892064572849415,0.39382285489806895,0.3984392525111964,0.40305565012432387,0.40767204773745125,0.41228844535057874,0.4169048429637061,0.4215212405768336,0.426137638189961,0.43075403580308846,0.4353704334162159,0.43998683102934333,0.44460322864247076,0.4492196262555982,0.4538360238687256,0.45845242148185306,0.46306881909498054,0.4676852167081079,0.4723016143212354,0.4769180119343628,0.48153440954749027,0.48615080716061765,0.49076720477374514,0.49538360238687257,0.5,0.5046163976131275,0.5092327952262549,0.5138491928393822,0.5184655904525097,0.5230819880656372,0.5276983856787646,0.532314783291892,0.5369311809050195,0.5415475785181469,0.5461639761312744,0.5507803737444018,0.5553967713575292,0.5600131689706567,0.5646295665837842,0.5692459641969115,0.5738623618100389,0.5784787594231664,0.5830951570362939,0.5877115546494213,0.5923279522625486,0.5969443498756761,0.6015607474888036,0.6061771451019311,0.6107935427150585,0.6154099403281859,0.6200263379413133,0.6246427355544408,0.6292591331675682,0.6338755307806956,0.6384919283938231,0.6431083260069506,0.6477247236200779,0.6523411212332053,0.6569575188463328,0.6615739164594603,0.6661903140725878,0.6708067116857152,0.6754231092988425,0.68003950691197,0.6846559045250975,0.6892723021382249,0.6938886997513523,0.6985050973644797,0.7031214949776072,0.7077378925907346,0.7123542902038621,0.7169706878169895,0.721587085430117,0.7262034830432444,0.7308198806563718,0.021661912248553874,0.0,0.10830956124276939,0.0,0.0,0.021661912248553874,0.0,0.0,0.10830956124276939,0.04332382449710775,0.10830956124276939,0.173295297988431,0.15163338573987714,0.10830956124276939,0.3899144204739698,0.43323824497107755,0.4115763327225237,0.3032667714797506,0.5198858939652994,0.563209718462394,0.5848716307109546,0.8014907531964934,0.9964479634334783,1.2997147349132327,1.4080242961560019,1.4080242961560019,1.4946719451502175,1.9712340146184029,1.9495721023698254,2.0362197513640887,2.1878531371039154,2.4261341718380636,2.9026962413061845,3.487567872017216,3.8558203802425437,3.704186994502713,4.1590871517223444,4.072439502728129,4.895592168173176,4.24573480071656,5.242182764150038,4.982239817167332,5.02556364166456,5.935363956103691,5.848716307109617,5.567111447878279,6.043673517346604,5.675421009121047,5.068887466161607,5.5671114478783466,5.567111447878279,5.0688874661616685,5.675421009121184,6.043673517346459,5.567111447878279,5.848716307109617,5.935363956103833,5.025563641664439,4.982239817167332,5.242182764149975,4.245734800716611,4.895592168173235,4.07243950272808,4.159087151722294,3.7041869945027575,3.855820380242637,3.487567872017132,2.9026962413061845,2.4261341718380636,2.187853137103968,2.03621975136404,1.9495721023698254,1.9712340146183789,1.4946719451502355,1.4080242961560188,1.408024296155985,1.299714734913217,0.9964479634334903,0.8014907531965031,0.5848716307109476,0.563209718462394,0.5198858939652994,0.30326677147975795,0.4115763327225187,0.43323824497107233,0.3899144204739651,0.10830956124277068,0.15163338573987897,0.17329529798842894,0.10830956124276808,0.043323824497108275,0.10830956124277068,0.0,0.0,0.021661912248554138,0.0,0.0,0.10830956124276808,0.0,0.021661912248554138,0.5,0.06560606787105261
1,expected,0.25,False,False,100,100,normal,0.4,2.0,2.0,1.5,0.1,0.26335758070769816,0.2680904290935442,0.2728232774793902,0.27755612586523626,0.2822889742510823,0.2870218226369283,0.29175467102277436,0.2964875194086204,0.3012203677944664,0.30595321618031246,0.31068606456615855,0.3154189129520045,0.3201517613378506,0.32488460972369665,0.3296174581095427,0.3343503064953887,0.33908315488123475,0.3438160032670808,0.3485488516529268,0.35328170003877285,0.3580145484246189,0.3627473968104649,0.36748024519631095,0.372213093582157,0.376945941968003,0.38167879035384905,0.3864116387396951,0.3911444871255412,0.39587733551138715,0.40061018389723324,0.4053430322830792,0.4100758806689253,0.4148087290547713,0.4195415774406174,0.42427442582646335,0.42900727421230944,0.4337401225981554,0.4384729709840015,0.44320581936984754,0.4479386677556936,0.4526715161415396,0.45740436452738564,0.4621372129132317,0.4668700612990777,0.47160290968492374,0.4763357580707698,0.4810686064566158,0.48580145484246184,0.4905343032283079,0.4952671516141539,0.5,0.504732848385846,0.5094656967716921,0.514198545157538,0.5189313935433841,0.5236642419292301,0.5283970903150762,0.5331299387009223,0.5378627870867683,0.5425956354726142,0.5473284838584603,0.5520613322443064,0.5567941806301524,0.5615270290159984,0.5662598774018445,0.5709927257876906,0.5757255741735365,0.5804584225593825,0.5851912709452286,0.5899241193310747,0.5946569677169207,0.5993898161027666,0.6041226644886127,0.6088555128744588,0.6135883612603048,0.6183212096461509,0.623054058031997,0.627786906417843,0.6325197548036889,0.637252603189535,0.6419854515753811,0.6467182999612271,0.6514511483470731,0.6561839967329192,0.6609168451187653,0.6656496935046112,0.6703825418904572,0.6751153902763033,0.6798482386621494,0.6845810870479954,0.6893139354338413,0.6940467838196874,0.6987796322055335,0.7035124805913795,0.7082453289772255,0.7129781773630716,0.7177110257489177,0.7224438741347636,0.7271767225206097,0.7319095709064558,0.7366424192923018,0.021128925299838064,0.0,0.0,0.0,0.021128925299838064,0.021128925299838064,0.021128925299838064,0.0,0.0,0.0,0.021128925299838314,0.021128925299837818,0.021128925299838064,0.08451570119935226,0.08451570119935226,0.10564462649919032,0.08451570119935226,0.08451570119935226,0.12677355179902838,0.25354710359805677,0.38032065539708515,0.25354710359805677,0.5493520577957897,0.5916099083954658,0.7183834601944942,0.8240280866936844,1.140961966191242,1.1620908914911072,1.3522512191896203,1.7325718745867416,2.0283768287844306,1.964990052884963,2.4932131853808626,2.3241817829822145,3.2749834214748614,3.6130462262723513,3.6553040768719423,4.162398284068098,4.310300761166965,4.458203238265831,5.725938756256116,5.366747026158868,5.768196606855791,5.8527123080551435,6.634482544149152,6.507708992350123,6.613353618849313,7.416252780243161,6.909158573047047,6.8880296477471274,6.888029647747289,6.909158573046965,7.416252780243248,6.613353618849236,6.507708992350199,6.6344825441490745,5.852712308055075,5.768196606855859,5.366747026158931,5.725938756256048,4.45820323826578,4.310300761167015,4.162398284068147,3.6553040768719423,3.6130462262722665,3.2749834214749383,2.3241817829822145,2.4932131853808626,1.964990052884917,2.0283768287844777,1.7325718745867416,1.3522512191896203,1.16209089149108,1.1409619661912687,0.8240280866936748,0.7183834601944857,0.5916099083954728,0.5493520577957961,0.2535471035980538,0.3803206553970807,0.2535471035980597,0.12677355179902985,0.08451570119935127,0.08451570119935127,0.10564462649919155,0.08451570119935325,0.08451570119935127,0.021128925299837818,0.021128925299838314,0.021128925299838314,0.0,0.0,0.0,0.021128925299838314,0.021128925299837818,0.021128925299837818,0.0,0.0,0.0,0.021128925299838314,0.5,0.05597603035415497
1,expected,0.25,False,False,100,100,normal,0.4,2.0,2.0,1.5,0.2,0.2566904798463053,0.2615566702493792,0.2664228606524531,0.271289051055527,0.2761552414586009,0.2810214318616747,0.2858876222647486,0.2907538126678225,0.2956200030708964,0.3004861934739703,0.3053523838770442,0.3102185742801181,0.315084764683192,0.3199509550862659,0.3248171454893398,0.3296833358924137,0.3345495262954876,0.3394157166985615,0.34428190710163536,0.34914809750470926,0.35401428790778317,0.35888047831085707,0.36374666871393097,0.36861285911700487,0.37347904952007877,0.37834523992315267,0.3832114303262265,0.3880776207293004,0.3929438111323743,0.3978100015354482,0.4026761919385221,0.407542382341596,0.4124085727446699,0.4172747631477438,0.4221409535508177,0.4270071439538916,0.4318733343569655,0.4367395247600394,0.4416057151631133,0.4464719055661872,0.45133809596926106,0.45620428637233496,0.46107047677540886,0.46593666717848276,0.47080285758155666,0.47566904798463056,0.4805352383877044,0.4854014287907783,0.4902676191938522,0.4951338095969261,0.5,0.5048661904030739,0.5097323808061478,0.5145985712092217,0.5194647616122956,0.5243309520153695,0.5291971424184434,0.5340633328215173,0.5389295232245912,0.543795713627665,0.548661904030739,0.5535280944338128,0.5583942848368868,0.5632604752399606,0.5681266656430346,0.5729928560461084,0.5778590464491824,0.5827252368522562,0.5875914272553302,0.592457617658404,0.5973238080614779,0.6021899984645518,0.6070561888676257,0.6119223792706996,0.6167885696737735,0.6216547600768474,0.6265209504799213,0.6313871408829952,0.6362533312860691,0.641119521689143,0.6459857120922168,0.6508519024952908,0.6557180928983646,0.6605842833014386,0.6654504737045124,0.6703166641075864,0.6751828545106602,0.6800490449137342,0.684915235316808,0.689781425719882,0.6946476161229558,0.6995138065260297,0.7043799969291036,0.7092461873321775,0.7141123777352514,0.7189785681383253,0.7238447585413992,0.7287109489444731,0.733577139347547,0.7384433297506209,0.7433095201536948,0.020549956273151888,0.0,0.0,0.0,0.0,0.0,0.0,0.0,0.06164986881945566,0.0,0.020549956273151888,0.0,0.08219982509260755,0.08219982509260755,0.1438496939120632,0.06164986881945566,0.12329973763891132,0.14384969391206484,0.24659947527782264,0.3082493440972783,0.3493492566435821,0.3904491691898858,0.5342988631019491,0.7603483821066198,1.0274978136575943,0.9041980760186933,0.9041980760186831,1.3973970265743283,1.41794698284748,1.993345758495733,1.9522458459494294,2.1782953649541,2.8153440094218083,2.692044271782897,3.1235933535190865,2.733144184329201,4.130541210903529,3.986691516991466,4.274390904815593,4.788139811644444,4.705939986551782,5.44573841238525,5.301888718473187,5.795087669028832,6.062237100579806,6.329386532130854,6.617085919954907,7.048635001691098,5.938937362940895,5.856737537848288,5.856737537848288,5.938937362940895,7.048635001691098,6.617085919954907,6.329386532130782,6.062237100579806,5.795087669028832,5.301888718473187,5.445738412385374,4.705939986551675,4.788139811644498,4.274390904815495,3.986691516991557,4.130541210903434,2.733144184329263,3.1235933535190155,2.6920442717829585,2.8153440094217443,2.17829536495415,1.9522458459494294,1.993345758495733,1.41794698284748,1.3973970265743283,0.9041980760186831,0.9041980760186831,1.0274978136575943,0.7603483821066198,0.5342988631019491,0.3904491691898858,0.34934925664359,0.3082493440972712,0.2465994752778283,0.14384969391205993,0.12329973763891415,0.06164986881945425,0.14384969391206648,0.08219982509260566,0.08219982509260942,0.0,0.020549956273152356,0.0,0.06164986881945566,0.0,0.0,0.0,0.0,0.0,0.0,0.0,0.020549956273151888,0.5,0.060045063477067756
1,expected,0.25,False,False,100,100,normal,0.4,2.0,2.0,1.5,0.3,0.2664964839311668,0.2711665542525435,0.27583662457392016,0.2805066948952968,0.28517676521667346,0.28984683553805013,0.2945169058594268,0.2991869761808035,0.30385704650218015,0.3085271168235568,0.31319718714493344,0.3178672574663101,0.3225373277876868,0.32720739810906346,0.3318774684304401,0.33654753875181675,0.34121760907319343,0.3458876793945701,0.3505577497159468,0.35522782003732345,0.3598978903587001,0.3645679606800768,0.3692380310014534,0.3739081013228301,0.37857817164420676,0.38324824196558344,0.38791831228696005,0.39258838260833673,0.3972584529297134,0.4019285232510901,0.40659859357246675,0.4112686638938434,0.4159387342152201,0.42060880453659677,0.4252788748579734,0.42994894517935006,0.43461901550072674,0.43928908582210335,0.44395915614348,0.4486292264648567,0.4532992967862334,0.45796936710761005,0.4626394374289867,0.4673095077503634,0.47197957807174007,0.47664964839311674,0.48131971871449336,0.48598978903587003,0.4906598593572467,0.4953299296786233,0.5,0.5046700703213767,0.5093401406427533,0.51401021096413,0.5186802812855067,0.5233503516068834,0.52802042192826,0.5326904922496367,0.5373605625710134,0.5420306328923901,0.5467007032137667,0.5513707735351434,0.55604084385652,0.5607109141778966,0.5653809844992733,0.57005105482065,0.5747211251420267,0.5793911954634032,0.5840612657847799,0.5887313361061566,0.5934014064275333,0.5980714767489099,0.6027415470702866,0.6074116173916633,0.61208168771304,0.6167517580344166,0.6214218283557933,0.62609189867717,0.6307619689985466,0.6354320393199233,0.6401021096413,0.6447721799626767,0.6494422502840533,0.65411232060543,0.6587823909268067,0.6634524612481832,0.6681225315695599,0.6727926018909366,0.6774626722123133,0.6821327425336899,0.6868028128550666,0.6914728831764432,0.6961429534978198,0.7008130238191965,0.7054830941405732,0.7101531644619499,0.7148232347833265,0.7194933051047032,0.7241633754260799,0.7288334457474566,0.7335035160688332,0.021412953792636115,0.0,0.0,0.04282590758527223,0.021412953792636115,0.021412953792636115,0.06423886137790835,0.06423886137790835,0.021412953792636115,0.06423886137790911,0.10706476896318057,0.08565181517054446,0.17130363034108892,0.1498906765484546,0.1284777227558167,0.021412953792636115,0.1284777227558167,0.23554249171899724,0.2783683993042695,0.49249793723063057,0.5139108910232668,0.5139108910232729,0.9207570130833528,0.7494533827422639,0.9207570130833528,1.1991254123876367,1.113473597217078,1.6487974420329807,2.034230610300431,1.905752887544614,2.3340119633973364,2.2055342406415197,2.5053155937384255,2.6123803627016366,2.890748762005875,3.554550329577595,3.7472669137113646,4.089874174393498,4.432481435075676,4.882153464721034,4.79650164955049,5.310412540573756,5.631606847463298,5.396064355744301,6.3382343226202895,6.659428629509911,6.809319306058284,6.616602721924559,6.595189768132001,6.017040015730748,6.017040015730748,6.595189768131923,6.616602721924559,6.809319306058284,6.659428629509831,6.3382343226202895,5.396064355744301,5.631606847463298,5.310412540573756,4.79650164955049,4.882153464721034,4.432481435075781,4.089874174393498,3.7472669137113197,3.554550329577595,2.890748762005875,2.612380362701668,2.5053155937384255,2.2055342406415197,2.3340119633973364,1.905752887544614,2.034230610300431,1.6487974420329807,1.113473597217078,1.1991254123876225,0.9207570130833528,0.7494533827422639,0.9207570130833528,0.5139108910232668,0.5139108910232668,0.49249793723063057,0.2783683993042695,0.23554249171899724,0.1284777227558167,0.02141295379263662,0.1284777227558167,0.1498906765484528,0.17130363034108892,0.08565181517054446,0.10706476896318057,0.06423886137790986,0.021412953792636115,0.06423886137790835,0.06423886137790835,0.021412953792636115,0.021412953792636115,0.04282590758527223,0.0,0.0,0.021412953792636115,0.5,0.06074508113515499
1,expected,0.25,False,False,100,100,normal,0.4,2.0,2.0,1.5,0.4,0.22618357975273493,0.23165990815768023,0.23713623656262553,0.24261256496757083,0.24808889337251613,0.25356522177746144,0.2590415501824067,0.26451787858735204,0.26999420699229737,0.27547053539724264,0.2809468638021879,0.28642319220713325,0.2918995206120786,0.29737584901702385,0.3028521774219691,0.30832850582691446,0.3138048342318598,0.31928116263680506,0.32475749104175033,0.33023381944669566,0.335710147851641,0.34118647625658627,0.34666280466153154,0.3521391330664769,0.3576154614714222,0.3630917898763675,0.36856811828131275,0.3740444466862581,0.3795207750912034,0.3849971034961487,0.39047343190109396,0.3959497603060393,0.4014260887109846,0.4069024171159299,0.41237874552087517,0.4178550739258205,0.4233314023307658,0.4288077307357111,0.4342840591406564,0.4397603875456017,0.44523671595054704,0.4507130443554923,0.4561893727604376,0.4616657011653829,0.46714202957032824,0.4726183579752735,0.4780946863802188,0.4835710147851642,0.48904734319010945,0.4945236715950547,0.5,0.5054763284049454,0.5109526568098907,0.5164289852148359,0.5219053136197812,0.5273816420247266,0.5328579704296719,0.5383342988346171,0.5438106272395624,0.5492869556445078,0.5547632840494531,0.5602396124543984,0.5657159408593436,0.571192269264289,0.5766685976692343,0.5821449260741796,0.5876212544791248,0.5930975828840702,0.5985739112890155,0.6040502396939608,0.609526568098906,0.6150028965038514,0.6204792249087967,0.625955553313742,0.6314318817186872,0.6369082101236326,0.6423845385285779,0.6478608669335232,0.6533371953384685,0.6588135237434138,0.6642898521483591,0.6697661805533044,0.6752425089582497,0.680718837363195,0.6861951657681403,0.6916714941730856,0.6971478225780309,0.7026241509829763,0.7081004793879215,0.7135768077928668,0.7190531361978121,0.7245294646027575,0.7300057930077027,0.735482121412648,0.7409584498175934,0.7464347782225387,0.751911106627484,0.7573874350324292,0.7628637634373745,0.7683400918423199,0.7738164202472652,0.018260409640462168,0.0,0.0,0.0,0.0,0.018260409640462258,0.0,0.0,0.018260409640462258,0.054781228921386774,0.03652081928092415,0.0,0.018260409640462258,0.0,0.03652081928092415,0.0730416385618483,0.036520819280924516,0.10956245784277355,0.1460832771236966,0.21912491568554493,0.16434368676416033,0.2739061446069339,0.4199894217306277,0.5112914699329381,0.6025935181352546,0.7486767952589526,0.8034580241803314,0.9495413013040279,1.2051870362705093,1.259968265191896,1.3512703133941935,1.7712597351248212,2.081686699012698,2.1912491568554713,2.7938426749906977,2.90340513283347,3.2503529160022824,3.4146966027664427,3.5242590606091806,4.126852578744429,4.36423790407048,5.222477157172206,5.971153952431099,4.857268964362912,5.879851904228848,5.697247807824225,5.752029036745495,6.208539277757168,6.0441955909930085,6.172018458476244,6.172018458476119,6.0441955909930085,6.208539277757168,5.752029036745611,5.69724780782411,5.879851904228848,4.857268964362961,5.971153952431159,5.222477157172101,4.36423790407048,4.1268525787444705,3.524259060609216,3.414696602766374,3.2503529160022824,2.9034051328334995,2.793842674990726,2.191249156855427,2.081686699012698,1.7712597351248394,1.3512703133942072,1.2599682651918704,1.2051870362705093,0.9495413013040376,0.8034580241803394,0.7486767952589375,0.6025935181352546,0.5112914699329433,0.419989421730632,0.27390614460692836,0.16434368676416033,0.2191249156855471,0.14608327712369806,0.10956245784277134,0.036520819280924516,0.07304163856184903,0.036520819280924516,0.0,0.018260409640462258,0.0,0.036520819280924516,0.05478122892138567,0.018260409640462258,0.0,0.0,0.018260409640462258,0.0,0.0,0.0,0.0,0.018260409640462258,0.5,0.06338438428128648
